1	10
1	12
1	41
1	51
1	59
1	70
1	74
1	75
1	78
1	80
1	91
1	97
1	104
1	108
1	110
1	121
1	195
1	199
1	254
1	265
1	283
1	290
1	337
1	356
1	378
1	428
1	441
1	455
1	460
1	483
1	502
1	515
1	532
1	539
1	540
1	627
1	694
1	706
1	750
1	765
1	780
1	814
1	818
1	862
1	884
1	941
1	943
1	948
2	5
2	13
2	17
2	21
2	34
2	37
2	53
2	71
2	73
2	76
2	94
2	96
2	99
2	105
2	112
2	123
2	149
2	190
2	222
2	289
2	311
2	315
2	317
2	336
2	404
2	406
2	411
2	412
2	423
2	427
2	447
2	459
2	474
2	554
2	573
2	586
2	636
2	651
2	698
2	714
2	855
2	891
2	950
2	964
2	966
2	982
3	4
3	5
3	28
3	36
3	40
3	42
3	49
3	61
3	72
3	86
3	109
3	144
3	159
3	167
3	194
3	229
3	236
3	237
3	238
3	240
3	244
3	307
3	347
3	364
3	369
3	372
3	410
3	473
3	547
3	562
3	592
3	594
3	658
3	712
3	726
3	729
3	734
3	754
3	768
3	785
3	810
3	827
3	839
3	862
3	974
4	28
4	36
4	40
4	42
4	45
4	54
4	61
4	72
4	76
4	77
4	86
4	93
4	109
4	144
4	159
4	167
4	178
4	191
4	194
4	228
4	240
4	241
4	275
4	410
4	487
4	490
4	529
4	562
4	603
4	615
4	645
4	664
4	677
4	689
4	712
4	726
4	729
4	731
4	734
4	760
4	826
4	839
4	862
5	13
5	17
5	21
5	34
5	37
5	53
5	71
5	73
5	82
5	94
5	97
5	99
5	105
5	149
5	168
5	169
5	208
5	289
5	294
5	336
5	355
5	377
5	406
5	427
5	459
5	461
5	476
5	525
5	644
5	651
5	753
5	758
5	788
5	793
5	812
5	891
5	901
5	916
5	921
5	933
5	947
5	949
6	7
6	15
6	18
6	25
6	27
6	38
6	47
6	60
6	67
6	87
6	97
6	116
6	135
6	136
6	146
6	151
6	163
6	179
6	203
6	215
6	276
6	308
6	319
6	332
6	358
6	390
6	435
6	445
6	452
6	498
6	503
6	549
6	570
6	612
6	716
6	744
6	775
6	817
6	835
6	838
6	866
6	902
6	910
6	956
7	25
7	27
7	38
7	60
7	87
7	89
7	114
7	116
7	119
7	142
7	180
7	202
7	207
7	218
7	277
7	279
7	304
7	308
7	332
7	358
7	380
7	396
7	419
7	452
7	485
7	493
7	523
7	549
7	560
7	630
7	634
7	648
7	687
7	701
7	707
7	727
7	762
7	803
7	817
7	819
7	958
7	988
8	14
8	58
8	61
8	62
8	67
8	88
8	100
8	127
8	130
8	137
8	139
8	158
8	165
8	213
8	251
8	267
8	301
8	327
8	330
8	382
8	394
8	405
8	492
8	555
8	563
8	565
8	602
8	609
8	623
8	633
8	647
8	684
8	743
8	803
8	825
8	832
8	833
8	865
8	885
8	906
8	967
8	981
8	989
9	20
9	29
9	31
9	43
9	49
9	64
9	90
9	106
9	113
9	124
9	210
9	215
9	226
9	230
9	250
9	255
9	262
9	272
9	282
9	284
9	285
9	312
9	329
9	381
9	407
9	416
9	429
9	446
9	453
9	464
9	538
9	641
9	669
9	730
9	739
9	774
9	801
9	824
9	870
9	890
9	924
10	12
10	41
10	51
10	74
10	80
10	107
10	112
10	121
10	170
10	186
10	196
10	199
10	259
10	263
10	269
10	322
10	359
10	398
10	428
10	437
10	441
10	463
10	465
10	512
10	532
10	539
10	576
10	604
10	645
10	660
10	685
10	764
10	836
10	841
10	922
10	937
10	939
10	950
10	957
10	963
11	15
11	16
11	23
11	39
11	55
11	65
11	66
11	69
11	81
11	98
11	125
11	138
11	140
11	142
11	157
11	201
11	206
11	274
11	328
11	345
11	370
11	376
11	385
11	438
11	457
11	509
11	533
11	559
11	585
11	613
11	637
11	713
11	789
11	792
11	798
11	819
11	877
11	882
11	887
11	985
12	41
12	50
12	51
12	70
12	78
12	80
12	97
12	104
12	107
12	110
12	131
12	186
12	200
12	204
12	214
12	225
12	257
12	259
12	309
12	313
12	333
12	356
12	368
12	399
12	441
12	460
12	463
12	484
12	500
12	502
12	512
12	539
12	540
12	706
12	777
12	841
12	986
13	17
13	21
13	25
13	34
13	37
13	76
13	99
13	105
13	149
13	173
13	208
13	211
13	222
13	234
13	311
13	317
13	318
13	338
13	355
13	411
13	461
13	517
13	521
13	550
13	573
13	624
13	628
13	655
13	690
13	698
13	753
13	755
13	829
13	837
13	868
13	947
13	950
14	43
14	58
14	62
14	67
14	88
14	100
14	127
14	136
14	137
14	165
14	184
14	256
14	260
14	267
14	301
14	305
14	325
14	330
14	373
14	418
14	432
14	492
14	553
14	555
14	633
14	678
14	684
14	719
14	738
14	811
14	825
14	859
14	942
14	965
14	981
14	993
14	997
15	16
15	23
15	26
15	39
15	65
15	66
15	81
15	84
15	133
15	140
15	225
15	274
15	288
15	303
15	348
15	352
15	370
15	376
15	398
15	409
15	509
15	520
15	528
15	531
15	567
15	613
15	620
15	637
15	642
15	708
15	710
15	798
15	929
15	975
15	984
16	23
16	26
16	39
16	65
16	66
16	81
16	84
16	125
16	140
16	160
16	182
16	278
16	288
16	298
16	352
16	370
16	386
16	415
16	446
16	453
16	457
16	507
16	528
16	559
16	568
16	585
16	599
16	621
16	673
16	674
16	778
16	798
16	900
16	935
16	984
17	23
17	27
17	34
17	37
17	53
17	94
17	105
17	123
17	164
17	168
17	247
17	294
17	311
17	318
17	355
17	404
17	406
17	447
17	459
17	525
17	586
17	636
17	690
17	714
17	742
17	745
17	748
17	837
17	860
17	888
17	914
17	971
17	982
17	990
18	25
18	27
18	45
18	60
18	79
18	82
18	101
18	126
18	142
18	180
18	189
18	218
18	221
18	253
18	277
18	308
18	314
18	334
18	435
18	452
18	482
18	489
18	498
18	501
18	598
18	634
18	702
18	732
18	799
18	810
18	838
18	842
18	849
18	892
18	910
19	32
19	50
19	57
19	64
19	70
19	75
19	78
19	80
19	152
19	156
19	257
19	259
19	269
19	293
19	297
19	310
19	333
19	368
19	378
19	391
19	437
19	441
19	455
19	479
19	515
19	532
19	540
19	572
19	605
19	629
19	645
19	685
19	746
19	841
19	884
19	963
20	29
20	31
20	49
20	84
20	90
20	106
20	113
20	226
20	230
20	250
20	255
20	262
20	266
20	282
20	329
20	341
20	344
20	381
20	416
20	429
20	446
20	453
20	504
20	514
20	518
20	538
20	550
20	622
20	667
20	730
20	801
20	824
20	924
20	973
21	34
21	64
21	68
21	71
21	73
21	76
21	82
21	94
21	105
21	123
21	136
21	149
21	164
21	173
21	211
21	222
21	252
21	294
21	315
21	336
21	377
21	388
21	447
21	459
21	475
21	624
21	767
21	797
21	872
21	966
21	971
22	24
22	33
22	35
22	48
22	95
22	104
22	141
22	150
22	156
22	162
22	174
22	175
22	176
22	188
22	192
22	233
22	320
22	324
22	362
22	431
22	458
22	481
22	513
22	522
22	595
22	649
22	666
22	718
22	723
22	908
22	912
22	925
22	946
22	968
23	26
23	38
23	39
23	55
23	65
23	66
23	81
23	84
23	98
23	144
23	157
23	160
23	182
23	201
23	225
23	288
23	298
23	303
23	397
23	409
23	509
23	559
23	567
23	621
23	710
23	711
23	766
23	792
23	819
23	922
24	33
24	35
24	48
24	95
24	125
24	156
24	176
24	188
24	192
24	198
24	220
24	261
24	324
24	374
24	386
24	416
24	431
24	438
24	513
24	546
24	610
24	625
24	649
24	666
24	672
24	709
24	911
24	925
24	930
24	940
24	946
24	951
24	961
25	27
25	38
25	60
25	101
25	116
25	119
25	135
25	146
25	163
25	179
25	180
25	189
25	212
25	253
25	277
25	279
25	332
25	351
25	402
25	436
25	493
25	572
25	587
25	591
25	639
25	716
25	727
25	762
25	849
25	955
26	55
26	64
26	65
26	66
26	69
26	84
26	129
26	140
26	157
26	160
26	171
26	274
26	352
26	370
26	376
26	385
26	393
26	531
26	567
26	640
26	642
26	656
26	674
26	704
26	711
26	713
26	778
26	806
26	929
26	983
27	45
27	47
27	101
27	147
27	180
27	189
27	218
27	224
27	232
27	262
27	276
27	314
27	380
27	430
27	480
27	497
27	498
27	549
27	553
27	560
27	570
27	583
27	590
27	591
27	643
27	663
27	692
27	732
28	36
28	40
28	42
28	61
28	72
28	77
28	86
28	93
28	100
28	109
28	167
28	241
28	244
28	281
28	449
28	473
28	478
28	487
28	529
28	562
28	574
28	588
28	603
28	677
28	693
28	726
28	734
28	865
28	875
28	928
29	31
29	49
29	88
29	90
29	113
29	124
29	206
29	226
29	230
29	250
29	255
29	262
29	266
29	282
29	284
29	341
29	344
29	407
29	416
29	453
29	550
29	582
29	600
29	632
29	667
29	680
29	739
29	774
29	844
29	870
30	44
30	56
30	85
30	101
30	102
30	103
30	104
30	115
30	122
30	145
30	148
30	172
30	175
30	222
30	234
30	246
30	264
30	302
30	346
30	353
30	371
30	384
30	400
30	477
30	534
30	542
30	631
30	679
30	724
30	749
30	794
30	795
31	49
31	68
31	90
31	106
31	113
31	124
31	226
31	230
31	238
31	250
31	282
31	284
31	312
31	329
31	344
31	429
31	446
31	538
31	550
31	622
31	632
31	638
31	669
31	824
31	844
31	853
31	870
31	924
31	991
32	52
32	68
32	79
32	83
32	92
32	128
32	132
32	153
32	166
32	181
32	216
32	219
32	227
32	243
32	292
32	302
32	348
32	361
32	410
32	472
32	530
32	564
32	635
32	695
32	742
32	770
32	773
32	792
32	796
32	840
32	945
33	48
33	95
33	129
33	134
33	174
33	175
33	176
33	192
33	261
33	354
33	362
33	387
33	425
33	431
33	434
33	536
33	546
33	551
33	640
33	649
33	709
33	740
33	816
33	822
33	904
33	908
33	911
33	912
33	951
33	987
34	53
34	58
34	71
34	73
34	82
34	94
34	96
34	105
34	164
34	184
34	190
34	222
34	289
34	334
34	336
34	377
34	388
34	427
34	459
34	461
34	517
34	554
34	698
34	753
34	797
34	895
34	901
35	48
35	95
35	129
35	134
35	141
35	155
35	162
35	174
35	175
35	185
35	261
35	324
35	413
35	467
35	625
35	646
35	649
35	666
35	696
35	699
35	718
35	723
35	747
35	816
35	912
35	919
35	925
35	940
35	962
36	40
36	54
36	61
36	72
36	77
36	109
36	144
36	178
36	199
36	210
36	228
36	229
36	249
36	307
36	335
36	347
36	369
36	372
36	417
36	488
36	562
36	594
36	601
36	658
36	725
36	728
36	754
36	828
37	53
37	73
37	76
37	94
37	96
37	105
37	141
37	168
37	169
37	186
37	211
37	338
37	388
37	525
37	607
37	636
37	740
37	748
37	755
37	788
37	855
37	888
37	891
37	914
37	934
37	952
37	971
38	66
38	87
38	114
38	116
38	142
38	147
38	207
38	235
38	248
38	316
38	332
38	389
38	430
38	501
38	537
38	639
38	643
38	648
38	662
38	663
38	716
38	725
38	791
38	842
38	866
38	871
38	988
39	55
39	66
39	69
39	81
39	98
39	138
39	170
39	201
39	225
39	303
39	376
39	413
39	415
39	525
39	528
39	585
39	640
39	674
39	710
39	766
39	787
39	806
39	887
39	922
39	975
39	983
40	42
40	54
40	61
40	77
40	86
40	93
40	104
40	109
40	194
40	217
40	249
40	335
40	417
40	422
40	443
40	545
40	590
40	664
40	689
40	693
40	754
40	820
40	850
40	920
40	923
41	59
41	70
41	74
41	78
41	97
41	104
41	111
41	121
41	259
41	293
41	309
41	325
41	331
41	378
41	460
41	463
41	512
41	519
41	558
41	630
41	660
41	694
41	750
41	864
41	927
41	957
42	72
42	77
42	86
42	93
42	109
42	159
42	167
42	194
42	217
42	229
42	237
42	238
42	275
42	363
42	466
42	545
42	588
42	712
42	722
42	785
42	893
42	944
42	974
43	127
43	130
43	137
43	139
43	165
43	184
43	205
43	239
43	251
43	256
43	267
43	270
43	301
43	336
43	432
43	526
43	544
43	563
43	609
43	633
43	678
43	865
43	897
43	953
44	46
44	56
44	82
44	102
44	115
44	154
44	172
44	187
44	271
44	302
44	313
44	340
44	346
44	363
44	422
44	425
44	456
44	518
44	657
44	659
44	749
44	761
44	795
44	824
44	851
45	89
45	114
45	116
45	126
45	151
45	163
45	179
45	193
45	202
45	231
45	248
45	277
45	304
45	389
45	420
45	426
45	516
45	537
45	643
45	648
45	682
45	883
45	978
46	56
46	63
46	122
46	145
46	148
46	154
46	177
46	223
46	242
46	296
46	302
46	340
46	363
46	384
46	403
46	518
46	535
46	561
46	593
46	620
46	653
46	659
46	761
46	794
46	896
47	51
47	87
47	135
47	136
47	147
47	179
47	231
47	291
47	304
47	377
47	419
47	430
47	436
47	445
47	468
47	493
47	501
47	570
47	675
47	732
47	777
47	917
47	992
48	117
48	129
48	134
48	155
48	188
48	233
48	305
48	323
48	324
48	329
48	379
48	387
48	421
48	481
48	546
48	646
48	727
48	790
48	822
48	852
48	930
49	90
49	106
49	113
49	124
49	178
49	230
49	250
49	262
49	312
49	329
49	334
49	341
49	381
49	407
49	446
49	504
49	550
49	600
49	680
49	844
50	59
50	110
50	143
50	152
50	186
50	204
50	254
50	259
50	283
50	286
50	290
50	299
50	333
50	368
50	398
50	399
50	437
50	515
50	519
50	523
50	595
50	737
50	907
51	74
51	80
51	97
51	111
51	121
51	143
51	196
51	290
51	299
51	309
51	325
51	367
51	428
51	454
51	552
51	655
51	694
51	765
51	818
51	937
52	63
52	79
52	83
52	128
52	132
52	153
52	185
52	216
52	219
52	227
52	258
52	292
52	300
52	360
52	368
52	440
52	451
52	530
52	697
52	757
52	773
52	874
52	945
53	73
53	94
53	123
53	188
53	222
53	338
53	355
53	361
53	388
53	406
53	461
53	554
53	576
53	607
53	860
53	872
53	905
53	933
53	982
54	77
54	86
54	109
54	144
54	167
54	191
54	228
54	237
54	238
54	241
54	300
54	417
54	466
54	508
54	603
54	639
54	688
54	728
54	736
54	920
54	923
55	65
55	84
55	98
55	138
55	140
55	157
55	160
55	225
55	343
55	345
55	352
55	393
55	397
55	520
55	569
55	656
55	704
55	882
55	887
55	1000
56	103
56	154
56	172
56	183
56	246
56	296
56	313
56	425
56	469
56	471
56	527
56	541
56	561
56	665
56	681
56	685
56	705
56	724
56	795
56	821
56	854
57	59
57	70
57	74
57	80
57	91
57	113
57	121
57	204
57	245
57	246
57	299
57	309
57	322
57	337
57	357
57	414
57	441
57	455
57	512
57	576
57	772
57	918
57	986
58	62
58	100
58	137
58	158
58	239
58	260
58	314
58	418
58	432
58	486
58	492
58	553
58	563
58	614
58	686
58	832
58	906
58	909
58	953
58	981
59	70
59	75
59	80
59	91
59	105
59	186
59	195
59	196
59	214
59	254
59	272
59	286
59	297
59	333
59	460
59	483
59	571
59	618
59	831
60	180
60	203
60	212
60	231
60	253
60	314
60	316
60	319
60	383
60	402
60	419
60	450
60	479
60	489
60	683
60	715
60	803
60	892
60	896
61	72
61	109
61	167
61	178
61	191
61	228
61	240
61	249
61	410
61	443
61	451
61	487
61	508
61	754
61	828
61	928
61	974
62	67
62	88
62	95
62	139
62	158
62	213
62	251
62	260
62	270
62	285
62	327
62	330
62	405
62	492
62	544
62	563
62	686
62	859
62	919
62	942
63	68
63	83
63	86
63	128
63	132
63	243
63	258
63	280
63	300
63	360
63	433
63	440
63	442
63	472
63	505
63	580
63	697
63	796
63	900
63	938
63	945
64	69
64	92
64	99
64	124
64	174
64	251
64	273
64	275
64	278
64	291
64	306
64	352
64	434
64	519
64	607
64	711
64	725
64	806
64	884
65	84
65	98
65	125
65	138
65	182
65	217
65	274
65	288
65	370
65	397
65	533
65	656
65	673
65	708
65	731
65	790
65	877
66	69
66	84
66	133
66	140
66	160
66	182
66	225
66	298
66	397
66	548
66	568
66	640
66	704
66	710
66	798
67	88
67	100
67	130
67	137
67	139
67	158
67	184
67	256
67	260
67	270
67	408
67	418
67	432
67	555
67	602
67	686
67	756
67	973
68	83
68	92
68	128
68	132
68	227
68	258
68	292
68	300
68	348
68	360
68	524
68	543
68	584
68	635
68	763
68	808
68	840
68	885
69	125
69	140
69	157
69	201
69	274
69	280
69	385
69	415
69	533
69	567
69	599
69	613
69	640
69	789
69	790
69	819
69	935
70	78
70	81
70	97
70	170
70	186
70	263
70	269
70	367
70	398
70	463
70	500
70	510
70	539
70	691
70	814
70	994
71	123
71	169
71	190
71	208
71	211
71	216
71	315
71	317
71	355
71	386
71	411
71	459
71	525
71	655
71	755
71	837
71	914
71	977
72	144
72	185
72	194
72	209
72	236
72	244
72	281
72	307
72	308
72	335
72	544
72	722
72	729
72	828
72	845
72	944
73	82
73	173
73	211
73	247
73	311
73	318
73	355
73	388
73	476
73	517
73	554
73	577
73	607
73	651
73	860
73	977
74	75
74	108
74	143
74	186
74	309
74	326
74	342
74	367
74	394
74	414
74	483
74	502
74	604
74	644
74	660
74	682
74	972
75	85
75	97
75	286
75	290
75	295
75	306
75	331
75	337
75	357
75	441
75	454
75	539
75	552
75	645
75	677
75	772
75	880
75	963
76	82
76	96
76	148
76	211
76	447
76	474
76	476
76	525
76	586
76	651
76	714
76	758
76	793
76	872
76	891
76	947
76	977
77	93
77	109
77	167
77	205
77	229
77	281
77	372
77	488
77	508
77	545
77	588
77	717
77	736
77	768
77	820
77	893
78	97
78	121
78	131
78	152
78	263
78	309
78	343
78	359
78	367
78	454
78	540
78	629
78	665
78	879
78	927
78	939
78	972
79	132
79	166
79	181
79	216
79	227
79	243
79	300
79	396
79	433
79	472
79	505
79	598
79	611
79	635
79	717
79	805
79	886
79	913
80	111
80	112
80	165
80	186
80	290
80	295
80	297
80	309
80	326
80	331
80	356
80	437
80	776
80	884
81	84
81	98
81	112
81	125
81	157
81	201
81	385
81	415
81	457
81	531
81	548
81	568
81	778
81	792
81	929
82	96
82	105
82	123
82	168
82	190
82	252
82	318
82	651
82	755
82	788
82	793
82	847
82	895
82	969
83	92
83	166
83	219
83	258
83	280
83	303
83	334
83	440
83	472
83	505
83	524
83	564
83	757
83	809
83	840
83	885
83	936
84	138
84	140
84	157
84	160
84	206
84	210
84	298
84	385
84	559
84	673
84	929
84	985
85	91
85	115
85	122
85	172
85	183
85	187
85	223
85	271
85	353
85	363
85	382
85	400
85	456
85	535
85	593
85	724
85	783
85	854
85	881
86	93
86	109
86	197
86	199
86	240
86	307
86	347
86	443
86	478
86	820
86	827
86	850
86	928
87	101
87	119
87	151
87	180
87	185
87	231
87	257
87	365
87	426
87	450
87	587
87	606
87	650
87	747
87	956
87	978
88	100
88	127
88	213
88	251
88	256
88	327
88	373
88	492
88	555
88	650
88	897
88	906
88	909
88	919
88	993
89	101
89	126
89	136
89	276
89	279
89	291
89	316
89	322
89	390
89	420
89	452
89	480
89	506
89	590
89	791
89	866
89	896
89	902
90	106
90	113
90	250
90	266
90	268
90	282
90	284
90	294
90	344
90	381
90	504
90	667
90	870
90	966
90	991
91	101
91	108
91	110
91	200
91	204
91	245
91	254
91	265
91	269
91	391
91	398
91	465
91	483
91	556
91	780
91	818
92	104
92	216
92	243
92	280
92	361
92	530
92	697
92	717
92	742
92	770
92	773
92	781
92	815
92	840
92	885
92	913
93	159
93	197
93	217
93	237
93	238
93	240
93	335
93	413
93	487
93	688
93	722
93	826
93	850
93	992
94	96
94	164
94	190
94	208
94	247
94	252
94	315
94	338
94	462
94	521
94	628
94	767
94	804
95	134
95	155
95	174
95	320
95	323
95	354
95	362
95	374
95	379
95	625
95	626
95	716
95	903
95	968
95	987
96	164
96	169
96	222
96	252
96	274
96	282
96	315
96	575
96	860
96	872
96	901
96	966
96	969
97	110
97	121
97	131
97	195
97	342
97	460
97	484
97	618
97	931
97	997
98	125
98	133
98	160
98	201
98	345
98	352
98	409
98	507
98	567
98	766
98	864
98	900
98	938
99	194
99	203
99	206
99	278
99	339
99	459
99	466
99	521
99	558
99	589
99	638
99	671
99	702
99	773
99	995
100	113
100	139
100	158
100	184
100	260
100	267
100	418
100	802
100	811
100	825
100	859
100	919
100	967
101	114
101	136
101	224
101	304
101	436
101	493
101	514
101	716
101	720
101	784
101	869
101	871
102	103
102	118
102	148
102	151
102	177
102	242
102	273
102	296
102	302
102	339
102	363
102	375
102	384
102	541
102	653
102	735
102	889
103	115
103	122
103	127
103	172
103	177
103	246
103	290
103	346
103	350
103	375
103	395
103	425
103	477
103	631
103	681
103	878
104	126
104	195
104	210
104	252
104	295
104	306
104	320
104	624
104	720
104	788
104	834
104	958
105	149
105	164
105	173
105	377
105	474
105	575
105	748
105	812
105	916
105	966
106	124
106	226
106	229
106	250
106	255
106	266
106	268
106	329
106	381
106	504
106	582
106	600
106	669
106	843
107	110
107	111
107	170
107	239
107	245
107	254
107	293
107	331
107	337
107	378
107	451
107	483
107	700
107	939
107	941
107	970
107	972
108	121
108	195
108	196
108	257
108	265
108	312
108	356
108	359
108	441
108	465
108	556
108	558
108	772
108	843
108	848
108	858
109	167
109	178
109	197
109	281
109	334
109	369
109	394
109	490
109	658
110	152
110	195
110	263
110	342
110	449
110	455
110	605
110	618
110	682
110	843
110	930
110	986
111	196
111	200
111	214
111	263
111	265
111	283
111	297
111	331
111	333
111	465
111	596
111	629
111	682
111	879
112	168
112	169
112	180
112	199
112	206
112	284
112	298
112	358
112	469
112	479
112	508
112	547
112	687
112	700
113	226
113	272
113	312
113	344
113	429
113	446
113	582
113	641
113	739
113	991
114	147
114	189
114	218
114	232
114	278
114	314
114	435
114	482
114	514
114	549
114	606
114	747
114	799
114	846
115	122
115	148
115	154
115	199
115	210
115	287
115	340
115	375
115	400
115	620
115	659
115	679
115	749
115	821
116	119
116	126
116	146
116	232
116	253
116	319
116	332
116	662
116	725
116	727
116	791
116	838
116	893
117	129
117	141
117	150
117	156
117	158
117	162
117	175
117	188
117	220
117	320
117	323
117	324
117	379
117	491
117	551
117	721
117	954
118	120
118	145
118	154
118	155
118	172
118	177
118	183
118	234
118	346
118	350
118	422
118	471
118	527
118	534
118	653
118	761
119	147
119	151
119	171
119	179
119	235
119	389
119	485
119	587
119	639
119	668
119	744
119	869
119	955
120	122
120	123
120	154
120	172
120	177
120	223
120	350
120	363
120	382
120	395
120	411
120	527
120	534
120	721
120	751
120	876
121	152
121	170
121	186
121	391
121	430
121	580
121	848
121	858
121	976
122	183
122	287
122	296
122	313
122	375
122	444
122	631
122	723
122	752
122	881
122	889
123	149
123	173
123	289
123	294
123	311
123	394
123	427
123	461
123	636
123	895
124	230
124	250
124	268
124	279
124	284
124	407
124	446
124	504
124	600
124	680
124	924
125	138
125	182
125	201
125	298
125	370
125	393
125	568
125	713
125	736
125	985
126	151
126	179
126	203
126	221
126	235
126	412
126	560
126	612
126	650
126	668
126	777
126	866
127	130
127	256
127	301
127	327
127	432
127	486
127	492
127	522
127	553
127	565
127	719
127	833
128	132
128	153
128	224
128	227
128	292
128	321
128	530
128	611
128	635
128	717
128	805
128	808
128	809
129	150
129	155
129	192
129	198
129	261
129	334
129	448
129	467
129	491
129	522
129	740
129	954
130	137
130	165
130	184
130	213
130	327
130	343
130	405
130	439
130	563
130	652
130	771
130	832
131	143
131	170
131	185
131	254
131	269
131	368
131	403
131	428
131	455
131	519
131	540
131	660
131	880
132	166
132	181
132	348
132	360
132	433
132	442
132	501
132	549
132	697
132	781
133	138
133	157
133	182
133	225
133	397
133	531
133	548
133	559
133	630
133	704
133	935
133	984
133	985
134	141
134	188
134	233
134	305
134	354
134	448
134	495
134	536
134	718
134	882
134	926
134	961
135	142
135	180
135	193
135	203
135	285
135	326
135	380
135	412
135	480
135	501
135	654
135	759
135	830
136	146
136	212
136	218
136	224
136	412
136	420
136	587
136	663
136	835
136	910
137	139
137	165
137	205
137	251
137	256
137	544
137	623
137	800
137	832
137	919
138	225
138	288
138	345
138	569
138	640
138	778
138	877
138	929
138	983
139	186
139	239
139	260
139	486
139	553
139	619
139	684
139	743
139	771
139	817
140	206
140	303
140	415
140	451
140	457
140	637
140	789
140	887
141	161
141	192
141	233
141	261
141	305
141	379
141	467
141	608
141	709
141	904
141	968
142	232
142	339
142	489
142	514
142	654
142	687
142	747
142	817
142	955
142	988
143	204
143	245
143	306
143	391
143	401
143	463
143	512
143	831
143	836
143	962
143	986
144	171
144	178
144	194
144	249
144	275
144	372
144	487
144	615
144	664
145	318
145	371
145	400
145	403
145	495
145	579
145	593
145	657
145	670
145	782
145	807
145	998
146	147
146	202
146	221
146	380
146	390
146	419
146	434
146	506
146	530
146	813
146	995
147	202
147	304
147	314
147	389
147	462
147	482
147	663
147	715
147	894
148	154
148	183
148	237
148	246
148	287
148	302
148	542
148	579
148	735
148	761
149	190
149	247
149	336
149	427
149	573
149	586
149	705
149	934
149	950
150	155
150	156
150	188
150	323
150	355
150	374
150	421
150	491
150	551
150	626
150	926
150	940
151	207
151	210
151	221
151	319
151	468
151	498
151	662
151	702
151	867
152	245
152	299
152	310
152	356
152	437
152	439
152	500
152	507
152	658
152	864
153	227
153	300
153	360
153	433
153	543
153	584
153	610
153	717
153	796
153	815
153	886
153	945
154	183
154	187
154	246
154	264
154	273
154	447
154	834
154	851
155	188
155	192
155	198
155	324
155	496
155	546
155	696
155	723
156	161
156	220
156	305
156	349
156	374
156	431
156	646
156	666
156	852
157	288
157	585
157	669
157	713
157	779
157	984
158	184
158	251
158	270
158	492
158	647
158	678
158	833
158	981
159	178
159	197
159	217
159	240
159	417
159	432
159	473
159	677
159	760
159	980
160	303
160	397
160	599
160	766
160	786
160	789
160	984
161	174
161	176
161	188
161	324
161	354
161	387
161	546
161	551
161	638
161	699
161	911
161	962
162	188
162	220
162	261
162	387
162	421
162	513
162	546
162	644
162	694
162	930
162	954
163	207
163	210
163	279
163	291
163	389
163	435
163	445
163	516
163	570
163	707
163	871
164	168
164	338
164	406
164	411
164	460
164	476
164	624
164	758
165	205
165	213
165	259
165	301
165	405
165	647
165	771
165	906
166	181
166	258
166	321
166	361
166	366
166	392
166	505
166	642
166	805
166	938
167	178
167	209
167	249
167	615
167	644
167	712
168	222
168	289
168	311
168	586
168	636
168	675
168	797
168	949
169	208
169	247
169	413
169	447
169	521
169	868
169	947
169	969
169	977
170	286
170	424
170	439
170	558
170	576
170	627
170	765
170	772
171	221
171	234
171	254
171	285
171	332
171	369
171	415
171	666
171	676
171	809
171	979
172	386
172	425
172	469
172	471
172	670
172	808
173	201
173	206
173	252
173	318
173	338
173	586
173	855
173	933
174	176
174	220
174	634
174	672
174	696
174	718
174	925
175	220
175	233
175	323
175	421
175	467
175	491
175	672
175	852
176	306
176	374
176	387
176	626
176	646
176	672
176	822
176	961
177	242
177	313
177	395
177	407
177	557
177	579
177	631
177	724
178	229
178	339
178	410
178	873
178	928
179	218
179	420
179	619
179	683
179	701
179	744
179	958
180	231
180	390
180	506
180	617
180	703
181	328
181	361
181	366
181	392
181	538
181	543
181	580
181	742
181	796
182	274
182	310
182	393
182	597
182	613
182	708
182	900
183	223
183	246
183	287
183	400
183	578
183	670
183	679
184	205
184	260
184	544
184	619
184	756
184	953
185	190
185	299
185	343
185	380
185	577
185	675
185	676
185	825
186	357
186	424
186	750
187	264
187	273
187	313
187	346
187	382
187	469
187	542
187	561
187	601
187	733
188	198
188	233
188	961
189	276
189	489
189	498
189	583
189	603
189	708
189	732
189	867
189	902
190	315
190	317
190	423
190	573
190	690
190	905
191	197
191	240
191	307
191	535
191	574
191	594
191	728
191	785
191	850
191	875
192	198
192	379
192	496
192	546
192	695
192	709
192	962
193	212
193	248
193	264
193	277
193	365
193	383
193	445
193	514
193	606
193	643
193	791
194	237
194	241
194	473
194	478
194	617
194	810
195	196
195	204
195	424
195	576
195	595
195	596
195	843
196	378
196	414
196	463
196	605
196	693
196	884
196	927
197	209
197	260
197	508
197	545
197	601
197	826
197	845
197	873
198	227
198	349
198	522
198	551
198	627
198	740
198	816
198	930
199	256
199	278
199	285
199	375
199	434
199	511
199	787
200	214
200	269
200	278
200	290
200	326
200	429
200	465
200	552
200	571
200	918
201	423
201	673
201	711
201	877
202	316
202	319
202	358
202	419
202	445
202	450
202	560
202	608
203	212
203	232
203	277
203	380
203	426
203	450
203	634
204	214
204	339
204	572
204	843
204	858
204	898
205	330
205	373
205	428
205	563
205	602
205	619
205	965
206	394
206	451
206	511
206	990
206	996
207	218
207	232
207	365
207	420
207	468
207	591
207	609
207	663
208	311
208	315
208	388
208	474
208	485
208	624
208	971
209	236
209	275
209	364
209	473
209	479
209	529
209	768
209	828
209	923
210	245
210	526
210	610
210	616
210	769
211	247
211	252
211	413
211	423
211	607
211	767
212	224
212	291
212	489
212	514
212	617
212	745
212	817
213	301
213	327
213	373
213	418
213	684
213	738
213	811
214	263
214	265
214	286
214	337
214	401
214	511
214	999
215	301
215	364
215	370
215	569
215	570
215	681
215	745
215	771
215	811
215	972
216	219
216	227
216	280
216	458
216	539
216	781
216	960
217	238
217	281
217	372
217	488
217	529
217	677
217	980
218	235
218	426
218	480
218	883
218	907
219	321
219	328
219	433
219	440
219	442
219	757
219	874
219	959
220	233
220	349
220	431
220	438
220	577
220	608
221	314
221	419
221	497
221	648
221	703
221	720
221	813
222	317
222	476
222	575
222	753
223	384
223	425
223	473
223	566
223	653
223	691
223	823
223	876
224	332
224	383
224	430
224	494
224	560
224	777
224	838
225	385
225	790
225	887
225	975
226	266
226	272
226	416
226	739
226	870
226	964
227	366
227	396
227	808
227	938
228	242
228	335
228	603
228	688
228	862
228	869
228	875
228	944
229	237
229	244
229	275
229	466
229	529
229	688
230	250
230	262
230	266
230	268
230	328
230	844
231	232
231	253
231	412
231	506
231	537
231	714
231	775
232	445
232	615
232	842
232	899
233	421
233	625
233	926
233	1000
234	353
234	395
234	403
234	557
234	657
234	782
234	783
235	304
235	365
235	470
235	497
235	509
235	701
235	899
236	244
236	249
236	281
236	443
236	487
236	490
236	547
236	980
237	238
237	466
237	490
237	845
238	240
238	307
238	592
238	893
239	256
239	260
239	267
239	330
239	486
239	738
239	838
240	369
240	527
240	827
241	351
241	372
241	592
241	594
241	736
241	886
241	920
242	296
242	313
242	375
242	518
242	566
242	876
242	932
243	258
243	280
243	564
243	611
243	710
243	874
243	945
244	364
244	410
244	490
244	693
244	769
244	862
245	254
245	399
245	437
245	764
245	831
246	589
246	620
246	661
246	795
247	338
247	404
247	474
247	654
247	690
248	308
248	470
248	549
248	650
248	671
248	803
248	849
248	910
249	335
249	364
249	468
249	508
249	785
250	312
250	916
251	267
251	301
251	719
251	967
252	336
252	855
252	868
252	921
253	390
253	419
253	683
253	716
253	842
253	853
254	414
254	671
254	694
255	272
255	282
255	312
255	416
255	446
255	451
255	622
256	802
256	909
256	979
257	263
257	309
257	310
257	706
257	948
257	986
257	994
258	442
258	524
258	531
258	548
258	886
259	283
259	325
259	342
259	572
259	937
260	609
260	967
261	387
261	522
261	699
261	924
261	954
262	284
262	341
262	464
262	632
262	739
263	295
263	357
263	502
263	616
264	273
264	340
264	444
264	541
264	557
264	579
264	631
265	293
265	295
265	499
265	644
265	750
265	999
266	453
266	538
266	730
266	861
266	890
267	555
267	652
267	719
267	791
267	973
268	284
268	329
268	344
268	429
268	515
268	550
269	401
269	495
269	694
269	879
270	433
270	486
270	565
270	623
270	686
270	756
271	340
271	471
271	566
271	691
271	821
271	834
271	889
271	998
272	341
272	407
272	429
272	582
272	853
273	477
273	661
273	721
273	823
273	834
274	352
274	741
274	877
275	488
275	529
275	594
275	873
276	319
276	480
276	560
276	801
276	956
276	988
277	549
277	634
277	762
277	779
278	328
278	449
278	502
278	604
279	308
279	316
279	319
279	412
279	992
280	321
280	458
280	524
280	580
281	588
281	658
281	672
281	920
282	669
282	774
282	890
283	290
283	325
283	351
283	439
283	455
283	880
284	381
284	669
285	350
285	393
285	505
285	638
285	863
286	331
286	460
286	484
286	510
286	511
287	296
287	339
287	350
287	400
287	679
287	691
288	376
288	409
288	531
288	577
289	311
289	411
289	427
289	860
289	916
290	814
290	994
291	319
291	468
291	494
291	703
291	830
292	392
292	543
292	695
292	763
292	854
292	960
293	297
293	322
293	414
293	500
293	519
293	776
294	404
294	406
294	655
294	753
294	964
295	356
295	571
295	604
295	898
295	997
296	469
296	856
296	863
296	881
297	556
297	558
297	577
297	581
297	780
298	303
298	457
298	507
298	509
299	326
299	465
299	540
299	700
299	999
300	360
300	584
300	635
300	770
301	619
301	647
302	518
302	542
302	657
302	661
303	599
303	621
303	779
304	435
304	503
304	565
304	910
305	324
305	387
305	852
305	925
305	954
306	328
306	362
306	456
306	614
306	939
307	364
307	378
307	417
307	923
308	316
308	687
308	703
308	813
309	448
309	898
310	325
310	455
310	484
310	596
310	764
310	976
311	388
311	901
312	329
312	632
312	774
313	340
313	456
313	659
314	598
314	849
314	917
315	616
315	748
315	990
316	380
316	420
316	434
316	978
317	404
317	498
317	628
317	964
317	969
318	377
318	423
318	573
318	952
319	434
319	799
320	467
320	491
320	522
320	723
320	740
320	946
321	366
321	396
321	442
321	472
321	485
321	543
322	326
322	367
322	414
322	605
322	948
322	970
323	349
323	362
323	536
323	675
323	968
324	608
324	816
325	359
325	398
325	660
326	333
326	401
326	931
327	486
327	523
327	865
328	449
328	644
328	724
329	730
330	707
330	756
330	897
330	953
331	359
331	502
331	629
332	494
332	590
333	367
333	499
333	725
334	343
334	373
334	479
335	693
335	751
335	826
336	847
336	934
337	572
337	765
337	841
337	943
338	493
338	964
339	626
339	673
339	863
340	462
340	661
340	670
341	344
341	356
341	416
341	641
342	368
342	499
342	556
342	744
342	764
343	485
343	651
343	898
343	942
344	381
344	890
345	376
345	495
345	713
345	922
345	983
346	371
346	382
346	422
346	691
347	410
347	417
347	449
347	466
347	664
347	760
348	584
348	763
348	781
348	815
348	936
349	354
349	431
349	513
349	536
349	888
350	353
350	403
350	444
350	807
351	671
351	678
351	757
351	848
351	975
351	989
352	370
352	790
353	371
353	542
353	851
353	863
353	878
354	357
354	908
354	926
354	987
355	474
355	837
356	367
356	836
357	391
357	510
357	571
357	941
358	383
358	720
358	867
358	883
358	894
359	512
359	526
359	931
359	970
360	815
360	874
360	886
361	396
361	442
361	458
361	874
362	421
362	536
362	718
362	951
363	593
363	932
363	998
364	372
364	488
364	562
365	683
365	715
365	731
365	894
365	955
366	385
366	392
366	737
366	757
366	809
367	485
367	948
368	685
368	764
368	957
369	664
369	689
369	920
369	944
370	597
371	535
371	620
371	752
371	794
371	878
372	417
372	462
373	418
373	565
373	623
373	953
374	379
374	438
374	448
374	481
375	444
375	557
375	821
376	509
376	533
376	994
377	427
377	847
377	969
378	510
378	907
378	937
379	438
379	448
379	479
380	489
380	759
381	676
381	800
382	384
382	471
382	752
383	639
383	665
383	687
383	702
384	403
384	856
384	861
385	741
386	404
386	462
386	628
386	873
387	646
388	933
389	493
389	503
389	574
390	498
390	857
390	978
391	428
391	510
391	957
392	530
392	769
392	770
392	960
393	559
393	882
393	983
394	464
394	616
394	851
395	589
395	751
395	822
395	823
396	472
396	697
396	960
397	621
397	806
398	963
398	976
399	439
399	502
399	558
399	576
399	595
400	425
400	735
401	424
401	656
401	880
401	957
402	516
402	537
402	774
402	803
402	902
402	988
403	535
403	804
404	793
404	934
405	437
405	602
405	623
405	811
406	461
406	905
407	600
407	801
408	516
408	591
408	727
408	799
408	871
408	892
408	917
409	613
409	642
409	787
409	806
410	726
411	517
411	950
412	470
412	482
413	526
413	555
413	638
414	455
414	831
415	520
415	787
416	464
417	658
418	434
418	738
419	617
420	650
420	899
421	481
421	626
422	679
422	724
422	751
422	889
423	517
423	655
423	698
424	439
424	515
424	541
424	706
425	735
426	484
426	715
426	892
426	899
427	481
428	931
428	943
429	853
430	497
430	662
430	995
431	823
431	946
432	942
432	979
433	440
433	737
434	977
435	571
435	590
435	775
436	516
436	591
436	610
436	648
436	992
437	948
438	481
438	672
438	718
439	915
439	996
440	462
440	543
440	959
441	526
442	552
442	697
443	473
443	769
443	810
443	928
444	449
444	477
444	721
444	807
445	462
445	707
447	888
447	895
448	467
448	699
448	911
449	676
449	812
450	662
450	663
450	702
450	745
451	630
451	696
452	503
452	585
452	702
452	992
453	622
453	641
453	680
454	540
454	560
454	765
454	836
454	941
456	518
456	534
456	681
456	804
457	511
457	613
457	637
458	584
458	737
458	805
458	936
459	521
460	864
461	671
461	952
462	705
463	898
463	943
464	582
464	680
464	730
464	800
465	528
466	677
467	696
468	598
468	784
469	691
469	794
470	503
470	506
470	703
470	883
471	566
471	782
472	959
474	829
475	476
475	575
475	628
475	630
475	837
475	933
476	618
477	589
477	665
477	876
478	712
478	726
478	754
478	769
479	622
480	494
480	902
481	951
482	583
482	692
482	835
483	581
483	970
484	880
484	996
485	602
486	973
487	562
488	495
488	588
489	643
490	705
490	923
491	699
491	723
493	506
494	564
494	612
494	871
495	705
495	731
496	513
496	536
496	626
496	646
496	743
497	587
497	830
497	867
499	596
499	746
499	750
499	943
500	510
500	581
500	776
501	590
501	668
503	634
503	846
504	557
504	801
505	737
505	913
506	796
507	528
507	569
507	779
508	820
509	548
510	532
511	709
511	878
512	637
513	666
513	926
514	958
515	552
515	572
516	537
516	606
517	524
517	767
518	653
519	532
519	571
520	642
520	787
520	922
520	975
521	698
521	793
522	912
523	649
523	728
523	805
523	879
524	815
524	885
525	990
526	610
526	659
527	631
527	856
527	998
528	597
528	704
529	615
530	564
531	935
532	597
532	915
533	567
533	621
533	664
534	561
534	657
534	681
535	751
535	854
536	968
537	875
537	892
538	632
538	667
539	915
541	657
541	881
541	998
542	704
542	786
543	959
544	859
544	993
545	638
545	828
545	875
547	561
547	599
547	600
547	679
548	741
548	792
550	824
551	696
551	908
552	746
552	970
553	633
553	979
554	714
554	858
554	868
555	989
556	558
556	879
556	915
557	807
557	851
559	585
561	733
561	889
562	574
563	967
564	611
564	770
565	609
565	633
566	721
566	752
566	932
567	766
568	676
568	708
568	711
569	597
569	656
569	741
570	867
570	995
571	996
572	963
573	575
573	748
574	760
574	827
574	974
575	847
575	905
576	907
577	722
578	579
578	659
578	661
578	794
578	854
579	752
580	695
580	938
581	605
581	616
581	999
582	705
583	701
583	813
583	857
584	611
587	606
588	850
589	733
589	834
591	720
592	689
592	760
592	845
593	733
593	932
594	722
595	814
595	918
596	604
596	848
597	637
598	866
598	958
599	900
601	722
601	736
601	980
602	633
603	839
604	700
605	927
606	799
607	829
608	822
608	987
609	614
610	706
611	733
612	715
612	747
612	935
614	619
614	684
614	993
615	734
616	625
617	775
617	869
618	627
618	976
620	932
621	741
622	800
623	647
624	921
625	962
627	685
627	836
628	949
629	780
629	936
630	745
632	800
635	695
636	1000
639	683
641	680
641	857
642	779
643	894
645	994
645	996
647	686
648	863
649	852
650	692
652	684
652	897
652	965
652	993
653	670
654	662
654	762
654	830
655	990
656	778
660	682
661	804
665	667
665	890
667	853
668	759
668	784
668	842
670	804
671	947
673	819
674	708
674	713
674	882
675	797
675	978
676	861
678	802
678	832
681	878
682	918
683	701
685	814
686	897
687	857
688	729
688	734
689	776
689	845
690	714
690	758
692	707
692	883
692	956
693	785
695	773
698	914
699	940
700	858
700	937
701	744
703	777
706	941
707	846
709	903
710	711
712	893
715	894
717	913
719	802
719	913
720	813
721	795
725	861
726	981
727	956
728	820
728	974
729	1000
731	856
732	827
735	789
738	771
742	763
743	825
743	906
746	987
746	997
749	768
749	823
755	921
756	989
758	895
759	896
759	917
761	991
762	835
763	809
767	847
768	839
772	931
775	857
776	997
780	907
781	936
782	783
782	856
783	829
783	876
784	917
784	955
786	807
786	821
786	881
788	949
797	949
798	985
802	859
808	959
810	826
812	921
812	982
816	912
818	831
818	927
829	934
830	846
833	973
833	979
835	861
839	944
840	960
841	864
844	991
846	869
848	915
849	899
855	976
865	989
868	916
872	905
873	980
888	971
891	952
896	995
901	914
903	904
903	918
903	961
904	908
904	911
909	942
909	965
939	972
940	965
946	951
952	982
999	1000
