1	5
2	12
3	11
4	13
5	2
6	11
7	2
8	9
9	16
10	6
11	17
12	16
13	12
14	6
15	12
16	9
17	5
18	2
19	11
20	8
21	5
22	8
23	14
24	7
25	3
26	7
27	2
28	13
29	16
30	4
31	4
32	14
33	5
34	9
35	10
36	7
37	1
38	3
39	13
40	4
41	2
42	8
43	14
44	15
45	11
46	10
47	13
48	15
49	10
50	4
51	5
52	9
53	5
54	4
55	5
56	5
57	8
58	5
59	15
60	4
61	10
62	5
63	16
64	1
65	11
66	6
67	8
68	3
69	13
70	3
71	17
72	4
73	14
74	9
75	6
76	12
77	6
78	4
79	10
80	13
81	2
82	7
83	7
84	5
85	17
86	4
87	3
88	8
89	3
90	3
91	16
92	2
93	7
94	2
95	12
96	7
97	2
98	6
99	1
100	4
101	7
102	5
103	17
104	1
105	10
106	2
107	13
108	16
109	11
110	13
111	4
112	1
113	16
114	10
115	11
116	3
117	3
118	14
119	10
120	14
121	10
122	12
123	3
124	4
125	9
126	8
127	3
128	2
129	1
130	7
131	5
132	11
133	1
134	3
135	3
136	15
137	7
138	12
139	12
140	11
141	14
142	8
143	11
144	12
145	12
146	2
147	6
148	14
149	15
150	8
151	6
152	6
153	4
154	7
155	6
156	11
157	11
158	12
159	7
160	9
161	1
162	2
163	3
164	15
165	10
166	7
167	14
168	3
169	6
170	12
171	1
172	2
173	6
174	8
175	12
176	2
177	8
178	3
179	4
180	9
181	12
182	4
183	11
184	2
185	1
186	2
187	5
188	14
189	2
190	5
191	8
192	6
193	3
194	13
195	4
196	15
197	9
198	2
199	1
200	16
201	12
202	2
203	5
204	8
205	3
206	1
207	11
208	17
209	15
210	1
211	9
212	8
213	16
214	3
215	1
216	3
217	11
218	8
219	3
220	9
221	9
222	9
223	14
224	9
225	8
226	6
227	15
228	9
229	4
230	7
231	6
232	2
233	9
234	17
235	13
236	5
237	2
238	5
239	17
240	14
241	4
242	15
243	4
244	13
245	11
246	17
247	5
248	7
249	4
250	1
251	17
252	14
253	17
254	4
255	14
256	6
257	17
258	7
259	11
260	9
261	3
262	2
263	3
264	15
265	1
266	8
267	16
268	4
269	17
270	4
271	7
272	11
273	5
274	4
275	2
276	15
277	4
278	1
279	6
280	3
281	6
282	4
283	11
284	3
285	1
286	16
287	13
288	6
289	10
290	2
291	12
292	8
293	2
294	4
295	4
296	6
297	17
298	6
299	2
300	5
301	3
302	5
303	5
304	3
305	12
306	1
307	16
308	4
309	13
310	11
311	5
312	5
313	13
314	16
315	14
316	1
317	5
318	2
319	4
320	8
321	6
322	3
323	6
324	7
325	1
326	17
327	4
328	1
329	17
330	10
331	6
332	8
333	15
334	1
335	12
336	7
337	10
338	8
339	1
340	12
341	6
342	3
343	1
344	4
345	3
346	4
347	15
348	15
349	12
350	6
351	1
352	9
353	2
354	16
355	1
356	3
357	5
358	9
359	9
360	8
361	9
362	13
363	12
364	7
365	11
366	5
367	4
368	12
369	2
370	17
371	7
372	2
373	7
374	10
375	11
376	6
377	3
378	2
379	3
380	15
381	1
382	10
383	8
384	15
385	10
386	1
387	4
388	4
389	6
390	4
391	2
392	7
393	5
394	1
395	14
396	6
397	1
398	16
399	2
400	10
401	8
402	6
403	3
404	4
405	1
406	10
407	17
408	9
409	14
410	2
411	2
412	12
413	1
414	8
415	6
416	4
417	7
418	2
419	5
420	3
421	16
422	2
423	11
424	13
425	15
426	3
427	2
428	3
429	12
430	5
431	16
432	3
433	15
434	1
435	9
436	7
437	2
438	17
439	5
440	13
441	3
442	2
443	16
444	4
445	4
446	6
447	11
448	16
449	1
450	5
451	1
452	4
453	5
454	4
455	17
456	4
457	8
458	13
459	2
460	7
461	2
462	1
463	7
464	14
465	9
466	6
467	6
468	5
469	7
470	8
471	3
472	11
473	2
474	5
475	3
476	13
477	9
478	9
479	1
480	2
481	9
482	11
483	14
484	2
485	1
486	3
487	12
488	3
489	2
490	3
491	3
492	3
493	4
494	3
495	1
496	16
497	16
498	2
499	10
500	9
501	11
502	4
503	4
504	12
505	2
506	3
507	2
508	5
509	7
510	3
511	1
512	10
513	6
514	11
515	15
516	6
517	7
518	9
519	8
520	14
521	10
522	4
523	1
524	10
525	7
526	1
527	7
528	12
529	3
530	17
531	3
532	4
533	7
534	8
535	16
536	13
537	8
538	11
539	10
540	3
541	16
542	11
543	3
544	14
545	5
546	13
547	1
548	4
549	7
550	5
551	11
552	2
553	7
554	8
555	13
556	15
557	14
558	7
559	10
560	10
561	10
562	3
563	3
564	4
565	5
566	9
567	5
568	4
569	7
570	7
571	15
572	1
573	4
574	16
575	2
576	15
577	1
578	10
579	5
580	3
581	9
582	8
583	2
584	2
585	9
586	6
587	9
588	4
589	3
590	10
591	2
592	10
593	17
594	9
595	14
596	8
597	4
598	4
599	2
600	5
601	12
602	13
603	15
604	2
605	10
606	14
607	8
608	3
609	5
610	1
611	14
612	6
613	9
614	17
615	14
616	1
617	6
618	12
619	12
620	4
621	5
622	4
623	7
624	16
625	13
626	2
627	15
628	6
629	10
630	1
631	3
632	11
633	17
634	10
635	2
636	4
637	12
638	1
639	14
640	1
641	2
642	12
643	2
644	1
645	5
646	13
647	7
648	2
649	5
650	10
651	6
652	9
653	7
654	5
655	7
656	2
657	3
658	9
659	12
660	17
661	2
662	17
663	6
664	12
665	1
666	10
667	10
668	8
669	14
670	8
671	1
672	16
673	7
674	4
675	1
676	1
677	3
678	13
679	3
680	13
681	2
682	9
683	9
684	5
685	7
686	2
687	9
688	3
689	15
690	12
691	15
692	5
693	13
694	4
695	2
696	2
697	2
698	10
699	3
700	2
701	11
702	13
703	11
704	10
705	1
706	8
707	1
708	10
709	6
710	2
711	2
712	16
713	12
714	14
715	2
716	8
717	9
718	11
719	1
720	7
721	9
722	2
723	8
724	8
725	1
726	17
727	3
728	7
729	8
730	6
731	1
732	8
733	15
734	14
735	17
736	12
737	11
738	16
739	13
740	2
741	4
742	3
743	5
744	8
745	1
746	3
747	7
748	6
749	5
750	9
751	5
752	14
753	16
754	6
755	2
756	9
757	7
758	3
759	15
760	4
761	4
762	11
763	6
764	8
765	15
766	13
767	5
768	16
769	1
770	17
771	2
772	3
773	2
774	11
775	10
776	3
777	15
778	6
779	8
780	2
781	9
782	7
783	11
784	6
785	10
786	10
787	3
788	10
789	6
790	8
791	6
792	15
793	5
794	10
795	2
796	17
797	17
798	14
799	2
800	7
801	16
802	10
803	7
804	16
805	15
806	8
807	14
808	5
809	3
810	4
811	15
812	11
813	2
814	5
815	10
816	8
817	7
818	11
819	6
820	17
821	14
822	9
823	8
824	9
825	6
826	2
827	3
828	13
829	13
830	7
831	3
832	3
833	6
834	2
835	9
836	16
837	3
838	3
839	5
840	17
841	8
842	2
843	5
844	4
845	1
846	3
847	9
848	7
849	12
850	17
851	7
852	5
853	7
854	3
855	3
856	13
857	5
858	1
859	8
860	4
861	1
862	14
863	1
864	2
865	3
866	5
867	2
868	17
869	2
870	6
871	8
872	16
873	8
874	8
875	10
876	7
877	3
878	3
879	8
880	11
881	2
882	5
883	15
884	14
885	11
886	5
887	7
888	17
889	6
890	3
891	9
892	3
893	6
894	3
895	13
896	4
897	2
898	11
899	5
900	2
901	13
902	12
903	6
904	14
905	4
906	12
907	13
908	2
909	13
910	12
911	16
912	6
913	4
914	5
915	2
916	3
917	14
918	8
919	5
920	10
921	8
922	17
923	11
924	11
925	5
926	8
927	9
928	12
929	4
930	7
931	5
932	5
933	10
934	16
935	5
936	15
937	4
938	12
939	3
940	13
941	4
942	9
943	16
944	11
945	5
946	4
947	6
948	5
949	13
950	5
951	13
952	12
953	2
954	3
955	4
956	3
957	15
958	1
959	15
960	12
961	12
962	4
963	5
964	14
965	5
966	13
967	1
968	13
969	5
970	5
971	6
972	4
973	14
974	9
975	11
976	4
977	5
978	2
979	14
980	8
981	13
982	6
983	10
984	10
985	10
986	3
987	12
988	2
989	13
990	5
991	17
992	3
993	13
994	4
995	2
996	4
997	5
998	7
999	4
1000	1
