1	7
1	8
1	10
1	12
1	17
1	27
1	31
1	37
1	40
1	53
1	54
1	58
1	60
1	72
1	96
1	104
1	137
1	140
1	170
1	179
1	187
1	197
1	199
1	229
1	233
1	234
1	237
1	250
1	254
1	268
1	304
1	312
1	323
1	331
1	385
1	414
1	434
1	543
1	602
1	621
1	623
1	645
1	660
1	787
1	798
1	843
1	881
1	886
1	948
1	990
2	3
2	8
2	13
2	15
2	19
2	25
2	30
2	64
2	68
2	71
2	97
2	100
2	109
2	122
2	129
2	132
2	135
2	141
2	144
2	201
2	203
2	204
2	217
2	230
2	245
2	258
2	266
2	291
2	310
2	348
2	359
2	379
2	388
2	396
2	416
2	429
2	491
2	511
2	513
2	551
2	557
2	629
2	663
2	676
2	705
2	713
2	849
2	906
2	975
3	5
3	6
3	11
3	13
3	15
3	19
3	22
3	32
3	52
3	57
3	82
3	92
3	94
3	121
3	132
3	133
3	138
3	140
3	141
3	158
3	168
3	214
3	231
3	270
3	282
3	284
3	300
3	311
3	363
3	418
3	504
3	528
3	549
3	571
3	600
3	619
3	625
3	659
3	668
3	676
3	681
3	790
3	844
3	848
3	934
3	950
3	960
3	979
4	8
4	12
4	13
4	23
4	27
4	28
4	34
4	43
4	44
4	47
4	48
4	49
4	80
4	83
4	86
4	89
4	95
4	99
4	100
4	107
4	110
4	118
4	121
4	133
4	169
4	194
4	215
4	223
4	286
4	295
4	312
4	356
4	357
4	387
4	413
4	449
4	453
4	458
4	476
4	478
4	536
4	546
4	618
4	711
4	757
4	817
4	855
4	929
4	989
5	7
5	8
5	9
5	11
5	13
5	18
5	19
5	23
5	24
5	25
5	32
5	44
5	50
5	83
5	110
5	156
5	170
5	172
5	178
5	194
5	198
5	216
5	222
5	255
5	258
5	281
5	299
5	378
5	426
5	445
5	470
5	471
5	473
5	511
5	626
5	662
5	670
5	688
5	693
5	697
5	699
5	710
5	729
5	736
5	869
5	991
6	9
6	13
6	15
6	16
6	18
6	55
6	59
6	65
6	70
6	109
6	119
6	137
6	146
6	156
6	158
6	170
6	173
6	188
6	198
6	217
6	235
6	259
6	268
6	305
6	310
6	397
6	410
6	421
6	460
6	493
6	499
6	526
6	648
6	704
6	705
6	714
6	719
6	739
6	835
6	848
6	876
6	906
6	928
6	950
7	16
7	18
7	19
7	25
7	33
7	38
7	53
7	67
7	73
7	92
7	97
7	140
7	145
7	180
7	186
7	191
7	204
7	206
7	237
7	239
7	287
7	320
7	374
7	376
7	385
7	399
7	420
7	426
7	468
7	480
7	484
7	498
7	605
7	610
7	681
7	708
7	734
7	767
7	769
7	805
7	856
7	892
7	948
8	21
8	28
8	31
8	47
8	57
8	60
8	61
8	74
8	78
8	84
8	119
8	126
8	127
8	178
8	180
8	186
8	200
8	220
8	240
8	242
8	257
8	261
8	332
8	353
8	465
8	478
8	481
8	501
8	517
8	655
8	694
8	706
8	763
8	768
8	802
8	898
8	927
8	942
8	945
8	985
9	12
9	14
9	21
9	24
9	26
9	34
9	45
9	50
9	61
9	71
9	79
9	80
9	90
9	103
9	134
9	167
9	179
9	186
9	213
9	236
9	239
9	253
9	257
9	265
9	298
9	314
9	326
9	421
9	434
9	452
9	468
9	489
9	501
9	504
9	548
9	555
9	712
9	770
9	891
9	900
9	922
9	991
10	22
10	33
10	35
10	36
10	37
10	39
10	50
10	54
10	75
10	76
10	82
10	123
10	124
10	147
10	155
10	159
10	168
10	173
10	265
10	273
10	291
10	296
10	305
10	316
10	319
10	370
10	433
10	435
10	454
10	685
10	709
10	721
10	725
10	755
10	789
10	833
10	861
10	892
10	893
10	959
10	989
11	12
11	14
11	16
11	22
11	23
11	25
11	30
11	31
11	43
11	54
11	63
11	68
11	91
11	108
11	134
11	174
11	195
11	207
11	208
11	225
11	234
11	253
11	255
11	269
11	379
11	406
11	408
11	455
11	496
11	515
11	526
11	574
11	614
11	624
11	638
11	730
11	738
11	801
11	863
11	868
12	43
12	44
12	47
12	48
12	63
12	64
12	71
12	108
12	113
12	213
12	227
12	234
12	241
12	246
12	259
12	276
12	291
12	318
12	335
12	348
12	351
12	398
12	400
12	453
12	455
12	530
12	554
12	574
12	671
12	688
12	735
12	826
12	850
12	858
12	863
12	947
12	950
12	988
13	15
13	29
13	30
13	39
13	47
13	51
13	65
13	95
13	106
13	109
13	115
13	133
13	166
13	170
13	181
13	346
13	352
13	359
13	397
13	428
13	446
13	451
13	484
13	485
13	487
13	542
13	577
13	599
13	625
13	626
13	640
13	718
13	776
13	818
13	828
13	960
14	24
14	26
14	35
14	36
14	40
14	52
14	53
14	77
14	79
14	96
14	126
14	133
14	136
14	151
14	152
14	155
14	189
14	192
14	203
14	207
14	321
14	369
14	399
14	456
14	482
14	525
14	570
14	582
14	583
14	685
14	727
14	757
14	763
14	886
14	896
14	940
14	947
15	26
15	34
15	41
15	52
15	105
15	115
15	118
15	122
15	144
15	145
15	163
15	175
15	196
15	245
15	246
15	272
15	303
15	328
15	349
15	357
15	424
15	451
15	496
15	606
15	609
15	611
15	636
15	701
15	775
15	801
15	805
15	849
15	852
15	880
15	962
16	18
16	22
16	30
16	33
16	69
16	83
16	101
16	103
16	113
16	127
16	142
16	151
16	152
16	202
16	204
16	227
16	292
16	324
16	332
16	352
16	362
16	387
16	391
16	435
16	448
16	459
16	547
16	552
16	716
16	738
16	756
16	764
16	779
16	885
16	944
16	954
17	30
17	32
17	33
17	37
17	39
17	43
17	49
17	50
17	55
17	58
17	62
17	73
17	98
17	124
17	125
17	126
17	190
17	204
17	213
17	249
17	256
17	270
17	317
17	355
17	380
17	388
17	399
17	405
17	421
17	434
17	438
17	489
17	623
17	833
17	843
17	919
17	925
17	960
18	23
18	41
18	49
18	65
18	81
18	106
18	107
18	117
18	128
18	132
18	176
18	183
18	184
18	217
18	223
18	378
18	388
18	442
18	459
18	489
18	490
18	534
18	642
18	652
18	679
18	695
18	714
18	732
18	737
18	758
18	804
18	821
18	896
18	956
19	32
19	33
19	44
19	47
19	52
19	65
19	76
19	100
19	101
19	133
19	157
19	158
19	176
19	201
19	219
19	223
19	238
19	252
19	272
19	291
19	363
19	375
19	482
19	486
19	528
19	549
19	558
19	564
19	594
19	721
19	731
19	781
19	846
19	897
20	48
20	50
20	51
20	62
20	67
20	79
20	83
20	90
20	93
20	123
20	142
20	149
20	150
20	155
20	194
20	215
20	254
20	266
20	281
20	320
20	352
20	361
20	385
20	486
20	499
20	536
20	539
20	566
20	605
20	619
20	681
20	740
20	744
20	803
20	822
20	841
20	854
20	877
21	32
21	39
21	40
21	45
21	46
21	49
21	53
21	58
21	63
21	135
21	157
21	196
21	241
21	249
21	288
21	295
21	300
21	303
21	323
21	382
21	402
21	419
21	478
21	537
21	558
21	562
21	579
21	597
21	620
21	665
21	770
21	831
21	857
21	929
21	998
22	24
22	29
22	34
22	52
22	57
22	59
22	82
22	88
22	128
22	144
22	145
22	195
22	197
22	201
22	203
22	222
22	258
22	318
22	337
22	343
22	407
22	494
22	509
22	527
22	552
22	657
22	662
22	677
22	721
22	733
22	775
22	790
22	980
23	39
23	43
23	47
23	52
23	57
23	75
23	78
23	82
23	101
23	177
23	195
23	235
23	262
23	287
23	302
23	303
23	310
23	343
23	362
23	510
23	512
23	610
23	614
23	646
23	649
23	655
23	680
23	744
23	821
23	828
23	937
23	940
23	964
24	26
24	42
24	51
24	53
24	54
24	71
24	77
24	86
24	150
24	152
24	155
24	159
24	180
24	230
24	236
24	237
24	341
24	371
24	372
24	415
24	418
24	442
24	463
24	467
24	472
24	483
24	553
24	613
24	618
24	782
24	959
24	995
25	38
25	41
25	70
25	81
25	105
25	111
25	112
25	134
25	158
25	159
25	176
25	224
25	250
25	263
25	328
25	353
25	372
25	405
25	432
25	498
25	573
25	631
25	644
25	659
25	667
25	679
25	725
25	815
25	846
25	901
25	968
26	29
26	40
26	61
26	63
26	98
26	99
26	119
26	126
26	134
26	137
26	147
26	153
26	176
26	261
26	263
26	279
26	287
26	298
26	330
26	331
26	346
26	386
26	446
26	509
26	511
26	533
26	541
26	655
26	791
26	810
26	815
27	41
27	59
27	68
27	70
27	71
27	106
27	114
27	120
27	127
27	155
27	159
27	178
27	261
27	322
27	323
27	342
27	372
27	407
27	424
27	479
27	524
27	567
27	644
27	656
27	722
27	740
27	748
27	752
27	758
27	771
27	853
27	954
27	985
28	29
28	31
28	39
28	47
28	48
28	51
28	55
28	69
28	80
28	110
28	116
28	152
28	170
28	193
28	194
28	223
28	229
28	235
28	278
28	316
28	339
28	357
28	358
28	425
28	449
28	463
28	674
28	693
28	733
28	766
28	776
28	787
28	907
29	46
29	54
29	56
29	63
29	67
29	83
29	85
29	93
29	103
29	104
29	120
29	130
29	239
29	251
29	265
29	269
29	280
29	293
29	329
29	337
29	355
29	370
29	398
29	431
29	535
29	593
29	757
29	850
29	920
29	992
30	33
30	47
30	50
30	62
30	72
30	105
30	161
30	186
30	196
30	211
30	221
30	236
30	273
30	310
30	390
30	404
30	433
30	493
30	526
30	570
30	622
30	656
30	688
30	794
30	817
30	851
30	935
30	977
30	999
31	50
31	51
31	60
31	73
31	98
31	110
31	112
31	120
31	141
31	176
31	179
31	300
31	305
31	379
31	425
31	441
31	460
31	579
31	602
31	620
31	632
31	646
31	654
31	749
31	752
31	763
31	798
31	847
31	852
31	974
32	43
32	48
32	56
32	59
32	105
32	106
32	120
32	141
32	150
32	156
32	175
32	181
32	200
32	217
32	240
32	284
32	299
32	386
32	434
32	556
32	563
32	571
32	576
32	610
32	635
32	768
32	772
32	779
32	832
33	34
33	56
33	72
33	78
33	84
33	87
33	113
33	133
33	144
33	249
33	256
33	277
33	285
33	339
33	344
33	346
33	350
33	416
33	534
33	720
33	754
33	767
33	834
33	886
33	920
33	921
33	955
34	35
34	46
34	49
34	74
34	103
34	105
34	109
34	123
34	148
34	180
34	192
34	212
34	226
34	241
34	345
34	417
34	467
34	518
34	522
34	524
34	561
34	590
34	665
34	740
34	766
34	817
34	868
34	983
35	45
35	46
35	53
35	61
35	66
35	107
35	110
35	150
35	165
35	180
35	198
35	220
35	303
35	385
35	447
35	451
35	477
35	488
35	508
35	554
35	555
35	559
35	578
35	657
35	765
35	840
35	854
35	857
35	870
35	938
36	44
36	50
36	51
36	66
36	73
36	78
36	96
36	130
36	137
36	145
36	173
36	184
36	225
36	320
36	364
36	392
36	448
36	459
36	466
36	521
36	579
36	599
36	606
36	607
36	630
36	674
36	691
36	737
36	781
36	988
37	39
37	46
37	50
37	64
37	77
37	82
37	118
37	121
37	172
37	189
37	215
37	290
37	301
37	334
37	336
37	366
37	429
37	455
37	511
37	515
37	642
37	723
37	729
37	736
37	844
37	861
37	865
37	939
37	992
38	41
38	73
38	81
38	93
38	101
38	116
38	125
38	179
38	186
38	195
38	221
38	254
38	267
38	275
38	345
38	346
38	368
38	369
38	409
38	428
38	540
38	608
38	674
38	683
38	699
38	730
38	933
38	966
38	991
39	54
39	66
39	97
39	107
39	132
39	149
39	175
39	189
39	205
39	221
39	299
39	306
39	402
39	458
39	611
39	620
39	642
39	714
39	719
39	769
39	955
39	958
39	964
39	994
40	42
40	55
40	57
40	58
40	115
40	139
40	174
40	205
40	210
40	238
40	266
40	272
40	282
40	319
40	406
40	419
40	453
40	473
40	500
40	506
40	507
40	573
40	668
40	777
40	873
40	975
40	976
41	43
41	60
41	67
41	70
41	86
41	94
41	156
41	187
41	198
41	253
41	298
41	305
41	396
41	405
41	448
41	492
41	575
41	651
41	686
41	813
41	827
41	836
41	837
41	948
41	956
41	993
42	45
42	66
42	80
42	82
42	92
42	108
42	125
42	126
42	142
42	192
42	205
42	218
42	383
42	429
42	437
42	478
42	549
42	666
42	668
42	683
42	721
42	732
42	736
42	744
42	747
42	916
42	932
42	977
43	47
43	51
43	68
43	85
43	109
43	110
43	118
43	126
43	129
43	177
43	235
43	251
43	326
43	377
43	405
43	458
43	493
43	714
43	739
43	824
43	833
43	864
44	47
44	75
44	80
44	99
44	143
44	145
44	164
44	172
44	189
44	197
44	238
44	242
44	286
44	348
44	380
44	384
44	391
44	399
44	506
44	520
44	539
44	615
44	831
44	883
45	52
45	55
45	87
45	121
45	122
45	182
45	205
45	228
45	260
45	301
45	330
45	369
45	395
45	408
45	447
45	480
45	553
45	554
45	557
45	666
45	713
45	717
45	811
45	831
45	835
46	50
46	63
46	72
46	79
46	114
46	119
46	121
46	139
46	145
46	172
46	180
46	193
46	294
46	337
46	340
46	358
46	363
46	536
46	592
46	627
46	853
46	947
46	993
46	995
47	63
47	68
47	107
47	110
47	131
47	183
47	295
47	412
47	433
47	449
47	488
47	495
47	546
47	555
47	563
47	611
47	679
47	809
47	891
48	53
48	59
48	78
48	122
48	136
48	137
48	286
48	343
48	382
48	409
48	421
48	423
48	425
48	431
48	475
48	490
48	535
48	569
48	603
48	626
48	666
48	775
48	845
49	51
49	76
49	80
49	81
49	105
49	112
49	121
49	146
49	165
49	199
49	244
49	263
49	289
49	366
49	509
49	545
49	559
49	667
49	679
49	698
49	815
49	845
49	981
50	54
50	59
50	164
50	182
50	238
50	239
50	247
50	256
50	269
50	300
50	302
50	308
50	463
50	542
50	751
50	799
50	835
51	77
51	80
51	84
51	147
51	163
51	224
51	304
51	327
51	355
51	416
51	439
51	444
51	454
51	474
51	475
51	550
51	630
51	712
51	977
52	67
52	83
52	94
52	116
52	125
52	177
52	187
52	240
52	294
52	296
52	320
52	332
52	392
52	451
52	562
52	624
52	800
52	872
52	874
52	900
53	55
53	60
53	68
53	79
53	82
53	84
53	101
53	260
53	273
53	341
53	357
53	416
53	450
53	467
53	483
53	491
53	642
53	674
53	678
53	782
54	62
54	65
54	69
54	129
54	195
54	203
54	274
54	357
54	384
54	427
54	449
54	639
54	793
54	879
54	896
54	925
54	950
54	953
54	963
55	84
55	90
55	133
55	174
55	179
55	190
55	220
55	225
55	229
55	281
55	303
55	342
55	350
55	387
55	390
55	503
55	567
55	622
55	732
55	743
56	62
56	88
56	94
56	95
56	104
56	111
56	122
56	165
56	233
56	276
56	294
56	390
56	409
56	502
56	550
56	573
56	575
56	631
56	694
56	778
56	912
56	913
56	932
57	58
57	88
57	90
57	119
57	157
57	174
57	191
57	224
57	229
57	248
57	350
57	358
57	367
57	401
57	414
57	432
57	581
57	582
57	596
57	616
57	652
58	72
58	78
58	107
58	119
58	123
58	124
58	175
58	205
58	241
58	254
58	258
58	312
58	422
58	466
58	586
58	590
58	692
58	881
58	894
58	927
59	169
59	173
59	196
59	209
59	218
59	227
59	265
59	283
59	409
59	419
59	448
59	530
59	556
59	562
59	671
59	673
59	833
59	843
59	935
60	65
60	72
60	78
60	99
60	131
60	160
60	163
60	175
60	198
60	203
60	204
60	292
60	327
60	422
60	436
60	641
60	674
60	697
60	868
60	923
61	106
61	121
61	145
61	153
61	160
61	211
61	214
61	278
61	291
61	308
61	406
61	488
61	522
61	581
61	592
61	675
61	749
61	813
61	858
61	898
61	984
62	84
62	124
62	195
62	210
62	236
62	274
62	292
62	306
62	357
62	429
62	435
62	446
62	481
62	484
62	585
62	612
62	641
62	863
62	878
62	887
63	87
63	90
63	96
63	202
63	319
63	329
63	436
63	574
63	598
63	613
63	614
63	661
63	755
63	840
63	874
63	902
63	966
64	120
64	131
64	202
64	219
64	335
64	351
64	414
64	454
64	496
64	522
64	555
64	566
64	602
64	628
64	696
64	701
64	814
64	816
64	834
64	875
64	899
65	76
65	99
65	106
65	139
65	140
65	148
65	185
65	189
65	234
65	365
65	368
65	453
65	468
65	552
65	772
65	910
65	944
65	995
66	91
66	97
66	125
66	128
66	134
66	154
66	288
66	350
66	397
66	403
66	415
66	420
66	510
66	516
66	564
66	812
66	859
66	870
66	919
66	952
67	97
67	114
67	125
67	218
67	221
67	225
67	238
67	285
67	360
67	382
67	383
67	425
67	496
67	497
67	682
67	879
67	913
67	929
67	1000
68	82
68	140
68	162
68	182
68	193
68	299
68	324
68	332
68	367
68	374
68	475
68	486
68	529
68	563
68	643
68	656
68	986
69	108
69	167
69	184
69	185
69	186
69	255
69	358
69	389
69	391
69	427
69	448
69	527
69	556
69	565
69	606
69	618
69	677
69	856
69	909
69	998
70	86
70	90
70	106
70	107
70	110
70	129
70	138
70	160
70	168
70	178
70	232
70	308
70	309
70	491
70	583
70	661
70	725
70	793
70	802
71	91
71	157
71	213
71	218
71	223
71	248
71	275
71	296
71	309
71	438
71	485
71	515
71	645
71	709
71	753
71	877
71	972
71	991
72	77
72	114
72	135
72	139
72	148
72	185
72	270
72	297
72	312
72	322
72	341
72	384
72	586
72	671
72	873
72	899
72	997
73	136
73	154
73	162
73	193
73	237
73	252
73	327
73	338
73	395
73	409
73	431
73	483
73	648
73	722
73	773
73	798
73	844
73	858
74	116
74	193
74	227
74	228
74	265
74	297
74	302
74	312
74	325
74	411
74	442
74	452
74	499
74	503
74	618
74	628
74	687
74	773
74	788
74	794
75	87
75	90
75	156
75	248
75	278
75	323
75	404
75	438
75	525
75	592
75	598
75	611
75	612
75	623
75	720
75	730
75	832
75	852
75	954
76	95
76	122
76	157
76	163
76	173
76	194
76	197
76	229
76	386
76	396
76	455
76	546
76	791
76	813
76	830
76	838
76	923
76	924
77	80
77	93
77	101
77	169
77	243
77	270
77	321
77	328
77	363
77	393
77	408
77	415
77	485
77	539
77	587
77	862
77	971
78	82
78	110
78	153
78	232
78	236
78	237
78	317
78	336
78	373
78	495
78	503
78	581
78	849
78	976
79	82
79	104
79	105
79	114
79	197
79	300
79	332
79	358
79	386
79	512
79	546
79	682
79	775
79	783
79	790
79	866
80	150
80	167
80	170
80	176
80	185
80	223
80	362
80	380
80	625
80	678
80	749
80	763
80	932
81	90
81	148
81	175
81	290
81	311
81	360
81	369
81	371
81	415
81	464
81	487
81	506
81	539
81	641
81	688
81	731
81	849
82	112
82	142
82	212
82	221
82	224
82	233
82	267
82	327
82	457
82	621
82	924
83	88
83	104
83	117
83	129
83	136
83	156
83	160
83	162
83	204
83	221
83	340
83	365
83	429
83	492
83	888
84	111
84	116
84	128
84	132
84	227
84	247
84	249
84	316
84	319
84	339
84	417
84	765
84	857
84	879
84	937
85	113
85	121
85	133
85	227
85	312
85	326
85	358
85	379
85	426
85	428
85	530
85	561
85	634
85	702
85	726
85	727
85	754
85	911
85	943
86	100
86	111
86	222
86	249
86	262
86	432
86	434
86	484
86	498
86	696
86	839
86	923
86	934
86	942
86	969
86	970
87	90
87	117
87	130
87	149
87	202
87	278
87	290
87	387
87	414
87	552
87	594
87	667
87	690
87	696
87	746
87	864
88	91
88	143
88	146
88	160
88	224
88	233
88	266
88	309
88	310
88	501
88	639
88	700
88	814
88	871
88	877
88	941
89	102
89	106
89	117
89	146
89	168
89	170
89	184
89	229
89	232
89	245
89	301
89	348
89	356
89	374
89	380
89	394
89	419
89	500
89	600
90	143
90	179
90	275
90	339
90	354
90	427
90	437
90	673
90	714
90	787
90	995
91	141
91	208
91	240
91	242
91	253
91	297
91	326
91	353
91	365
91	389
91	396
91	424
91	551
91	581
91	660
91	712
92	214
92	255
92	256
92	260
92	261
92	268
92	297
92	344
92	400
92	411
92	610
92	617
92	654
92	726
92	742
92	940
92	995
93	103
93	119
93	123
93	170
93	192
93	206
93	244
93	256
93	323
93	376
93	439
93	520
93	623
93	673
93	829
93	835
94	149
94	162
94	217
94	252
94	255
94	284
94	293
94	319
94	334
94	384
94	411
94	452
94	474
94	489
94	638
94	834
95	261
95	272
95	273
95	305
95	310
95	359
95	370
95	376
95	404
95	412
95	514
95	543
95	762
95	783
95	795
95	902
96	100
96	151
96	158
96	191
96	222
96	288
96	296
96	328
96	351
96	525
96	560
96	674
96	684
96	893
96	910
97	98
97	114
97	161
97	251
97	350
97	494
97	507
97	589
97	793
97	813
97	836
97	864
97	926
97	972
98	117
98	158
98	209
98	224
98	226
98	242
98	325
98	350
98	415
98	417
98	436
98	452
98	651
98	694
98	977
99	172
99	194
99	265
99	268
99	289
99	293
99	466
99	530
99	677
99	682
99	708
99	883
99	925
99	951
100	107
100	114
100	155
100	300
100	302
100	398
100	401
100	450
100	547
100	568
100	664
100	704
100	741
100	743
101	116
101	117
101	152
101	154
101	206
101	256
101	277
101	304
101	348
101	408
101	612
101	748
101	912
102	135
102	159
102	168
102	273
102	274
102	281
102	287
102	406
102	479
102	545
102	552
102	706
102	798
102	882
102	887
102	905
102	990
103	108
103	113
103	246
103	259
103	306
103	313
103	433
103	449
103	588
103	785
103	823
103	830
103	985
104	134
104	159
104	173
104	199
104	222
104	228
104	269
104	283
104	362
104	464
104	700
104	713
104	984
105	113
105	124
105	202
105	285
105	312
105	330
105	359
105	415
105	547
105	650
105	992
106	131
106	237
106	284
106	287
106	353
106	369
106	502
106	560
106	680
106	846
107	181
107	253
107	262
107	287
107	309
107	404
107	427
107	533
107	913
107	981
108	121
108	145
108	238
108	239
108	432
108	443
108	504
108	656
108	735
108	770
108	829
108	943
108	967
109	125
109	152
109	170
109	207
109	257
109	267
109	311
109	347
109	365
109	713
109	739
109	810
109	842
110	139
110	152
110	233
110	333
110	349
110	389
110	543
110	678
110	969
111	186
111	202
111	210
111	266
111	299
111	344
111	349
111	393
111	536
111	566
111	603
111	617
111	860
111	949
112	117
112	136
112	171
112	216
112	240
112	274
112	275
112	299
112	342
112	550
112	731
112	811
112	898
112	907
113	229
113	239
113	257
113	316
113	461
113	499
113	508
113	510
113	532
113	636
113	660
113	707
114	159
114	170
114	210
114	247
114	321
114	359
114	587
114	802
114	928
114	933
115	132
115	176
115	225
115	242
115	282
115	305
115	324
115	373
115	489
115	544
115	603
115	637
115	774
115	958
116	132
116	189
116	196
116	202
116	214
116	353
116	355
116	442
116	458
116	716
116	982
117	138
117	168
117	189
117	226
117	244
117	289
117	378
117	504
117	589
117	920
118	128
118	164
118	207
118	315
118	353
118	359
118	362
118	375
118	383
118	411
118	693
118	951
118	954
119	123
119	233
119	264
119	374
119	378
119	406
119	414
119	497
119	553
119	616
120	148
120	214
120	296
120	306
120	348
120	477
120	621
120	624
120	758
120	765
120	836
120	976
121	183
121	252
121	293
121	401
121	512
121	560
121	596
121	783
122	130
122	143
122	344
122	365
122	464
122	616
122	663
122	671
122	826
122	845
122	946
123	178
123	194
123	202
123	398
123	418
123	673
123	681
123	788
123	791
123	795
123	838
124	125
124	130
124	232
124	246
124	268
124	332
124	445
124	468
124	609
124	644
124	767
124	963
125	166
125	195
125	258
125	286
125	481
125	538
125	670
125	774
125	824
126	149
126	190
126	197
126	204
126	218
126	368
126	461
126	629
126	668
126	859
126	914
127	132
127	179
127	214
127	262
127	306
127	337
127	354
127	371
127	424
127	604
127	781
127	799
127	824
127	988
128	223
128	346
128	406
128	426
128	523
128	608
128	754
128	755
128	769
128	776
128	895
128	954
129	189
129	256
129	318
129	345
129	486
129	523
129	569
129	732
129	766
129	834
129	968
130	187
130	200
130	206
130	336
130	464
130	495
130	516
130	725
130	752
130	819
130	889
131	134
131	247
131	294
131	295
131	314
131	328
131	609
131	712
131	762
131	808
131	971
131	994
132	273
132	302
132	375
132	412
132	439
132	773
132	805
132	953
133	165
133	284
133	418
133	476
133	584
133	601
133	699
133	944
134	224
134	261
134	303
134	304
134	342
134	345
134	696
134	892
134	935
135	143
135	163
135	187
135	244
135	368
135	381
135	416
135	503
135	542
135	597
135	688
135	970
136	153
136	164
136	172
136	192
136	323
136	348
136	408
136	461
136	795
136	908
136	959
137	169
137	188
137	208
137	231
137	248
137	324
137	467
137	487
137	683
137	761
137	964
138	143
138	144
138	181
138	230
138	257
138	371
138	439
138	479
138	482
138	649
138	703
138	724
138	971
139	166
139	255
139	282
139	309
139	515
139	555
139	714
139	739
139	816
139	847
139	991
140	175
140	200
140	201
140	206
140	254
140	283
140	505
140	645
140	747
140	837
140	952
141	171
141	187
141	196
141	236
141	369
141	371
141	395
141	485
141	557
141	777
141	804
142	179
142	196
142	222
142	276
142	320
142	328
142	331
142	560
142	596
142	644
142	717
142	780
143	145
143	190
143	246
143	305
143	312
143	391
143	465
143	504
143	513
143	971
144	145
144	218
144	259
144	270
144	632
144	797
144	819
144	823
144	867
144	874
145	240
145	319
145	389
145	601
145	1000
146	176
146	244
146	313
146	319
146	421
146	427
146	579
146	652
146	809
146	882
146	966
147	168
147	377
147	396
147	402
147	513
147	570
147	665
147	743
147	792
147	871
147	878
147	906
148	242
148	387
148	406
148	535
148	547
148	689
148	722
148	765
148	796
148	988
149	191
149	307
149	327
149	509
149	557
149	582
149	759
149	776
149	777
149	921
150	157
150	403
150	455
150	457
150	541
150	707
150	729
150	781
150	806
150	889
151	173
151	184
151	288
151	323
151	341
151	395
151	400
151	555
151	568
151	701
151	735
151	982
152	166
152	219
152	231
152	417
152	440
152	507
152	839
152	859
153	158
153	212
153	238
153	290
153	317
153	388
153	431
153	522
153	575
153	649
153	967
154	184
154	202
154	291
154	324
154	364
154	438
154	597
154	673
154	689
154	697
154	908
154	909
155	160
155	388
155	460
155	526
155	637
155	653
155	903
155	925
155	939
156	233
156	346
156	363
156	395
156	487
156	503
156	545
156	760
156	944
157	170
157	211
157	265
157	375
157	423
157	441
157	474
157	632
157	855
158	165
158	340
158	342
158	378
158	495
158	645
158	751
158	968
159	381
159	540
159	601
159	710
159	822
159	825
159	830
159	998
160	194
160	253
160	274
160	334
160	372
160	519
160	585
160	688
160	698
161	179
161	419
161	431
161	441
161	469
161	531
161	538
161	610
161	616
161	851
161	862
161	990
162	192
162	219
162	247
162	250
162	294
162	353
162	435
162	584
162	690
162	831
163	235
163	410
163	456
163	470
163	580
163	589
163	604
163	660
163	939
164	187
164	354
164	355
164	571
164	595
164	637
164	640
164	694
164	858
164	987
165	188
165	191
165	400
165	410
165	510
165	594
165	799
165	839
165	936
166	167
166	269
166	298
166	321
166	402
166	473
166	630
166	889
166	917
166	938
167	204
167	357
167	412
167	440
167	644
167	685
167	702
167	711
167	819
167	998
168	315
168	445
168	487
168	591
168	631
168	711
168	719
169	192
169	199
169	209
169	213
169	247
169	431
169	527
169	577
169	819
169	906
170	718
170	737
170	775
171	351
171	394
171	422
171	556
171	568
171	575
171	622
171	665
171	683
171	721
171	790
171	837
172	205
172	511
172	523
172	599
172	805
172	899
172	900
172	908
173	178
173	266
173	297
173	380
173	453
173	777
173	907
174	180
174	183
174	197
174	203
174	222
174	236
174	482
174	544
174	582
174	635
175	186
175	283
175	423
175	734
175	943
175	973
175	979
176	263
176	301
176	469
176	509
176	584
176	902
177	180
177	218
177	256
177	261
177	293
177	337
177	465
177	607
177	609
177	824
177	861
178	219
178	311
178	635
178	820
178	856
178	895
178	901
178	978
179	239
179	277
179	344
179	657
179	984
180	337
180	398
180	485
180	541
180	642
180	718
181	259
181	352
181	437
181	438
181	659
181	728
181	774
181	785
181	889
182	313
182	352
182	416
182	477
182	529
182	684
182	842
182	866
182	891
182	999
183	217
183	363
183	423
183	456
183	490
183	552
183	561
183	736
183	938
184	235
184	512
184	544
184	657
184	810
184	831
184	980
185	198
185	199
185	251
185	272
185	288
185	300
185	302
185	687
185	734
186	268
186	599
186	680
186	728
186	832
187	270
187	294
187	504
187	530
187	649
187	772
188	223
188	239
188	244
188	255
188	365
188	420
188	426
188	544
188	602
188	997
189	213
189	232
189	325
189	487
189	619
190	241
190	300
190	343
190	390
190	450
190	518
190	567
190	858
190	937
191	285
191	292
191	302
191	347
191	469
191	554
191	723
191	798
192	253
192	369
192	432
192	569
192	825
192	876
193	202
193	228
193	413
193	516
193	519
193	677
193	709
193	953
194	277
194	309
194	424
194	614
194	627
195	268
195	319
195	328
195	459
195	491
195	792
196	209
196	620
196	632
196	792
196	801
196	956
197	217
197	337
197	340
197	470
197	536
197	565
198	221
198	226
198	280
198	376
198	627
198	750
198	867
199	203
199	250
199	258
199	272
199	316
199	317
199	338
199	495
200	218
200	288
200	514
200	651
200	664
200	733
200	811
200	883
200	946
201	428
201	429
201	444
201	525
201	664
201	695
201	820
201	893
201	928
202	299
202	430
202	987
203	209
203	452
203	687
203	743
203	760
203	983
204	338
204	361
204	619
204	635
204	812
205	356
205	365
205	531
205	715
205	796
205	897
205	906
206	304
206	472
206	480
206	504
206	508
206	701
206	894
206	948
207	273
207	280
207	300
207	335
207	564
207	583
207	601
207	952
207	970
208	297
208	329
208	464
208	498
208	653
208	672
208	675
208	802
208	820
208	888
209	364
209	400
209	603
209	708
209	782
209	809
209	957
210	293
210	497
210	520
210	533
210	561
210	706
210	710
210	938
211	219
211	266
211	316
211	578
211	637
211	675
211	865
211	942
211	974
212	250
212	304
212	330
212	390
212	697
212	723
212	732
212	748
212	767
213	234
213	496
213	517
213	746
213	757
213	872
214	241
214	432
214	450
214	629
214	640
214	891
215	259
215	469
215	501
215	597
215	612
215	663
215	943
215	959
215	976
216	274
216	283
216	288
216	414
216	635
216	686
216	700
216	818
216	916
216	936
217	412
217	445
217	692
217	922
217	987
218	225
218	334
218	483
218	866
219	388
219	490
219	568
219	580
219	647
219	909
220	225
220	289
220	320
220	373
220	447
220	553
220	727
220	755
220	920
221	234
221	245
221	424
221	574
221	658
222	316
222	497
222	661
222	717
222	899
223	281
223	631
223	639
223	951
224	235
224	280
224	372
224	537
224	851
225	267
225	360
225	585
225	587
225	745
226	263
226	288
226	345
226	428
226	453
226	537
226	562
226	761
227	267
227	276
227	333
227	348
227	384
227	387
228	307
228	459
228	565
228	605
228	678
228	786
228	857
228	911
229	278
229	333
229	393
229	532
229	573
230	231
230	232
230	246
230	356
230	392
230	540
230	545
230	720
230	766
231	248
231	283
231	315
231	402
231	411
231	709
231	732
231	833
232	469
232	649
232	769
232	804
232	894
232	963
233	512
233	640
233	729
233	927
233	978
234	443
234	511
234	513
234	578
234	679
235	301
235	574
235	615
235	949
236	568
236	676
236	761
236	885
237	327
237	491
237	813
237	925
237	992
238	355
238	403
238	454
238	462
239	407
239	599
239	850
240	261
240	265
240	351
240	576
240	615
241	243
241	361
241	514
241	867
241	900
242	264
242	351
242	548
242	623
242	904
243	327
243	346
243	367
243	386
243	444
243	672
243	782
243	820
243	931
244	303
244	313
244	442
244	494
244	940
245	292
245	310
245	392
245	394
245	412
245	707
245	730
246	264
246	277
246	662
246	698
246	884
247	379
247	454
247	723
247	857
247	997
248	325
248	356
248	373
248	538
248	686
248	753
249	321
249	334
249	572
249	589
249	777
249	893
250	328
250	450
250	480
250	693
250	783
250	875
251	370
251	438
251	522
251	538
251	590
251	662
251	710
252	278
252	341
252	374
252	453
252	535
252	801
252	930
253	261
253	333
253	957
253	990
254	286
254	493
254	579
254	708
254	808
254	883
255	338
255	431
255	462
255	545
256	616
256	814
256	912
257	349
257	400
257	419
257	471
257	573
257	624
258	536
258	652
258	658
258	701
258	781
259	273
259	439
259	449
259	689
259	885
260	276
260	425
260	465
260	800
260	819
260	845
260	933
260	969
261	452
261	465
262	280
262	422
262	514
262	689
262	731
262	755
262	788
263	441
263	596
263	709
263	800
263	931
263	950
264	284
264	301
264	343
264	347
264	433
264	577
264	821
264	884
265	285
265	601
265	606
266	320
266	472
266	527
266	987
267	534
267	541
267	796
267	840
267	848
268	322
268	759
268	922
269	421
269	491
269	711
269	745
269	914
270	593
270	646
270	890
270	951
271	287
271	289
271	295
271	364
271	370
271	373
271	376
271	641
271	838
271	918
272	431
272	629
272	784
272	809
273	640
273	803
274	462
274	571
274	659
274	715
275	495
275	531
275	552
275	661
275	716
275	915
276	335
276	448
276	464
276	547
276	904
277	364
277	397
277	452
277	643
277	969
278	547
278	726
278	877
278	945
279	329
279	368
279	455
279	466
279	479
279	502
279	793
279	903
279	977
280	350
280	499
280	529
280	917
280	1000
281	436
281	549
281	660
281	830
281	965
282	344
282	486
282	508
282	772
282	847
282	958
283	335
283	539
283	811
283	902
284	399
284	742
284	746
284	944
285	290
285	381
285	413
285	621
285	726
286	347
286	644
286	726
286	751
286	973
287	315
287	322
287	347
288	441
288	587
289	342
289	517
289	561
289	605
289	661
290	336
290	528
290	556
290	636
290	780
291	340
291	423
291	486
291	841
292	363
292	399
292	485
292	823
292	850
293	318
293	522
293	586
293	643
294	297
294	355
294	510
294	692
295	311
295	528
295	590
295	883
295	996
296	337
296	525
296	789
296	885
296	982
297	308
297	343
297	934
298	326
298	359
298	572
298	672
298	673
298	817
299	341
299	391
299	529
300	916
301	402
301	413
301	489
301	956
302	303
302	380
302	705
303	554
303	722
304	386
304	471
304	699
304	892
305	501
305	514
305	961
306	381
306	462
306	574
306	638
306	649
307	333
307	345
307	461
307	476
307	567
307	569
307	855
307	957
308	503
308	532
308	613
308	622
308	751
308	960
309	338
309	395
309	437
309	672
310	630
310	631
310	663
311	370
311	505
311	692
311	784
311	955
312	625
312	808
313	418
313	465
313	934
313	973
313	989
314	386
314	438
314	454
314	494
314	518
314	528
314	913
315	339
315	407
315	598
315	861
315	961
316	356
316	439
317	437
317	443
317	448
317	625
317	794
318	323
318	325
318	618
318	764
318	878
319	349
320	373
320	668
321	366
321	569
321	706
321	964
322	489
322	653
322	818
322	842
322	887
323	324
324	331
324	375
324	747
325	456
325	498
325	532
325	812
326	549
326	633
326	741
326	942
327	670
327	941
328	744
329	441
329	557
329	658
329	741
329	935
330	466
330	537
330	565
330	571
330	882
331	469
331	509
331	614
331	793
331	826
332	460
332	588
332	873
333	348
333	382
333	535
333	651
334	449
334	630
334	741
334	806
335	430
335	559
335	738
335	812
336	368
336	392
336	502
336	784
336	840
337	359
338	411
338	500
338	664
338	891
339	356
339	800
339	827
339	926
340	354
340	538
340	627
340	945
341	423
341	628
341	876
342	622
342	728
342	869
343	402
343	587
343	924
344	349
344	542
344	665
345	467
345	484
345	583
346	381
346	598
347	417
347	433
347	553
347	756
349	363
349	397
349	551
350	509
350	647
351	578
351	666
351	843
352	360
352	475
352	724
352	768
353	430
353	524
354	413
354	462
354	465
354	669
354	719
355	511
355	597
356	915
356	949
357	600
357	986
358	382
358	646
358	708
359	393
360	601
360	683
360	756
360	952
360	999
361	395
361	442
361	558
361	593
361	636
361	760
362	535
362	544
362	739
362	949
363	909
364	474
364	609
364	691
364	935
365	472
365	712
366	550
366	636
366	694
366	752
366	837
366	962
367	466
367	502
367	507
367	544
367	820
367	931
368	429
368	656
369	418
370	608
370	734
371	411
371	517
371	728
372	403
372	492
372	658
373	460
373	703
374	400
374	523
374	921
375	407
375	458
375	797
376	532
376	730
376	770
377	386
377	427
377	433
377	488
377	771
377	834
378	381
378	418
378	664
379	912
379	945
379	947
380	515
380	862
381	404
381	524
382	667
382	698
382	788
383	389
383	395
383	485
383	829
383	926
384	410
384	483
384	784
385	576
385	577
385	613
385	786
387	440
387	588
388	598
388	715
389	749
389	757
389	841
390	492
390	522
390	710
391	505
391	523
391	710
392	492
392	692
392	971
393	717
393	815
393	880
393	962
394	415
394	440
394	447
394	647
394	961
396	513
396	519
396	984
397	409
397	726
397	970
398	799
398	885
398	901
399	720
399	894
400	427
401	407
401	435
401	500
401	779
401	852
402	695
403	655
403	660
403	671
403	877
404	588
404	607
404	810
405	424
405	585
405	615
405	892
406	785
407	421
407	703
408	557
408	704
408	711
409	425
409	611
410	429
410	543
410	616
410	986
411	413
412	652
412	728
413	457
413	903
414	608
414	921
415	930
416	516
416	929
417	596
417	832
417	965
418	505
419	576
419	866
420	437
420	573
420	585
420	910
420	960
421	827
422	488
422	686
422	905
422	952
423	588
423	713
424	440
425	624
425	647
426	442
426	463
426	501
427	966
428	591
428	776
428	927
430	439
430	508
430	604
430	654
430	684
432	575
432	941
433	462
434	746
434	837
434	983
435	457
435	545
435	786
436	564
436	633
436	782
436	876
437	540
437	979
438	520
439	562
440	473
440	530
440	967
441	628
441	827
442	780
443	457
443	526
443	566
443	926
443	958
444	513
444	520
444	750
444	760
444	979
445	468
445	524
445	789
445	869
446	604
446	787
446	803
446	930
446	999
447	600
447	603
447	797
447	907
448	594
449	676
450	454
450	563
450	703
451	645
451	650
451	725
455	558
456	684
456	860
456	958
457	675
457	942
458	635
458	974
459	506
459	600
460	558
460	848
461	700
461	807
461	890
462	506
463	655
463	667
463	987
464	936
466	696
467	628
467	709
468	593
468	816
469	553
470	517
470	566
470	633
470	915
471	483
471	735
471	795
471	978
472	541
472	632
472	978
473	727
473	863
473	993
474	653
474	852
474	867
475	648
475	890
475	994
476	646
476	910
476	930
476	961
477	556
477	706
477	789
477	985
478	650
478	816
478	962
479	537
479	703
479	923
480	540
480	631
480	975
481	583
481	587
481	669
481	899
482	614
482	716
482	806
483	931
484	551
484	742
486	740
487	621
488	786
488	884
490	705
490	868
490	948
491	656
492	630
492	723
493	637
493	654
493	986
494	543
494	564
494	605
495	943
496	547
496	695
497	627
497	805
497	972
498	529
498	967
499	559
499	750
500	518
500	764
500	851
501	521
502	796
502	808
503	985
505	774
505	978
505	996
506	669
506	865
507	521
507	580
507	835
508	871
508	905
510	568
510	972
512	794
512	904
513	650
514	887
514	901
515	654
515	669
516	528
516	759
516	965
517	542
517	586
518	687
518	878
518	984
519	528
519	683
519	767
519	918
520	691
520	912
521	529
521	592
521	629
521	905
523	860
523	904
524	529
524	920
525	554
525	619
526	697
526	779
527	691
527	692
527	983
530	742
531	626
531	695
531	840
531	881
532	564
532	591
533	592
533	639
533	754
533	822
534	723
534	800
534	874
534	879
535	658
536	807
537	794
537	847
538	685
538	928
539	613
539	704
540	592
540	804
541	566
541	888
542	571
542	701
543	662
543	786
544	807
545	913
546	572
546	602
546	936
548	565
548	846
548	853
548	962
548	980
549	778
549	907
550	670
550	807
550	923
551	731
551	846
551	955
553	699
554	744
555	982
556	764
557	974
558	570
558	785
559	708
559	713
559	879
560	572
560	581
560	893
561	634
561	678
562	686
562	826
563	733
563	865
563	881
564	994
565	600
565	702
566	816
567	829
567	896
567	946
568	974
569	772
569	918
570	583
570	791
570	937
571	698
572	607
572	715
572	969
573	730
574	875
575	705
575	916
576	778
576	860
577	715
577	717
578	651
578	932
579	996
580	589
580	643
580	704
581	680
582	646
582	795
584	684
584	693
584	761
585	590
586	661
586	663
588	878
589	671
590	594
591	678
591	806
591	854
593	633
593	738
594	754
595	626
595	752
595	811
595	874
595	939
596	843
597	882
598	725
599	711
602	911
603	765
604	849
604	888
605	908
606	747
606	828
607	682
607	721
608	621
608	919
609	615
610	705
611	707
612	931
612	938
613	650
615	638
617	654
617	670
617	748
617	842
618	880
619	989
620	669
620	866
622	963
623	947
624	946
625	690
626	783
627	768
628	702
629	922
632	933
633	867
633	914
634	690
634	869
634	875
634	933
636	996
637	703
638	687
638	770
639	753
639	979
640	729
641	780
641	854
642	880
643	712
643	773
645	975
647	651
647	839
648	864
648	905
648	986
650	745
652	859
653	663
653	859
655	862
657	707
657	758
658	737
659	789
659	847
662	903
664	1000
665	875
666	850
666	880
667	980
668	964
669	841
670	750
672	748
672	922
675	718
675	845
676	821
676	957
677	716
677	809
679	796
680	901
680	928
681	872
681	876
682	785
682	871
684	855
685	687
685	989
686	961
689	697
689	841
690	838
690	966
691	917
691	994
693	897
694	862
695	756
696	968
698	937
699	810
700	762
700	771
702	719
702	895
704	808
706	926
707	895
715	751
716	806
717	924
718	769
718	853
719	733
720	735
720	871
722	724
722	932
724	729
724	818
724	953
727	743
727	990
728	870
731	758
733	836
734	897
734	968
736	946
737	910
738	941
740	896
741	842
742	959
745	823
745	886
746	856
747	934
749	830
750	882
753	881
753	996
756	927
759	774
759	884
760	828
761	914
762	807
762	860
763	817
764	887
766	828
768	854
771	832
771	953
773	894
778	823
778	863
779	924
780	872
784	965
787	799
788	955
790	825
791	916
792	900
792	914
797	872
797	930
801	1000
802	956
803	804
803	864
812	973
814	870
814	919
815	983
818	825
821	824
822	848
822	973
825	853
826	919
827	836
829	856
838	915
839	963
844	884
844	997
851	949
855	939
861	890
865	936
868	911
869	972
870	970
873	915
873	917
886	898
888	957
889	898
890	941
895	993
897	988
902	997
903	981
904	992
908	975
909	917
911	967
918	965
918	998
921	929
940	981
945	980
951	982
976	999
981	993
