1	10
1	12
1	19
1	21
1	49
1	50
1	59
1	64
1	70
1	72
1	75
1	84
1	91
1	97
1	108
1	121
1	214
1	263
1	295
1	299
1	310
1	322
1	326
1	329
1	331
1	337
1	356
1	359
1	391
1	414
1	428
1	432
1	437
1	476
1	510
1	574
1	581
1	638
1	698
1	706
1	712
1	757
1	818
1	880
1	915
1	918
1	931
1	937
1	957
1	976
2	5
2	13
2	16
2	17
2	21
2	34
2	37
2	53
2	71
2	73
2	82
2	87
2	89
2	94
2	96
2	100
2	105
2	149
2	161
2	164
2	168
2	171
2	173
2	190
2	204
2	222
2	252
2	288
2	289
2	294
2	338
2	355
2	427
2	459
2	467
2	474
2	475
2	476
2	550
2	566
2	618
2	793
2	826
2	847
2	868
2	952
2	969
2	982
3	4
3	28
3	40
3	42
3	53
3	54
3	61
3	66
3	72
3	73
3	77
3	93
3	109
3	114
3	144
3	159
3	171
3	178
3	189
3	209
3	228
3	229
3	236
3	261
3	281
3	305
3	335
3	347
3	413
3	441
3	465
3	478
3	490
3	514
3	574
3	592
3	645
3	664
3	688
3	734
3	736
3	765
3	795
3	828
3	839
3	923
3	974
4	28
4	36
4	38
4	40
4	54
4	61
4	71
4	72
4	77
4	86
4	88
4	93
4	144
4	183
4	187
4	191
4	204
4	217
4	234
4	236
4	243
4	249
4	275
4	335
4	364
4	417
4	436
4	443
4	462
4	529
4	551
4	562
4	574
4	594
4	603
4	615
4	632
4	725
4	726
4	760
4	768
4	828
4	845
4	875
4	920
4	982
5	13
5	15
5	17
5	21
5	26
5	34
5	37
5	53
5	61
5	71
5	73
5	82
5	102
5	105
5	111
5	164
5	169
5	186
5	190
5	208
5	222
5	236
5	247
5	266
5	269
5	289
5	294
5	336
5	355
5	376
5	377
5	388
5	476
5	517
5	562
5	651
5	698
5	707
5	767
5	788
5	812
5	855
5	952
5	966
5	978
5	990
6	7
6	15
6	17
6	25
6	27
6	42
6	45
6	74
6	87
6	89
6	101
6	121
6	126
6	135
6	136
6	142
6	180
6	202
6	203
6	212
6	224
6	232
6	314
6	316
6	358
6	363
6	419
6	468
6	489
6	547
6	612
6	633
6	634
6	660
6	668
6	701
6	703
6	715
6	777
6	811
6	813
6	848
6	857
6	871
6	876
7	11
7	17
7	25
7	31
7	33
7	34
7	38
7	47
7	72
7	87
7	114
7	116
7	146
7	151
7	163
7	179
7	199
7	210
7	224
7	235
7	262
7	279
7	291
7	308
7	332
7	337
7	380
7	390
7	412
7	419
7	426
7	435
7	444
7	468
7	489
7	494
7	521
7	683
7	799
7	813
7	835
7	894
8	9
8	43
8	50
8	58
8	62
8	88
8	97
8	127
8	130
8	139
8	158
8	165
8	179
8	184
8	205
8	213
8	226
8	239
8	251
8	256
8	267
8	301
8	330
8	406
8	433
8	466
8	492
8	563
8	573
8	584
8	623
8	633
8	643
8	684
8	720
8	738
8	784
8	832
8	833
8	897
8	906
8	973
8	989
9	13
9	20
9	28
9	29
9	30
9	31
9	49
9	81
9	90
9	99
9	106
9	113
9	124
9	197
9	229
9	230
9	255
9	268
9	272
9	278
9	329
9	375
9	381
9	407
9	416
9	453
9	464
9	526
9	538
9	582
9	600
9	622
9	669
9	680
9	730
9	739
9	794
9	824
9	853
9	890
9	924
10	12
10	14
10	19
10	29
10	51
10	57
10	70
10	74
10	75
10	123
10	131
10	136
10	152
10	200
10	245
10	265
10	283
10	295
10	297
10	299
10	326
10	333
10	337
10	367
10	371
10	398
10	424
10	484
10	488
10	499
10	518
10	553
10	556
10	595
10	688
10	691
10	726
10	778
10	836
10	858
10	884
11	15
11	16
11	23
11	24
11	26
11	39
11	51
11	55
11	65
11	66
11	69
11	84
11	98
11	133
11	157
11	160
11	207
11	248
11	288
11	298
11	303
11	308
11	345
11	393
11	397
11	502
11	507
11	533
11	559
11	569
11	600
11	621
11	637
11	656
11	675
11	708
11	766
11	779
11	827
11	877
11	929
12	19
12	50
12	51
12	55
12	57
12	74
12	75
12	78
12	80
12	91
12	97
12	108
12	133
12	160
12	186
12	265
12	269
12	272
12	283
12	286
12	309
12	337
12	339
12	352
12	383
12	424
12	437
12	484
12	499
12	510
12	576
12	591
12	613
12	618
12	839
12	865
12	907
12	941
12	996
13	21
13	26
13	34
13	54
13	76
13	88
13	94
13	96
13	105
13	126
13	142
13	144
13	164
13	168
13	169
13	208
13	239
13	315
13	342
13	355
13	362
13	377
13	406
13	423
13	447
13	474
13	517
13	521
13	575
13	586
13	753
13	829
13	900
13	916
13	921
13	930
13	933
13	934
14	43
14	52
14	53
14	58
14	60
14	62
14	64
14	67
14	88
14	100
14	127
14	130
14	137
14	174
14	187
14	205
14	234
14	251
14	267
14	270
14	280
14	289
14	319
14	327
14	330
14	405
14	432
14	553
14	555
14	602
14	619
14	678
14	771
14	811
14	885
14	897
14	909
14	953
14	989
14	993
15	16
15	23
15	28
15	39
15	55
15	62
15	66
15	69
15	81
15	98
15	133
15	137
15	138
15	140
15	157
15	160
15	169
15	178
15	182
15	288
15	293
15	303
15	345
15	371
15	393
15	395
15	457
15	507
15	531
15	533
15	548
15	585
15	741
15	792
15	801
15	806
15	984
16	19
16	23
16	26
16	39
16	55
16	65
16	66
16	69
16	84
16	91
16	98
16	100
16	125
16	132
16	133
16	138
16	157
16	161
16	210
16	225
16	274
16	328
16	363
16	370
16	409
16	439
16	450
16	531
16	564
16	656
16	673
16	778
16	790
16	877
16	922
16	935
16	975
17	21
17	34
17	37
17	73
17	82
17	105
17	123
17	149
17	164
17	169
17	173
17	190
17	205
17	211
17	222
17	247
17	252
17	294
17	315
17	399
17	411
17	474
17	475
17	551
17	628
17	644
17	666
17	745
17	753
17	797
17	806
17	837
17	914
17	950
17	971
17	973
18	25
18	38
18	45
18	47
18	85
18	136
18	178
18	180
18	221
18	232
18	241
18	248
18	279
18	308
18	319
18	327
18	332
18	360
18	380
18	400
18	402
18	430
18	436
18	480
18	489
18	494
18	591
18	602
18	639
18	663
18	796
18	813
18	817
18	830
18	862
18	867
18	871
18	902
18	955
19	57
19	70
19	74
19	80
19	97
19	104
19	108
19	110
19	122
19	203
19	233
19	245
19	254
19	257
19	269
19	310
19	337
19	401
19	457
19	460
19	499
19	552
19	556
19	581
19	597
19	629
19	665
19	685
19	710
19	722
19	746
19	765
19	836
19	843
19	898
20	27
20	29
20	31
20	40
20	43
20	49
20	68
20	90
20	106
20	113
20	124
20	199
20	226
20	266
20	272
20	282
20	285
20	329
20	341
20	381
20	395
20	407
20	416
20	464
20	474
20	520
20	538
20	582
20	622
20	659
20	667
20	675
20	800
20	853
20	890
20	924
20	991
21	23
21	32
21	37
21	53
21	57
21	71
21	76
21	94
21	105
21	149
21	153
21	164
21	169
21	317
21	343
21	353
21	373
21	377
21	394
21	397
21	404
21	406
21	411
21	427
21	474
21	525
21	630
21	655
21	895
21	901
21	934
21	971
21	982
22	24
22	33
22	35
22	48
22	61
22	67
22	92
22	101
22	134
22	141
22	162
22	174
22	188
22	198
22	215
22	220
22	237
22	323
22	324
22	349
22	354
22	374
22	384
22	388
22	522
22	536
22	625
22	646
22	649
22	723
22	816
22	853
22	898
22	912
22	951
22	954
22	986
23	26
23	39
23	46
23	52
23	55
23	65
23	66
23	81
23	98
23	125
23	133
23	140
23	160
23	175
23	201
23	275
23	278
23	294
23	337
23	345
23	352
23	417
23	520
23	568
23	583
23	642
23	656
23	708
23	711
23	732
23	787
23	789
23	792
24	33
24	44
24	48
24	58
24	117
24	129
24	141
24	150
24	155
24	156
24	161
24	192
24	198
24	220
24	261
24	291
24	323
24	345
24	373
24	387
24	408
24	422
24	508
24	546
24	548
24	558
24	625
24	666
24	699
24	709
24	718
24	852
24	911
24	925
24	987
25	38
25	43
25	45
25	47
25	60
25	64
25	78
25	87
25	142
25	147
25	203
25	221
25	277
25	319
25	410
25	436
25	451
25	480
25	501
25	509
25	514
25	571
25	612
25	650
25	663
25	668
25	713
25	716
25	720
25	740
25	744
25	883
25	993
26	38
26	39
26	55
26	65
26	69
26	71
26	75
26	78
26	81
26	98
26	132
26	182
26	201
26	225
26	226
26	352
26	370
26	409
26	415
26	528
26	531
26	585
26	613
26	674
26	710
26	789
26	798
26	848
26	904
26	929
26	934
27	38
27	53
27	60
27	101
27	136
27	155
27	163
27	180
27	190
27	193
27	218
27	235
27	264
27	291
27	380
27	389
27	416
27	479
27	498
27	501
27	506
27	570
27	583
27	707
27	711
27	869
27	883
27	894
27	914
27	955
27	956
27	958
27	995
28	42
28	49
28	72
28	77
28	93
28	109
28	111
28	151
28	159
28	191
28	229
28	237
28	244
28	275
28	281
28	293
28	307
28	364
28	411
28	468
28	478
28	487
28	541
28	644
28	688
28	722
28	729
28	754
28	820
28	845
28	980
29	31
29	38
29	49
29	82
29	106
29	113
29	124
29	226
29	230
29	255
29	262
29	266
29	268
29	284
29	334
29	341
29	381
29	394
29	407
29	416
29	462
29	538
29	543
29	600
29	669
29	801
29	825
29	843
29	853
29	952
29	991
30	56
30	85
30	94
30	115
30	122
30	145
30	148
30	154
30	165
30	187
30	188
30	223
30	234
30	241
30	246
30	287
30	318
30	328
30	371
30	372
30	382
30	384
30	395
30	425
30	469
30	533
30	542
30	561
30	681
30	749
30	757
30	804
30	881
31	45
31	49
31	50
31	59
31	72
31	90
31	106
31	113
31	142
31	226
31	262
31	266
31	339
31	341
31	377
31	416
31	446
31	450
31	453
31	479
31	504
31	550
31	582
31	622
31	632
31	667
31	730
31	824
31	844
31	924
32	56
32	77
32	79
32	83
32	92
32	106
32	128
32	132
32	153
32	181
32	199
32	206
32	216
32	243
32	360
32	361
32	388
32	396
32	440
32	442
32	453
32	576
32	584
32	697
32	717
32	815
32	886
32	936
32	945
32	959
32	960
33	35
33	46
33	48
33	99
33	104
33	128
33	141
33	156
33	161
33	162
33	174
33	176
33	198
33	233
33	261
33	305
33	341
33	374
33	387
33	448
33	522
33	526
33	538
33	546
33	666
33	816
33	912
33	950
33	970
34	37
34	42
34	82
34	96
34	105
34	123
34	192
34	201
34	230
34	242
34	306
34	318
34	338
34	378
34	388
34	423
34	459
34	475
34	476
34	573
34	611
34	812
34	837
34	849
34	860
34	888
35	48
35	99
35	117
35	120
35	126
35	134
35	141
35	161
35	174
35	175
35	176
35	285
35	305
35	324
35	374
35	393
35	467
35	491
35	626
35	639
35	672
35	686
35	696
35	703
35	740
35	925
35	940
35	951
35	968
36	40
36	109
36	115
36	144
36	163
36	167
36	178
36	194
36	196
36	197
36	244
36	248
36	249
36	347
36	351
36	473
36	483
36	601
36	612
36	651
36	658
36	688
36	689
36	712
36	726
36	736
36	749
36	827
36	875
36	984
37	71
37	73
37	96
37	123
37	177
37	190
37	195
37	214
37	222
37	246
37	289
37	315
37	317
37	328
37	336
37	388
37	418
37	447
37	459
37	461
37	475
37	690
37	698
37	743
37	907
37	1000
38	45
38	60
38	87
38	101
38	128
38	189
38	193
38	207
38	212
38	213
38	215
38	279
38	304
38	314
38	316
38	389
38	503
38	516
38	598
38	631
38	713
38	715
38	866
38	895
39	50
39	55
39	66
39	69
39	84
39	98
39	182
39	201
39	286
39	298
39	303
39	376
39	385
39	415
39	509
39	528
39	537
39	562
39	585
39	621
39	637
39	813
39	882
39	914
39	984
40	41
40	57
40	61
40	72
40	86
40	93
40	150
40	177
40	191
40	197
40	202
40	238
40	241
40	244
40	307
40	335
40	347
40	379
40	410
40	417
40	578
40	603
40	768
40	850
40	859
40	893
41	50
41	51
41	56
41	57
41	74
41	80
41	86
41	110
41	186
41	196
41	200
41	257
41	290
41	293
41	322
41	324
41	325
41	463
41	517
41	523
41	572
41	596
41	605
41	645
41	706
41	780
41	800
41	948
41	996
42	54
42	72
42	78
42	93
42	109
42	112
42	197
42	236
42	249
42	258
42	307
42	339
42	369
42	410
42	443
42	490
42	588
42	592
42	594
42	601
42	624
42	734
42	875
42	928
42	975
43	88
43	100
43	127
43	130
43	139
43	260
43	267
43	274
43	292
43	301
43	418
43	609
43	619
43	647
43	678
43	686
43	738
43	756
43	771
43	825
43	834
43	865
43	918
43	919
43	944
44	46
44	50
44	55
44	76
44	115
44	118
44	122
44	145
44	172
44	177
44	183
44	199
44	246
44	302
44	313
44	322
44	375
44	426
44	456
44	469
44	477
44	534
44	593
44	670
44	733
44	751
44	823
44	864
45	47
45	51
45	58
45	60
45	116
45	126
45	169
45	185
45	218
45	227
45	248
45	253
45	267
45	329
45	420
45	506
45	747
45	762
45	835
45	838
45	849
45	891
45	892
45	955
46	56
46	72
46	102
46	103
46	118
46	223
46	246
46	250
46	287
46	375
46	382
46	384
46	403
46	425
46	444
46	469
46	471
46	535
46	605
46	667
46	794
46	807
46	855
46	932
46	998
47	87
47	89
47	101
47	114
47	115
47	116
47	146
47	173
47	193
47	212
47	218
47	225
47	402
47	470
47	474
47	478
47	616
47	624
47	654
47	664
47	716
47	830
47	867
47	993
48	61
48	74
48	129
48	141
48	155
48	156
48	165
48	235
48	261
48	304
48	320
48	324
48	351
48	372
48	438
48	467
48	513
48	536
48	608
48	666
48	672
48	903
48	904
48	926
49	74
49	90
49	113
49	230
49	250
49	255
49	262
49	272
49	284
49	344
49	424
49	446
49	526
49	582
49	594
49	641
49	704
49	783
49	800
49	844
49	870
49	991
50	59
50	70
50	75
50	97
50	163
50	196
50	200
50	236
50	286
50	297
50	335
50	367
50	439
50	465
50	484
50	539
50	540
50	552
50	898
50	995
51	54
51	69
51	70
51	78
51	104
51	142
51	196
51	217
51	295
51	354
51	356
51	398
51	484
51	552
51	556
51	629
51	630
51	700
51	841
51	864
51	939
51	996
52	63
52	68
52	79
52	92
52	132
52	224
52	250
52	258
52	280
52	300
52	348
52	356
52	432
52	433
52	500
52	584
52	617
52	635
52	737
52	742
52	763
52	808
52	874
52	885
52	913
53	76
53	82
53	94
53	119
53	123
53	149
53	216
53	222
53	294
53	318
53	348
53	353
53	399
53	427
53	447
53	521
53	607
53	812
53	872
53	905
53	969
54	64
54	72
54	86
54	93
54	151
54	178
54	191
54	194
54	197
54	206
54	249
54	487
54	490
54	532
54	693
54	746
54	760
54	810
54	893
54	896
54	928
55	69
55	81
55	84
55	125
55	133
55	210
55	215
55	225
55	381
55	397
55	480
55	509
55	548
55	561
55	713
55	719
55	789
55	877
56	72
56	85
56	103
56	120
56	141
56	172
56	264
56	273
56	336
56	350
56	403
56	492
56	527
56	589
56	656
56	673
56	679
56	691
56	782
56	821
56	854
56	878
57	107
57	116
57	131
57	143
57	317
57	326
57	356
57	399
57	423
57	424
57	454
57	523
57	571
57	604
57	672
57	694
57	750
57	994
57	999
58	62
58	100
58	130
58	158
58	184
58	239
58	251
58	270
58	294
58	301
58	415
58	418
58	491
58	497
58	555
58	626
58	686
58	719
58	756
58	919
58	965
59	60
59	75
59	97
59	108
59	121
59	143
59	152
59	154
59	158
59	164
59	195
59	196
59	254
59	283
59	293
59	295
59	333
59	399
59	401
59	502
59	931
59	994
60	114
60	163
60	179
60	207
60	217
60	218
60	224
60	253
60	291
60	319
60	412
60	420
60	430
60	439
60	445
60	447
60	650
60	759
60	962
61	109
61	110
61	144
61	152
61	217
61	275
61	335
61	347
61	417
61	488
61	495
61	508
61	545
61	615
61	731
61	754
61	828
61	862
61	980
62	88
62	127
62	130
62	184
62	205
62	213
62	225
62	256
62	270
62	289
62	407
62	544
62	565
62	633
62	640
62	835
62	859
62	865
62	912
62	981
62	993
63	68
63	92
63	159
63	190
63	210
63	216
63	219
63	258
63	321
63	392
63	440
63	505
63	524
63	580
63	662
63	695
63	697
63	737
63	763
63	786
63	805
63	861
63	960
63	978
64	70
64	86
64	112
64	122
64	209
64	222
64	229
64	244
64	264
64	293
64	434
64	464
64	466
64	502
64	565
64	577
64	662
64	665
64	745
64	810
65	66
65	81
65	125
65	132
65	246
65	283
65	343
65	409
65	462
65	523
65	567
65	597
65	627
65	704
65	710
65	779
65	787
65	789
65	985
66	84
66	99
66	125
66	140
66	157
66	182
66	225
66	288
66	303
66	409
66	568
66	621
66	806
66	836
66	920
66	937
67	88
67	99
67	127
67	205
67	251
67	260
67	392
67	405
67	418
67	429
67	532
67	542
67	544
67	555
67	577
67	609
67	652
67	719
67	832
67	965
67	981
68	83
68	92
68	112
68	178
68	219
68	227
68	258
68	281
68	292
68	326
68	330
68	433
68	580
68	584
68	695
68	697
68	770
68	840
68	885
68	979
69	84
69	97
69	133
69	138
69	185
69	201
69	352
69	376
69	385
69	393
69	420
69	475
69	488
69	585
69	640
69	741
70	73
70	78
70	107
70	111
70	113
70	131
70	184
70	255
70	283
70	293
70	367
70	428
70	508
70	532
70	571
70	884
71	73
71	76
71	105
71	125
71	129
71	190
71	247
71	294
71	311
71	423
71	573
71	624
71	630
71	677
71	934
71	949
72	109
72	178
72	228
72	241
72	249
72	364
72	372
72	791
72	826
72	873
72	944
73	76
73	94
73	186
73	211
73	351
73	521
73	546
73	554
73	603
73	655
73	842
73	901
73	914
73	921
73	933
74	79
74	91
74	260
74	269
74	295
74	299
74	368
74	465
74	526
74	552
74	558
74	700
74	750
74	863
74	915
75	78
75	97
75	108
75	111
75	112
75	170
75	185
75	204
75	322
75	367
75	387
75	401
75	595
75	843
75	848
75	996
76	123
76	206
76	252
76	311
76	411
76	430
76	446
76	459
76	568
76	788
76	829
76	844
76	921
76	947
76	977
76	990
77	104
77	151
77	182
77	194
77	240
77	307
77	323
77	372
77	466
77	473
77	601
77	639
77	658
77	688
77	729
77	768
77	827
77	944
78	89
78	108
78	111
78	186
78	269
78	303
78	359
78	414
78	439
78	441
78	515
78	645
78	705
78	864
79	92
79	118
79	132
79	153
79	166
79	225
79	243
79	271
79	300
79	396
79	458
79	495
79	530
79	671
79	770
79	808
79	874
79	960
80	91
80	108
80	135
80	141
80	186
80	286
80	388
80	398
80	424
80	428
80	558
80	564
80	581
80	627
80	648
80	733
80	738
80	996
81	98
81	105
81	138
81	149
81	197
81	211
81	285
81	376
81	457
81	545
81	548
81	597
81	674
81	787
81	975
82	94
82	96
82	105
82	149
82	153
82	168
82	169
82	294
82	311
82	344
82	474
82	580
82	628
82	947
82	966
83	153
83	185
83	207
83	219
83	227
83	300
83	321
83	361
83	392
83	396
83	433
83	435
83	564
83	683
83	728
83	740
83	815
83	886
83	938
84	160
84	235
84	298
84	350
84	351
84	453
84	610
84	621
84	640
84	710
84	790
84	882
84	900
84	922
85	102
85	103
85	104
85	115
85	145
85	172
85	177
85	183
85	251
85	287
85	342
85	371
85	395
85	413
85	444
85	661
85	733
85	795
86	178
86	191
86	238
86	249
86	281
86	288
86	372
86	410
86	487
86	488
86	594
86	616
86	664
86	714
86	944
86	980
87	126
87	180
87	188
87	221
87	316
87	319
87	383
87	452
87	454
87	480
87	616
87	648
87	683
87	930
88	100
88	139
88	158
88	166
88	243
88	251
88	314
88	327
88	330
88	405
88	486
88	960
88	979
89	114
89	116
89	189
89	212
89	278
89	297
89	435
89	450
89	470
89	555
89	591
89	639
89	643
89	673
89	835
89	978
90	96
90	112
90	113
90	124
90	226
90	250
90	282
90	284
90	329
90	381
90	429
90	464
90	526
90	582
90	676
90	750
91	121
91	245
91	254
91	259
91	287
91	290
91	293
91	297
91	325
91	391
91	638
91	682
91	705
91	889
91	918
92	128
92	132
92	187
92	219
92	227
92	243
92	396
92	442
92	459
92	530
92	534
92	726
92	886
92	936
93	134
93	167
93	174
93	215
93	229
93	241
93	269
93	473
93	492
93	594
93	675
93	693
93	760
93	768
94	96
94	101
94	140
94	190
94	259
94	289
94	315
94	349
94	406
94	525
94	612
94	758
94	895
95	117
95	174
95	175
95	179
95	192
95	198
95	233
95	349
95	431
95	448
95	493
95	630
95	691
95	699
95	724
95	816
95	822
95	877
95	940
95	954
96	113
96	173
96	336
96	365
96	475
96	476
96	665
96	782
96	797
96	888
96	932
96	950
96	990
97	104
97	331
97	391
97	437
97	454
97	529
97	576
97	848
97	858
97	866
97	931
97	1000
98	125
98	138
98	140
98	168
98	204
98	205
98	284
98	370
98	457
98	483
98	507
98	533
98	617
99	117
99	185
99	210
99	297
99	301
99	318
99	413
99	421
99	438
99	471
99	616
99	636
99	690
99	887
100	127
100	155
100	158
100	184
100	213
100	405
100	553
100	743
100	906
100	909
100	942
100	943
100	985
101	114
101	126
101	144
101	231
101	253
101	352
101	430
101	436
101	442
101	559
101	663
101	869
101	995
102	118
102	122
102	187
102	242
102	315
102	318
102	322
102	339
102	340
102	363
102	382
102	579
102	653
102	724
102	783
102	875
103	172
103	223
103	264
103	267
103	344
103	363
103	371
103	470
103	557
103	579
103	653
103	659
103	808
103	834
103	938
103	987
104	112
104	171
104	257
104	326
104	389
104	397
104	452
104	661
104	731
104	751
104	857
104	888
104	946
105	111
105	168
105	173
105	187
105	208
105	377
105	456
105	547
105	767
105	847
106	113
106	114
106	124
106	226
106	297
106	306
106	312
106	443
106	453
106	490
106	504
106	739
106	800
107	108
107	143
107	185
107	238
107	309
107	342
107	367
107	368
107	398
107	399
107	510
107	515
107	544
107	572
107	682
107	746
108	135
108	143
108	159
108	170
108	171
108	204
108	257
108	428
108	454
108	471
109	125
109	167
109	178
109	197
109	228
109	238
109	516
109	603
109	727
109	823
109	826
109	846
110	152
110	153
110	195
110	196
110	204
110	229
110	265
110	330
110	519
110	553
110	571
110	576
110	831
110	941
110	999
111	259
111	283
111	286
111	375
111	399
111	502
111	519
111	581
111	615
111	814
111	818
111	879
112	131
112	233
112	239
112	243
112	394
112	620
112	635
112	649
112	705
112	752
112	755
112	869
113	124
113	134
113	173
113	226
113	255
113	585
113	739
113	774
113	801
114	116
114	121
114	180
114	231
114	334
114	383
114	436
114	549
114	577
114	775
114	842
115	122
115	145
115	271
115	273
115	332
115	340
115	400
115	541
115	659
115	670
115	786
115	876
115	958
116	119
116	142
116	143
116	147
116	221
116	285
116	380
116	462
116	650
116	708
116	720
117	134
117	158
117	174
117	220
117	263
117	379
117	491
117	551
117	626
117	654
117	672
117	700
117	930
118	187
118	191
118	312
118	343
118	363
118	379
118	382
118	384
118	469
118	593
118	681
118	724
118	752
119	126
119	135
119	189
119	253
119	279
119	308
119	389
119	412
119	423
119	430
119	493
119	799
119	863
119	977
119	982
120	187
120	223
120	225
120	249
120	273
120	382
120	422
120	518
120	541
120	593
120	651
120	735
120	854
120	881
120	929
121	122
121	254
121	259
121	263
121	293
121	378
121	483
121	519
121	558
121	807
121	862
121	880
122	139
122	246
122	264
122	313
122	541
122	659
122	682
122	749
122	751
122	795
123	183
123	208
123	222
123	311
123	377
123	424
123	517
123	690
123	745
123	796
123	916
124	222
124	250
124	284
124	312
124	344
124	453
124	549
124	680
124	692
124	755
124	783
125	201
125	278
125	288
125	370
125	397
125	790
125	946
125	975
125	984
126	147
126	163
126	291
126	319
126	426
126	565
126	612
126	654
126	665
126	788
127	165
127	267
127	387
127	396
127	496
127	574
127	602
127	623
127	675
127	686
127	979
128	219
128	298
128	366
128	396
128	530
128	559
128	635
128	695
128	781
128	805
128	863
128	874
128	913
129	171
129	175
129	188
129	215
129	220
129	298
129	379
129	387
129	481
129	513
129	646
129	649
129	718
129	903
130	150
130	198
130	215
130	239
130	260
130	270
130	533
130	647
130	859
130	907
130	919
130	973
131	152
131	214
131	265
131	326
131	391
131	404
131	431
131	645
131	685
131	831
131	880
131	937
131	970
132	153
132	166
132	206
132	220
132	321
132	580
132	717
132	815
132	885
132	913
133	160
133	184
133	303
133	462
133	528
133	568
133	596
133	766
133	895
134	141
134	162
134	175
134	176
134	467
134	718
134	723
134	782
134	822
134	925
134	946
135	147
135	235
135	276
135	277
135	389
135	445
135	537
135	650
135	671
135	703
135	727
135	838
136	147
136	179
136	207
136	299
136	321
136	358
136	452
136	464
136	560
136	675
136	846
136	910
137	158
137	206
137	239
137	267
137	330
137	486
137	614
137	647
137	684
137	814
137	825
137	835
137	897
137	919
138	168
138	332
138	345
138	445
138	533
138	569
138	659
138	778
138	787
138	882
138	985
139	210
139	239
139	336
139	373
139	434
139	486
139	609
139	652
139	684
139	719
139	805
139	865
140	195
140	271
140	288
140	306
140	376
140	548
140	599
140	656
140	673
140	922
140	933
141	150
141	338
141	448
141	698
141	699
141	723
141	930
141	971
142	147
142	163
142	189
142	207
142	224
142	487
142	506
142	662
142	744
142	849
143	195
143	263
143	295
143	359
143	368
143	441
143	465
143	543
143	682
143	772
143	989
144	159
144	209
144	238
144	241
144	281
144	478
144	545
144	630
144	644
144	722
145	206
145	278
145	312
145	313
145	328
145	375
145	384
145	518
145	653
145	732
145	735
145	752
146	179
146	268
146	296
146	332
146	420
146	494
146	516
146	560
146	578
146	668
146	759
146	869
146	900
146	904
147	151
147	224
147	232
147	530
147	537
147	538
147	560
147	636
147	639
147	956
148	154
148	172
148	242
148	246
148	273
148	421
148	471
148	535
148	541
148	543
148	663
148	670
148	691
148	861
148	989
149	164
149	216
149	318
149	392
149	467
149	517
149	607
149	636
149	714
149	949
150	175
150	176
150	188
150	203
150	261
150	323
150	349
150	427
150	511
150	852
150	961
150	987
151	231
151	277
151	282
151	308
151	390
151	514
151	516
151	547
151	648
151	899
152	170
152	253
152	257
152	310
152	322
152	386
152	399
152	441
152	455
152	734
153	243
153	366
153	440
153	505
153	564
153	772
153	796
153	945
154	271
154	346
154	371
154	375
154	449
154	542
154	554
154	578
154	598
154	721
154	751
154	834
155	156
155	174
155	198
155	340
155	354
155	496
155	709
155	723
155	742
155	940
155	991
156	162
156	169
156	188
156	246
156	316
156	491
156	522
156	536
156	551
156	637
156	954
157	191
157	274
157	303
157	415
157	621
157	669
157	713
157	715
157	798
157	887
157	917
158	213
158	301
158	320
158	743
158	769
158	872
158	953
158	993
159	194
159	209
159	217
159	237
159	244
159	275
159	281
159	374
159	628
159	734
160	198
160	213
160	264
160	274
160	415
160	613
160	642
160	674
160	983
161	193
161	220
161	340
161	354
161	362
161	374
161	438
161	740
161	852
161	930
162	176
162	205
162	261
162	305
162	367
162	438
162	625
162	646
162	649
162	756
162	926
163	212
163	231
163	540
163	701
163	727
163	777
163	850
163	978
164	255
164	285
164	294
164	339
164	485
164	525
164	575
164	964
165	213
165	229
165	251
165	256
165	267
165	330
165	492
165	619
165	825
165	942
165	979
166	227
166	258
166	278
166	292
166	298
166	300
166	348
166	360
166	530
166	564
166	611
166	961
167	185
167	228
167	268
167	369
167	466
167	601
167	677
167	684
167	728
167	812
167	923
167	944
168	208
168	252
168	285
168	338
168	388
168	575
168	624
168	636
168	714
169	211
169	226
169	247
169	252
169	355
169	377
169	714
170	257
170	265
170	310
170	323
170	460
170	465
170	528
170	685
170	694
170	778
170	803
171	179
171	180
171	308
171	332
171	334
171	504
171	880
171	906
171	929
172	264
172	334
172	339
172	578
172	631
172	632
172	679
172	724
172	769
173	211
173	534
173	629
173	753
173	847
173	868
173	891
173	950
174	233
174	385
174	546
174	904
174	968
174	992
175	179
175	192
175	208
175	233
175	379
175	421
175	496
175	936
176	188
176	218
176	223
176	320
176	354
176	496
176	903
176	961
176	997
177	231
177	242
177	296
177	320
177	375
177	395
177	400
177	542
177	823
177	851
178	180
178	236
178	250
178	562
178	893
179	358
179	408
179	452
179	494
179	591
179	955
180	230
180	332
180	450
180	587
180	629
180	668
180	910
181	243
181	258
181	280
181	321
181	347
181	361
181	366
181	458
181	602
181	697
181	809
181	935
181	960
182	352
182	393
182	457
182	681
182	704
182	741
182	903
182	935
182	981
183	260
183	302
183	313
183	343
183	346
183	469
183	511
183	561
183	834
183	878
184	205
184	213
184	258
184	414
184	432
184	544
184	553
184	633
185	240
185	278
185	304
185	347
185	396
185	790
185	913
186	220
186	260
186	293
186	297
186	326
186	455
186	502
186	682
187	296
187	313
187	346
187	425
187	456
187	631
188	192
188	305
188	407
188	421
188	699
188	709
188	858
189	335
189	435
189	451
189	497
189	598
189	747
189	797
189	809
189	978
190	318
190	355
190	394
190	655
190	755
190	964
191	238
191	276
191	307
191	372
191	785
191	820
191	824
192	193
192	209
192	235
192	324
192	431
192	946
192	956
192	962
192	968
193	224
193	276
193	277
193	380
193	438
193	468
193	480
193	498
194	237
194	347
194	443
194	479
194	500
194	562
194	712
194	731
194	985
195	269
195	283
195	333
195	361
195	441
195	540
195	776
195	901
196	200
196	346
196	445
196	558
196	614
196	937
196	970
197	217
197	276
197	307
197	523
197	828
197	873
198	320
198	361
198	491
198	540
198	649
198	740
199	348
199	377
199	435
199	527
199	577
199	762
199	854
199	891
199	962
200	204
200	223
200	228
200	333
200	342
200	444
200	519
200	706
200	761
201	376
201	520
201	569
201	640
201	642
201	769
201	882
202	301
202	365
202	383
202	452
202	506
202	687
202	836
202	842
202	866
202	871
202	896
203	232
203	319
203	460
203	475
203	482
203	503
203	707
203	883
203	902
204	259
204	299
204	368
204	398
204	772
204	836
205	492
205	602
205	906
205	973
205	980
206	217
206	266
206	386
206	401
206	462
206	495
206	759
207	231
207	351
207	419
207	445
207	493
207	498
207	537
208	447
208	461
208	479
208	485
208	737
208	916
208	964
209	369
209	508
209	658
209	677
209	695
209	712
209	722
209	792
210	236
210	279
210	405
210	494
210	678
210	739
210	925
211	275
211	306
211	355
211	406
211	427
211	521
211	651
211	901
212	316
212	435
212	504
212	617
212	756
212	871
212	950
212	986
213	256
213	260
213	469
213	524
213	967
214	290
214	366
214	398
214	512
214	519
214	581
214	738
214	746
214	780
214	879
215	218
215	326
215	345
215	449
215	560
215	638
215	784
216	269
216	366
216	440
216	442
216	530
216	564
216	599
216	695
216	757
217	228
217	478
217	726
217	734
217	839
217	920
218	276
218	279
218	316
218	489
218	590
218	897
218	992
219	282
219	321
219	433
219	524
219	580
219	737
219	923
219	931
220	324
220	354
220	448
220	482
220	546
220	767
221	235
221	270
221	304
221	314
221	380
221	503
221	658
221	799
222	252
222	313
222	394
222	474
223	302
223	425
223	620
223	709
223	889
223	964
224	702
224	715
224	729
224	830
224	988
225	274
225	397
225	637
225	708
226	255
226	341
226	725
227	280
227	472
227	524
227	547
227	717
227	781
227	808
228	237
228	249
228	410
228	490
228	664
228	739
229	281
229	443
229	473
229	820
229	845
230	268
230	312
230	329
230	342
230	381
230	504
230	728
231	404
231	430
231	480
231	715
231	784
231	852
232	309
232	436
232	567
232	603
232	617
232	634
232	687
232	849
233	261
233	265
233	362
233	369
233	723
233	908
234	277
234	287
234	371
234	444
234	477
234	679
234	847
234	856
234	889
235	277
235	389
235	549
235	702
235	732
236	417
236	529
236	658
236	839
236	974
237	369
237	488
237	545
237	677
237	721
237	728
237	735
238	261
238	331
238	454
238	574
238	603
238	785
239	266
239	327
239	495
239	553
239	565
240	364
240	372
240	478
240	604
240	652
240	754
240	760
240	862
240	873
240	923
241	244
241	281
241	372
241	545
241	562
241	693
242	353
242	473
242	477
242	535
242	557
242	620
242	917
242	995
243	292
243	300
243	805
243	938
244	259
244	281
244	410
244	511
244	726
244	803
245	257
245	297
245	572
245	579
245	627
245	773
245	780
245	990
245	1000
246	296
246	353
246	631
246	670
247	311
247	444
247	447
247	527
247	767
247	788
247	817
247	987
248	276
248	365
248	402
248	503
248	537
248	789
248	894
248	917
249	254
249	689
249	802
249	920
250	266
250	268
250	272
250	324
250	381
250	453
251	382
251	631
251	633
251	865
251	967
252	404
252	608
252	702
252	714
252	934
252	990
253	508
253	689
253	701
253	818
253	846
253	867
253	896
254	269
254	391
254	454
254	529
254	595
254	627
254	923
255	282
255	329
255	535
255	724
255	774
256	330
256	370
256	486
256	516
256	555
256	563
256	902
256	973
257	349
257	500
257	531
257	745
257	997
258	364
258	440
258	442
258	458
258	737
259	331
259	368
259	560
259	596
259	668
260	652
260	678
260	802
260	906
261	403
261	431
261	513
262	272
262	312
262	324
262	341
262	381
262	924
262	994
263	295
263	331
263	414
263	605
263	704
263	706
263	884
264	296
264	302
264	403
264	821
265	299
265	391
265	539
265	689
265	727
266	464
266	641
266	870
266	1000
267	328
267	330
267	563
268	272
268	344
268	407
268	669
268	994
269	413
269	439
270	282
270	292
270	565
270	737
270	738
270	965
271	273
271	303
271	310
271	353
271	782
271	804
271	998
272	310
272	341
272	446
272	963
273	313
273	370
273	439
273	547
273	749
273	751
274	276
274	315
274	528
274	847
274	975
274	984
275	369
275	440
275	550
275	664
275	677
276	683
276	775
276	842
276	899
277	408
277	420
277	430
277	606
277	663
278	440
278	499
278	563
278	801
279	343
279	482
279	813
279	857
279	965
280	292
280	392
280	505
280	554
280	633
280	773
280	838
281	615
281	882
282	341
282	344
282	419
282	632
282	667
283	357
283	706
283	731
283	927
284	446
284	449
284	539
284	571
284	680
284	774
285	405
285	468
285	501
285	667
285	777
286	357
286	368
286	512
286	539
286	768
286	840
287	340
287	547
287	655
287	721
287	761
287	786
288	345
288	779
288	929
288	935
289	315
289	338
289	443
289	698
289	969
290	309
290	328
290	465
290	499
290	657
290	660
290	694
290	858
291	319
291	401
291	412
291	591
291	672
291	732
292	360
292	426
292	840
292	936
292	938
293	337
293	357
294	573
294	968
295	368
295	399
295	447
295	491
296	422
296	542
296	721
296	733
296	742
296	854
297	368
297	765
298	397
298	559
298	567
298	642
299	313
299	378
299	576
299	725
300	321
300	543
300	552
300	722
300	805
301	373
301	445
301	719
301	771
302	346
302	350
302	512
302	557
302	620
302	638
303	305
303	673
304	390
304	450
304	468
304	766
304	784
304	958
305	324
305	421
305	672
305	945
306	364
306	373
306	680
306	872
306	875
306	901
307	365
307	601
307	819
307	856
308	332
308	365
308	503
308	785
309	310
309	414
309	645
309	660
309	711
309	799
310	512
310	890
310	957
311	526
311	748
311	878
311	933
311	949
312	344
312	550
312	579
312	641
313	721
313	833
314	358
314	506
314	692
314	696
314	702
314	916
315	339
315	586
315	714
316	389
316	683
316	703
316	784
317	318
317	353
317	394
317	404
317	411
317	793
317	837
318	829
318	888
319	587
319	804
320	362
320	467
320	481
320	551
320	927
321	433
321	796
321	817
322	356
322	510
322	604
322	753
323	349
323	422
323	625
323	649
323	926
324	431
325	333
325	342
325	356
325	394
325	512
325	540
325	576
325	915
326	439
326	512
327	352
327	563
327	565
327	743
327	807
327	832
328	335
328	505
328	548
328	710
329	429
329	730
329	966
330	963
331	342
331	607
331	715
331	915
331	970
332	445
332	498
333	463
333	495
333	567
333	629
333	963
334	343
334	354
334	390
334	513
334	535
334	577
335	588
335	615
335	689
336	461
336	651
336	891
336	915
336	947
337	401
337	618
337	717
338	408
338	461
338	463
338	575
338	690
339	648
339	676
339	879
340	363
340	485
340	561
340	653
340	876
341	350
341	718
342	437
342	532
342	818
343	351
343	367
343	851
343	947
344	416
344	632
344	676
345	352
345	415
345	637
346	363
346	449
346	451
346	661
346	749
347	466
347	736
347	926
348	455
348	472
348	524
348	584
348	635
348	809
349	421
349	485
349	626
349	699
350	403
350	477
350	518
350	534
350	566
350	593
351	374
351	520
351	561
351	652
352	599
353	782
353	834
353	856
354	382
354	496
355	476
355	544
355	822
356	386
356	412
356	499
357	368
357	414
357	765
357	776
357	793
357	864
358	386
358	435
358	470
358	498
358	959
359	410
359	455
359	523
359	706
359	758
359	831
360	484
360	543
360	610
360	773
360	808
361	442
361	505
361	809
361	886
362	379
362	481
362	609
362	669
362	740
363	400
363	403
364	365
364	443
364	980
365	426
365	470
365	707
366	595
366	840
366	938
366	981
367	393
367	879
369	401
369	417
369	893
370	597
370	704
370	779
371	412
371	761
372	644
373	405
373	614
373	623
373	811
374	666
374	908
374	961
375	471
375	953
376	588
376	673
376	806
377	698
378	414
378	463
378	545
378	907
378	994
378	999
379	441
379	448
379	608
380	450
380	509
380	692
381	511
382	527
382	638
383	473
383	489
383	654
383	685
383	955
384	610
384	701
384	804
384	856
385	442
385	613
385	708
385	766
385	792
385	887
386	411
386	434
386	539
386	754
386	794
387	536
387	626
387	925
387	940
388	459
388	855
389	590
389	965
390	560
390	587
390	591
390	625
390	634
391	460
391	746
391	868
392	442
392	472
392	796
392	886
393	674
393	711
393	798
394	485
394	966
395	422
395	444
395	477
395	794
396	481
396	611
397	509
397	710
398	483
398	776
398	908
399	992
400	456
400	535
400	752
400	786
400	884
401	948
402	463
402	489
402	692
402	747
402	830
403	425
403	933
404	427
404	517
404	837
405	652
406	427
406	433
406	905
407	680
407	725
408	420
408	617
408	639
408	671
409	507
409	582
409	599
409	890
410	862
411	705
411	952
412	482
412	958
413	461
413	531
413	641
413	954
414	986
415	819
415	877
416	446
416	538
417	529
417	932
418	544
418	609
418	619
418	833
419	468
419	647
419	857
419	867
420	654
420	910
421	428
421	536
422	527
422	625
422	786
423	573
423	636
423	966
424	864
424	898
425	529
425	795
425	951
426	489
426	826
426	956
427	616
428	540
428	569
428	918
429	472
429	622
429	730
429	844
429	967
430	727
431	644
431	646
431	962
432	492
432	614
432	738
432	832
433	959
434	435
434	587
434	605
434	771
434	852
436	701
436	956
437	645
437	653
437	841
437	867
438	646
438	822
438	987
439	937
440	770
441	455
441	463
443	810
444	631
445	452
446	745
446	824
447	690
448	451
448	510
448	763
449	458
449	647
449	700
449	764
450	470
450	716
451	522
451	665
451	670
451	705
452	791
452	958
453	730
454	502
454	694
455	483
455	499
455	853
456	620
456	679
456	681
456	735
457	478
457	568
457	778
458	611
458	628
458	697
458	840
459	586
459	642
460	479
460	500
460	986
460	997
461	558
461	570
461	971
462	863
462	949
463	764
463	841
464	504
464	890
465	604
465	736
466	487
466	722
466	785
467	551
467	908
468	774
469	635
469	807
470	479
470	727
471	561
471	807
471	972
472	543
472	604
472	763
472	773
473	487
473	761
475	971
476	575
476	860
477	588
477	666
479	610
480	788
481	496
481	616
481	866
482	494
482	501
482	720
483	532
483	618
484	586
484	772
485	630
485	769
486	712
486	802
486	829
487	650
488	736
488	839
490	557
490	592
491	563
492	833
493	537
493	662
493	892
493	917
494	613
495	512
495	815
496	596
497	514
497	617
497	725
497	896
497	917
498	516
498	754
500	618
500	780
500	927
501	514
501	542
501	549
502	629
503	662
503	765
504	870
505	635
505	742
506	646
506	744
507	520
507	569
507	997
508	810
508	845
509	520
509	983
510	556
510	721
511	661
511	827
511	948
513	608
513	909
513	911
514	762
514	868
515	558
515	694
515	747
515	838
515	858
516	842
517	663
518	557
518	783
518	861
519	741
519	869
520	597
521	832
521	855
522	608
522	709
522	905
523	572
523	717
524	742
524	922
525	620
525	624
525	868
525	896
526	942
527	657
527	804
528	567
528	679
529	974
530	656
531	567
531	640
532	539
532	976
533	599
534	535
534	566
534	657
536	821
536	861
537	720
538	669
539	814
540	596
541	585
541	851
542	889
543	757
544	921
545	588
546	911
546	977
547	729
548	704
549	627
549	866
549	988
550	622
550	667
550	870
551	626
552	593
552	776
553	678
554	607
554	624
554	668
554	860
555	622
555	811
556	610
556	621
556	943
557	606
557	851
559	792
559	922
559	983
560	648
561	658
562	689
563	981
564	695
565	614
566	589
566	771
566	783
566	998
567	806
568	657
568	863
569	711
569	818
570	590
570	644
570	803
570	849
570	992
571	970
571	986
572	660
572	764
572	976
573	628
573	945
574	693
574	826
575	636
577	733
578	661
578	733
579	670
579	932
580	759
581	860
583	590
583	675
583	702
583	846
584	815
586	758
586	928
587	643
587	803
588	594
589	657
589	681
589	794
589	999
590	615
590	871
592	671
592	680
592	974
593	881
595	736
595	943
596	939
597	766
598	747
598	939
598	995
599	699
600	824
600	844
600	991
601	682
602	811
604	772
605	764
605	957
606	703
606	775
606	837
606	899
607	828
607	949
608	954
609	942
610	797
611	809
611	874
612	762
613	819
614	953
618	910
619	647
619	654
623	686
623	760
623	974
627	746
628	748
632	801
634	676
634	702
634	883
637	941
638	787
640	878
641	671
641	739
642	718
643	843
643	892
643	988
648	759
650	838
651	767
653	800
655	793
655	829
657	752
659	761
660	685
660	764
661	821
662	762
664	798
665	676
671	870
674	713
674	943
676	743
677	729
678	919
679	814
681	691
683	692
684	697
684	909
685	998
686	911
687	741
687	799
687	876
687	892
688	716
690	797
691	823
692	732
693	769
693	968
694	716
696	816
696	822
696	831
696	904
700	750
700	939
701	940
703	988
705	770
707	791
707	892
708	883
709	908
711	983
712	850
713	935
716	791
717	781
718	962
719	909
720	732
723	845
724	856
725	820
728	729
728	928
730	967
731	816
731	988
734	873
735	899
735	998
741	900
742	757
743	859
744	803
744	846
744	857
745	874
747	983
748	774
748	793
748	891
748	957
750	972
753	755
755	977
756	802
758	947
758	969
763	885
770	773
775	861
775	899
776	831
777	902
777	964
779	985
780	814
781	959
781	999
785	850
790	819
791	851
795	932
798	819
802	989
810	820
812	969
817	902
817	992
821	894
823	876
825	967
827	920
830	893
833	859
841	898
841	912
843	879
848	941
850	928
854	881
855	905
860	880
872	916
872	921
873	887
878	889
881	894
884	976
887	900
888	910
895	905
897	979
903	951
907	963
911	926
912	961
913	936
914	977
918	972
924	941
927	931
927	972
939	997
942	953
943	972
945	959
946	951
948	957
948	963
952	982
976	1000
