1	5
1	7
1	8
1	13
1	19
1	27
1	31
1	36
1	41
1	44
1	47
1	50
1	66
1	105
1	115
1	131
1	157
1	165
1	166
1	170
1	211
1	217
1	219
1	223
1	232
1	235
1	238
1	279
1	285
1	303
1	401
1	425
1	447
1	448
1	459
1	487
1	507
1	517
1	533
1	559
1	566
1	613
1	702
1	704
1	712
1	761
1	800
1	836
1	917
2	7
2	8
2	17
2	18
2	42
2	52
2	53
2	54
2	71
2	77
2	78
2	85
2	86
2	121
2	132
2	146
2	151
2	162
2	170
2	188
2	196
2	216
2	222
2	281
2	288
2	313
2	315
2	325
2	336
2	341
2	363
2	392
2	398
2	404
2	409
2	424
2	568
2	583
2	627
2	721
2	739
2	802
2	831
2	904
2	908
2	925
2	975
2	999
3	25
3	36
3	38
3	56
3	64
3	68
3	72
3	91
3	98
3	102
3	107
3	113
3	125
3	131
3	147
3	175
3	190
3	201
3	229
3	236
3	243
3	284
3	294
3	306
3	355
3	358
3	369
3	370
3	381
3	390
3	401
3	416
3	423
3	436
3	461
3	483
3	500
3	600
3	660
3	685
3	707
3	856
3	914
3	954
3	957
4	5
4	9
4	11
4	14
4	19
4	25
4	27
4	57
4	67
4	96
4	101
4	102
4	105
4	112
4	132
4	152
4	189
4	190
4	201
4	213
4	227
4	258
4	260
4	284
4	292
4	298
4	321
4	336
4	365
4	416
4	420
4	424
4	456
4	459
4	484
4	543
4	680
4	720
4	777
4	847
4	860
4	871
4	894
4	933
4	956
5	14
5	15
5	27
5	37
5	46
5	60
5	88
5	104
5	133
5	152
5	187
5	190
5	192
5	211
5	213
5	220
5	334
5	351
5	375
5	382
5	439
5	468
5	495
5	513
5	524
5	562
5	595
5	597
5	602
5	606
5	618
5	654
5	683
5	707
5	721
5	751
5	779
5	784
5	806
5	853
5	899
5	902
6	9
6	10
6	12
6	20
6	28
6	30
6	32
6	34
6	35
6	74
6	88
6	91
6	97
6	111
6	131
6	150
6	175
6	186
6	231
6	253
6	277
6	304
6	319
6	392
6	443
6	535
6	542
6	559
6	576
6	577
6	590
6	598
6	630
6	692
6	698
6	717
6	728
6	754
6	799
6	900
6	954
6	962
7	11
7	21
7	23
7	33
7	46
7	61
7	75
7	120
7	121
7	124
7	132
7	137
7	138
7	139
7	143
7	165
7	183
7	189
7	195
7	207
7	237
7	312
7	331
7	352
7	355
7	387
7	388
7	427
7	439
7	447
7	457
7	711
7	753
7	763
7	812
7	833
7	891
7	915
7	967
8	10
8	17
8	18
8	23
8	42
8	43
8	50
8	52
8	53
8	88
8	100
8	146
8	151
8	158
8	168
8	191
8	220
8	226
8	273
8	316
8	341
8	348
8	375
8	408
8	427
8	438
8	506
8	523
8	571
8	572
8	590
8	718
8	768
8	782
8	858
8	894
8	897
8	940
8	1000
9	26
9	27
9	33
9	46
9	57
9	77
9	82
9	94
9	95
9	100
9	111
9	131
9	132
9	169
9	182
9	215
9	222
9	245
9	249
9	310
9	338
9	360
9	431
9	492
9	510
9	551
9	604
9	611
9	617
9	620
9	756
9	778
9	911
9	917
9	966
9	970
9	986
10	11
10	22
10	24
10	27
10	43
10	44
10	48
10	54
10	61
10	64
10	74
10	98
10	106
10	121
10	122
10	123
10	127
10	140
10	195
10	248
10	282
10	287
10	318
10	319
10	361
10	415
10	422
10	434
10	542
10	585
10	596
10	605
10	630
10	784
10	834
10	948
10	996
11	32
11	39
11	40
11	42
11	44
11	46
11	59
11	60
11	121
11	137
11	165
11	173
11	195
11	196
11	245
11	256
11	269
11	276
11	337
11	357
11	376
11	569
11	628
11	666
11	688
11	696
11	738
11	745
11	783
11	824
11	835
11	839
11	854
11	902
11	933
11	990
12	25
12	26
12	29
12	50
12	52
12	60
12	62
12	64
12	67
12	71
12	78
12	82
12	87
12	109
12	133
12	143
12	154
12	156
12	222
12	251
12	271
12	283
12	286
12	291
12	295
12	349
12	398
12	463
12	503
12	677
12	717
12	758
12	826
12	980
12	983
12	993
13	18
13	25
13	37
13	56
13	57
13	66
13	77
13	80
13	86
13	97
13	110
13	115
13	131
13	144
13	203
13	220
13	221
13	223
13	225
13	239
13	267
13	288
13	292
13	346
13	371
13	414
13	537
13	565
13	650
13	679
13	804
13	817
13	933
13	953
13	964
14	29
14	46
14	59
14	61
14	126
14	128
14	129
14	186
14	209
14	238
14	240
14	271
14	353
14	357
14	364
14	371
14	413
14	426
14	448
14	462
14	467
14	471
14	476
14	494
14	540
14	581
14	604
14	631
14	637
14	658
14	740
14	873
14	972
15	28
15	39
15	41
15	43
15	48
15	54
15	62
15	151
15	160
15	163
15	202
15	240
15	259
15	284
15	288
15	340
15	356
15	358
15	387
15	508
15	516
15	546
15	611
15	635
15	639
15	645
15	655
15	662
15	667
15	671
15	693
15	734
15	802
15	866
16	24
16	32
16	34
16	39
16	50
16	62
16	100
16	102
16	149
16	167
16	198
16	205
16	213
16	259
16	266
16	306
16	334
16	349
16	369
16	391
16	407
16	466
16	522
16	549
16	577
16	601
16	719
16	741
16	780
16	798
16	818
16	868
16	901
17	18
17	29
17	30
17	42
17	58
17	83
17	103
17	170
17	173
17	194
17	195
17	217
17	239
17	286
17	352
17	391
17	505
17	539
17	554
17	555
17	599
17	602
17	634
17	638
17	652
17	679
17	700
17	730
17	755
17	776
17	946
18	38
18	47
18	52
18	91
18	120
18	151
18	152
18	179
18	234
18	246
18	258
18	286
18	296
18	313
18	330
18	415
18	463
18	472
18	473
18	550
18	617
18	633
18	678
18	679
18	711
18	738
18	753
18	823
18	864
19	23
19	35
19	44
19	47
19	55
19	59
19	73
19	76
19	97
19	113
19	116
19	117
19	154
19	166
19	191
19	215
19	225
19	227
19	234
19	241
19	423
19	474
19	527
19	558
19	582
19	794
19	828
19	928
19	963
19	970
20	24
20	30
20	36
20	49
20	60
20	67
20	111
20	112
20	118
20	196
20	211
20	218
20	260
20	261
20	275
20	339
20	347
20	377
20	454
20	500
20	594
20	595
20	706
20	724
20	759
20	819
20	849
20	898
20	903
20	976
21	32
21	36
21	38
21	49
21	56
21	62
21	77
21	78
21	128
21	140
21	182
21	187
21	188
21	224
21	245
21	267
21	276
21	312
21	332
21	416
21	446
21	449
21	455
21	651
21	793
21	794
21	816
21	818
21	912
21	916
22	47
22	53
22	59
22	73
22	80
22	101
22	120
22	138
22	176
22	187
22	192
22	211
22	250
22	291
22	326
22	344
22	382
22	385
22	469
22	487
22	497
22	599
22	637
22	656
22	759
22	789
22	855
22	976
22	980
23	55
23	59
23	64
23	66
23	69
23	73
23	79
23	81
23	94
23	140
23	199
23	242
23	273
23	296
23	309
23	320
23	330
23	355
23	386
23	501
23	673
23	739
23	767
23	793
23	804
23	821
23	986
24	31
24	37
24	40
24	70
24	90
24	94
24	116
24	194
24	219
24	261
24	322
24	364
24	368
24	373
24	428
24	454
24	486
24	561
24	648
24	703
24	750
24	755
24	760
24	768
24	833
24	914
24	965
25	28
25	33
25	57
25	66
25	83
25	90
25	131
25	136
25	169
25	213
25	238
25	241
25	253
25	293
25	408
25	485
25	513
25	540
25	562
25	586
25	671
25	716
25	788
25	793
25	895
25	901
26	43
26	44
26	54
26	62
26	63
26	87
26	95
26	100
26	130
26	133
26	197
26	214
26	219
26	256
26	312
26	325
26	331
26	341
26	358
26	369
26	407
26	439
26	501
26	511
26	690
26	764
26	936
27	33
27	66
27	68
27	98
27	115
27	119
27	134
27	144
27	174
27	188
27	189
27	210
27	228
27	257
27	330
27	337
27	340
27	614
27	620
27	659
27	714
27	768
27	844
27	898
28	50
28	78
28	124
28	160
28	213
28	240
28	244
28	248
28	293
28	302
28	309
28	329
28	339
28	396
28	428
28	442
28	494
28	639
28	675
28	708
28	811
28	908
28	914
28	959
28	967
28	969
29	30
29	35
29	50
29	70
29	76
29	190
29	198
29	259
29	279
29	285
29	296
29	318
29	327
29	336
29	354
29	380
29	390
29	481
29	576
29	600
29	613
29	641
29	744
29	762
29	785
29	937
30	49
30	51
30	58
30	72
30	88
30	93
30	101
30	118
30	125
30	183
30	201
30	202
30	210
30	295
30	314
30	389
30	427
30	462
30	577
30	594
30	603
30	650
30	753
30	779
30	953
31	50
31	51
31	75
31	77
31	78
31	85
31	89
31	129
31	185
31	188
31	259
31	269
31	319
31	381
31	418
31	470
31	472
31	474
31	496
31	547
31	613
31	621
31	763
31	770
31	820
31	871
32	33
32	36
32	40
32	49
32	62
32	73
32	90
32	105
32	136
32	137
32	187
32	231
32	289
32	306
32	314
32	334
32	354
32	407
32	417
32	456
32	463
32	589
32	731
32	789
33	60
33	61
33	66
33	112
33	116
33	118
33	158
33	213
33	222
33	227
33	266
33	283
33	294
33	373
33	535
33	538
33	643
33	680
33	683
33	829
33	885
33	965
33	990
34	45
34	72
34	88
34	93
34	101
34	121
34	131
34	163
34	164
34	197
34	227
34	232
34	249
34	272
34	282
34	316
34	343
34	356
34	399
34	453
34	469
34	501
34	592
34	617
34	779
34	919
35	52
35	55
35	56
35	59
35	69
35	84
35	88
35	112
35	142
35	157
35	175
35	192
35	196
35	230
35	247
35	336
35	401
35	430
35	439
35	444
35	539
35	583
35	791
35	842
35	998
36	57
36	68
36	82
36	102
36	167
36	182
36	193
36	211
36	214
36	275
36	333
36	418
36	435
36	438
36	517
36	641
36	767
36	848
36	862
36	872
36	895
36	916
36	982
37	44
37	45
37	52
37	74
37	123
37	132
37	157
37	159
37	202
37	244
37	249
37	261
37	262
37	291
37	342
37	425
37	484
37	500
37	597
37	642
37	752
37	768
37	792
37	923
37	928
38	69
38	75
38	138
38	148
38	164
38	199
38	210
38	247
38	281
38	308
38	326
38	332
38	397
38	520
38	522
38	587
38	614
38	635
38	717
38	770
38	869
38	931
38	963
38	975
39	50
39	51
39	59
39	61
39	68
39	76
39	93
39	103
39	131
39	147
39	173
39	182
39	299
39	329
39	359
39	465
39	496
39	515
39	546
39	577
39	648
39	737
39	812
39	926
40	54
40	132
40	186
40	191
40	230
40	236
40	254
40	256
40	271
40	288
40	335
40	404
40	427
40	450
40	471
40	554
40	618
40	639
40	644
40	839
40	845
40	940
40	977
41	47
41	77
41	89
41	99
41	104
41	217
41	268
41	345
41	356
41	374
41	376
41	379
41	386
41	521
41	565
41	636
41	653
41	658
41	772
41	834
41	856
41	931
41	951
41	989
42	52
42	84
42	89
42	123
42	128
42	158
42	174
42	179
42	215
42	234
42	236
42	247
42	305
42	321
42	482
42	544
42	611
42	618
42	624
42	657
42	860
42	941
43	53
43	62
43	77
43	119
43	134
43	144
43	157
43	160
43	190
43	203
43	208
43	228
43	231
43	382
43	398
43	462
43	477
43	575
43	646
43	758
43	834
43	953
44	78
44	106
44	152
44	163
44	199
44	206
44	220
44	241
44	271
44	368
44	435
44	482
44	500
44	540
44	753
44	831
44	838
44	846
44	871
45	70
45	84
45	88
45	141
45	178
45	181
45	214
45	218
45	233
45	281
45	307
45	365
45	380
45	385
45	409
45	428
45	575
45	649
45	682
45	709
45	874
45	983
45	984
46	56
46	64
46	81
46	93
46	107
46	110
46	114
46	120
46	129
46	168
46	178
46	234
46	245
46	335
46	343
46	692
46	747
46	884
46	896
46	965
47	64
47	111
47	158
47	196
47	211
47	231
47	251
47	294
47	374
47	417
47	477
47	491
47	528
47	553
47	566
47	638
47	761
47	773
47	786
47	923
48	50
48	51
48	69
48	97
48	99
48	120
48	134
48	161
48	223
48	237
48	257
48	307
48	315
48	374
48	418
48	454
48	528
48	531
48	566
48	572
48	771
48	825
48	881
49	52
49	54
49	59
49	93
49	115
49	116
49	119
49	126
49	153
49	156
49	187
49	332
49	390
49	468
49	531
49	593
49	713
49	772
49	855
49	943
49	947
50	81
50	82
50	98
50	188
50	278
50	299
50	331
50	428
50	536
50	589
50	615
50	629
50	632
50	670
50	801
50	878
51	60
51	83
51	130
51	141
51	170
51	174
51	241
51	265
51	307
51	308
51	339
51	374
51	398
51	451
51	453
51	479
51	530
51	572
51	598
51	852
51	950
52	56
52	131
52	173
52	197
52	210
52	277
52	299
52	337
52	387
52	388
52	433
52	502
52	579
52	590
52	639
52	727
52	961
53	79
53	94
53	138
53	167
53	275
53	310
53	335
53	368
53	397
53	418
53	475
53	510
53	527
53	551
53	636
53	658
53	724
53	822
53	829
53	863
53	888
54	124
54	145
54	193
54	194
54	204
54	217
54	247
54	263
54	267
54	382
54	400
54	405
54	652
54	739
54	799
54	861
54	943
54	954
54	975
55	60
55	73
55	81
55	126
55	146
55	161
55	174
55	177
55	192
55	205
55	231
55	251
55	274
55	349
55	432
55	629
55	691
55	733
55	893
55	895
55	982
55	993
56	93
56	125
56	226
56	232
56	266
56	309
56	321
56	337
56	412
56	424
56	503
56	513
56	554
56	695
56	704
56	888
56	906
56	913
57	63
57	75
57	105
57	112
57	115
57	126
57	128
57	150
57	198
57	207
57	254
57	314
57	443
57	448
57	463
57	674
57	756
57	789
57	896
58	74
58	79
58	91
58	103
58	104
58	124
58	130
58	145
58	175
58	237
58	244
58	338
58	361
58	469
58	524
58	575
58	654
58	655
58	682
58	715
58	742
58	983
59	73
59	95
59	97
59	113
59	123
59	161
59	237
59	287
59	300
59	324
59	377
59	461
59	486
59	502
59	526
59	560
60	92
60	105
60	125
60	188
60	367
60	391
60	396
60	400
60	404
60	547
60	616
60	688
60	729
60	766
60	971
60	999
61	65
61	90
61	121
61	143
61	166
61	172
61	242
61	269
61	361
61	377
61	422
61	455
61	565
61	650
61	746
61	795
61	849
61	850
62	86
62	111
62	134
62	141
62	144
62	162
62	246
62	260
62	317
62	465
62	497
62	510
62	651
62	714
62	881
63	67
63	69
63	92
63	94
63	98
63	154
63	193
63	226
63	231
63	286
63	302
63	330
63	394
63	496
63	528
63	537
63	772
63	805
63	881
63	952
64	90
64	104
64	123
64	387
64	437
64	451
64	480
64	507
64	509
64	545
64	634
64	679
64	804
64	834
64	956
65	79
65	122
65	127
65	146
65	163
65	199
65	202
65	278
65	361
65	456
65	597
65	640
65	703
65	704
65	763
65	813
65	884
65	887
65	932
65	965
66	208
66	212
66	235
66	327
66	331
66	335
66	378
66	435
66	440
66	507
66	656
66	677
66	699
66	955
66	992
67	74
67	103
67	108
67	113
67	134
67	180
67	192
67	203
67	228
67	317
67	345
67	346
67	413
67	464
67	477
67	640
67	652
68	69
68	102
68	107
68	141
68	143
68	228
68	270
68	296
68	331
68	363
68	367
68	395
68	419
68	439
68	608
68	745
68	825
69	73
69	88
69	91
69	100
69	111
69	154
69	260
69	502
69	603
69	625
69	637
69	645
69	661
69	978
70	89
70	110
70	148
70	167
70	206
70	210
70	245
70	285
70	326
70	570
70	577
70	633
70	676
70	711
70	815
70	996
70	1000
71	82
71	154
71	178
71	194
71	206
71	211
71	271
71	274
71	317
71	355
71	526
71	677
71	693
71	724
71	798
71	961
71	973
71	989
72	107
72	182
72	183
72	192
72	209
72	214
72	242
72	244
72	310
72	354
72	360
72	413
72	600
72	610
72	789
72	839
72	896
73	103
73	139
73	158
73	192
73	266
73	331
73	366
73	408
73	450
73	727
73	731
73	863
73	974
74	80
74	84
74	85
74	133
74	204
74	218
74	253
74	385
74	406
74	530
74	650
74	688
74	799
74	858
74	967
75	195
75	197
75	209
75	237
75	282
75	297
75	307
75	364
75	369
75	446
75	497
75	729
75	752
75	754
75	911
75	932
76	82
76	89
76	98
76	126
76	164
76	170
76	241
76	346
76	415
76	460
76	466
76	517
76	658
76	773
76	800
76	908
77	108
77	119
77	204
77	404
77	535
77	548
77	584
77	614
77	621
77	701
77	703
77	945
78	87
78	128
78	224
78	234
78	272
78	279
78	280
78	302
78	350
78	519
78	860
78	957
78	1000
79	127
79	129
79	149
79	232
79	282
79	321
79	331
79	334
79	434
79	538
79	578
79	628
79	727
79	731
79	735
80	109
80	225
80	263
80	351
80	499
80	579
80	609
80	624
80	651
80	668
80	723
80	732
80	827
80	924
80	944
80	947
81	84
81	126
81	129
81	131
81	285
81	290
81	301
81	308
81	379
81	665
81	746
81	748
81	805
81	832
81	841
82	112
82	177
82	179
82	180
82	183
82	286
82	350
82	396
82	506
82	598
82	754
82	826
82	885
83	103
83	127
83	159
83	164
83	200
83	210
83	222
83	230
83	251
83	364
83	383
83	455
83	568
83	778
83	816
83	1000
84	100
84	118
84	155
84	157
84	184
84	208
84	254
84	291
84	422
84	501
84	507
84	654
84	687
84	788
85	87
85	102
85	126
85	128
85	132
85	155
85	189
85	193
85	236
85	244
85	389
85	399
85	496
85	621
85	744
85	840
86	119
86	180
86	223
86	258
86	261
86	281
86	287
86	325
86	340
86	368
86	405
86	618
86	656
86	686
86	808
86	810
87	136
87	166
87	183
87	286
87	311
87	365
87	497
87	503
87	599
87	615
87	694
87	702
87	741
87	797
87	988
88	90
88	101
88	142
88	146
88	157
88	208
88	284
88	316
88	373
88	402
88	871
89	94
89	160
89	230
89	285
89	358
89	537
89	569
89	596
89	647
89	704
89	751
89	767
89	800
89	875
90	125
90	190
90	252
90	288
90	305
90	381
90	481
90	561
90	613
90	697
90	703
90	726
90	777
91	104
91	155
91	158
91	197
91	243
91	309
91	320
91	331
91	484
91	587
91	666
91	825
91	912
91	940
92	96
92	116
92	139
92	148
92	243
92	284
92	324
92	330
92	491
92	501
92	505
92	507
92	536
92	575
92	762
92	912
93	97
93	106
93	142
93	192
93	257
93	432
93	723
93	737
93	757
93	769
93	888
93	955
94	98
94	117
94	277
94	329
94	348
94	354
94	444
94	467
94	495
94	849
94	889
94	948
95	127
95	269
95	279
95	298
95	327
95	368
95	460
95	547
95	601
95	644
95	777
95	877
95	937
95	956
95	996
96	114
96	129
96	209
96	211
96	217
96	251
96	256
96	309
96	327
96	426
96	516
96	527
96	744
96	760
96	793
96	949
97	360
97	370
97	456
97	558
97	609
97	628
97	671
97	704
97	711
97	712
97	858
97	904
98	135
98	203
98	296
98	298
98	411
98	435
98	593
98	603
98	608
98	680
98	880
99	100
99	130
99	171
99	187
99	315
99	317
99	344
99	384
99	388
99	412
99	436
99	588
99	782
99	839
99	918
99	974
100	113
100	117
100	154
100	272
100	273
100	328
100	362
100	429
100	528
100	939
100	943
101	118
101	159
101	178
101	198
101	303
101	401
101	536
101	607
101	619
101	643
101	664
101	720
101	770
102	103
102	121
102	215
102	224
102	360
102	388
102	438
102	593
102	606
102	697
102	847
102	905
103	145
103	241
103	338
103	481
103	495
103	580
103	587
103	645
103	809
103	874
103	962
104	108
104	157
104	200
104	221
104	268
104	399
104	406
104	440
104	631
104	681
104	718
104	837
104	935
105	122
105	146
105	172
105	203
105	247
105	279
105	632
105	694
105	719
105	755
105	827
105	832
105	905
106	137
106	201
106	275
106	287
106	328
106	346
106	353
106	498
106	510
106	565
106	634
106	636
106	647
106	873
107	148
107	149
107	248
107	325
107	339
107	506
107	556
107	624
107	625
107	660
107	725
107	735
107	842
108	123
108	193
108	249
108	264
108	384
108	399
108	433
108	434
108	462
108	533
108	673
108	687
108	826
108	876
109	112
109	195
109	235
109	326
109	349
109	369
109	371
109	373
109	416
109	537
109	550
109	594
109	596
109	630
109	644
110	124
110	178
110	203
110	216
110	229
110	270
110	297
110	358
110	596
110	602
110	632
110	655
110	675
110	870
111	148
111	301
111	380
111	519
111	529
111	583
111	612
111	822
111	845
111	939
111	943
112	268
112	273
112	312
112	427
112	489
112	560
112	591
112	812
112	973
113	228
113	266
113	296
113	377
113	391
113	468
113	486
113	544
113	836
113	869
113	916
114	205
114	222
114	226
114	424
114	540
114	557
114	627
114	640
114	663
114	678
114	683
114	810
114	871
114	926
115	119
115	167
115	362
115	438
115	502
115	523
115	544
115	617
115	817
115	882
115	974
116	136
116	140
116	157
116	224
116	320
116	350
116	490
116	524
116	531
116	736
116	813
117	279
117	289
117	320
117	410
117	448
117	454
117	476
117	535
117	580
117	729
117	930
117	955
117	999
118	162
118	165
118	203
118	218
118	230
118	295
118	433
118	630
118	680
118	690
118	919
119	172
119	218
119	259
119	277
119	290
119	536
119	564
119	675
119	689
119	903
120	126
120	136
120	137
120	165
120	330
120	361
120	463
120	866
120	867
120	885
120	918
121	125
121	161
121	184
121	201
121	255
121	325
121	511
121	537
121	864
122	135
122	139
122	171
122	275
122	292
122	334
122	421
122	430
122	464
122	483
122	537
122	686
122	986
123	182
123	233
123	387
123	390
123	601
123	703
123	760
123	840
123	851
123	966
124	141
124	171
124	244
124	245
124	288
124	329
124	332
124	421
124	745
124	790
124	802
125	193
125	204
125	274
125	275
125	281
125	370
125	380
125	450
125	879
126	153
126	227
126	372
126	426
126	451
126	886
126	979
127	154
127	184
127	248
127	300
127	311
127	512
127	513
127	526
127	601
127	686
128	148
128	250
128	295
128	302
128	305
128	588
128	612
128	648
128	884
129	322
129	333
129	349
129	400
129	443
129	496
129	560
129	632
129	866
130	169
130	184
130	195
130	202
130	266
130	284
130	593
130	786
130	927
130	928
130	960
131	262
131	267
131	294
131	319
131	883
132	345
132	358
132	434
132	442
132	481
132	678
132	787
132	878
133	181
133	223
133	242
133	515
133	646
133	702
133	707
133	709
133	750
133	859
133	910
134	174
134	202
134	327
134	445
134	504
134	519
134	538
134	597
134	913
134	930
135	137
135	194
135	235
135	297
135	492
135	574
135	592
135	604
135	607
135	669
135	729
135	747
135	794
136	158
136	159
136	162
136	287
136	333
136	446
136	536
136	616
136	747
136	892
137	203
137	260
137	294
137	335
137	386
137	513
137	642
137	960
137	989
138	170
138	185
138	197
138	211
138	233
138	348
138	437
138	522
138	523
138	563
138	710
139	142
139	165
139	202
139	209
139	226
139	278
139	384
139	471
139	648
139	835
139	941
140	179
140	186
140	196
140	271
140	401
140	412
140	622
140	630
140	674
140	757
140	854
141	166
141	169
141	248
141	394
141	398
141	428
141	465
141	489
141	925
142	153
142	182
142	224
142	367
142	449
142	478
142	592
142	659
142	715
142	823
143	147
143	167
143	223
143	315
143	409
143	449
143	564
143	764
143	765
143	858
144	185
144	210
144	485
144	529
144	552
144	732
144	857
144	900
144	978
144	986
145	219
145	233
145	333
145	338
145	414
145	511
145	527
145	553
145	675
145	745
145	806
146	156
146	168
146	173
146	198
146	323
146	410
146	671
146	762
147	152
147	380
147	474
147	476
147	479
147	571
147	625
147	691
147	755
147	875
147	951
148	246
148	270
148	278
148	294
148	342
148	391
148	399
148	803
149	150
149	200
149	352
149	355
149	453
149	515
149	542
149	556
149	702
149	856
149	945
150	155
150	198
150	341
150	359
150	430
150	621
150	635
150	645
150	784
150	917
150	989
151	178
151	201
151	362
151	546
151	604
151	723
151	778
151	788
151	912
151	946
152	164
152	226
152	262
152	364
152	431
152	458
152	510
152	692
152	979
153	188
153	233
153	394
153	483
153	494
153	624
153	629
153	653
153	675
153	769
153	918
154	270
154	304
154	310
154	528
154	653
154	783
154	797
155	181
155	221
155	245
155	305
155	319
155	322
155	379
155	744
155	780
155	862
156	223
156	239
156	274
156	338
156	417
156	505
156	567
156	631
156	683
156	844
156	896
157	399
157	428
157	564
157	594
157	856
157	909
158	230
158	318
158	336
158	450
158	587
158	926
158	984
159	201
159	286
159	392
159	420
159	496
159	579
159	653
159	749
159	783
159	839
160	199
160	252
160	362
160	404
160	415
160	473
160	588
160	696
160	796
160	927
161	209
161	254
161	322
161	505
161	518
161	538
161	851
161	941
161	950
161	959
162	171
162	172
162	189
162	202
162	291
162	356
162	564
162	612
162	857
162	987
163	199
163	206
163	220
163	289
163	321
163	448
163	515
163	696
163	720
163	735
164	182
164	197
164	229
164	249
164	314
164	685
164	725
164	775
164	814
165	269
165	375
165	403
165	404
165	516
165	549
165	647
165	752
166	175
166	193
166	307
166	422
166	534
166	658
166	721
166	767
166	973
167	175
167	352
167	552
167	581
167	583
167	873
167	909
168	246
168	367
168	375
168	400
168	676
168	800
168	834
168	846
168	888
168	984
169	204
169	292
169	341
169	345
169	441
169	528
169	673
169	799
169	876
170	234
170	272
170	299
170	342
170	382
170	661
170	771
171	200
171	328
171	361
171	441
171	446
171	488
171	759
171	874
171	973
172	237
172	292
172	310
172	376
172	485
172	543
172	656
172	795
172	883
173	210
173	262
173	263
173	452
173	465
173	681
173	925
173	961
174	486
174	533
174	562
174	660
174	757
174	911
174	925
174	962
175	279
175	291
175	348
175	530
175	592
175	684
175	905
176	271
176	322
176	402
176	513
176	653
176	674
176	741
176	804
176	920
176	960
176	966
176	979
177	196
177	198
177	289
177	359
177	412
177	543
177	549
177	565
177	582
177	824
177	960
178	201
178	257
178	310
178	518
178	530
178	649
178	681
179	197
179	262
179	277
179	401
179	464
179	493
179	595
179	596
179	603
180	220
180	276
180	303
180	416
180	445
180	561
180	643
180	737
180	807
180	992
181	225
181	227
181	342
181	352
181	580
181	654
181	716
181	802
181	806
181	955
182	276
182	381
182	458
182	539
182	857
183	190
183	276
183	344
183	373
183	461
183	538
183	573
183	913
184	219
184	238
184	241
184	257
184	313
184	405
184	778
184	915
184	924
185	200
185	333
185	397
185	429
185	461
185	486
185	536
185	549
185	875
185	962
186	280
186	374
186	574
186	619
186	632
186	733
186	786
186	838
186	959
187	208
187	306
187	412
187	521
187	695
187	865
187	868
188	214
188	221
188	298
188	339
188	699
188	746
189	248
189	255
189	311
189	318
189	456
189	573
189	766
189	920
190	605
190	642
190	897
190	901
190	937
190	969
191	193
191	309
191	337
191	393
191	451
191	479
191	613
191	698
191	940
191	947
192	776
192	853
192	972
192	991
193	859
193	867
193	912
193	930
194	229
194	323
194	334
194	363
194	805
194	838
194	880
195	389
195	395
195	424
195	458
195	749
196	212
196	457
196	811
196	829
196	988
197	223
197	228
197	509
197	701
198	246
198	522
198	670
198	707
198	938
199	238
199	353
199	521
199	574
199	615
199	743
200	320
200	346
200	442
200	625
200	665
200	825
200	998
201	239
201	427
201	484
201	713
202	261
202	619
202	639
202	889
203	254
203	553
203	658
203	911
204	256
204	426
204	466
204	521
204	556
204	667
204	970
205	263
205	393
205	409
205	458
205	468
205	471
205	763
205	892
205	914
206	265
206	532
206	708
206	746
206	833
206	879
206	903
206	905
207	283
207	294
207	454
207	459
207	594
207	663
207	701
207	791
207	956
207	970
208	218
208	280
208	342
208	443
208	489
208	616
208	971
209	232
209	252
209	337
209	492
209	519
209	870
210	253
210	641
210	797
210	968
211	578
211	620
211	907
212	265
212	311
212	382
212	715
212	730
212	774
212	792
212	865
212	930
212	984
213	218
213	287
213	419
213	863
213	899
213	995
214	298
214	353
214	381
214	666
214	736
214	790
214	819
215	226
215	243
215	361
215	495
215	713
215	733
215	928
215	929
216	255
216	277
216	360
216	419
216	444
216	544
216	673
216	700
216	952
216	979
217	229
217	312
217	529
217	591
217	672
217	748
217	773
218	389
218	421
218	432
218	500
219	252
219	306
219	324
219	480
219	514
219	808
220	342
220	469
220	822
220	958
220	962
221	279
221	344
221	477
221	705
221	726
221	739
221	848
222	244
222	398
222	610
222	656
222	693
223	320
223	431
223	610
224	435
224	447
224	593
224	664
224	776
224	838
225	377
225	484
225	602
225	715
225	732
225	775
225	996
226	376
226	495
226	765
226	781
227	315
227	392
227	699
227	885
227	899
228	499
228	885
228	927
228	969
228	976
229	250
229	320
229	467
229	527
229	651
229	880
230	269
230	406
230	446
230	470
230	977
231	324
231	383
231	533
231	588
231	846
232	431
232	444
232	483
232	523
232	637
232	883
233	256
233	346
233	379
233	721
233	805
233	833
234	383
234	425
234	450
234	544
234	958
235	257
235	353
235	493
235	669
235	774
235	900
235	921
236	265
236	270
236	301
236	532
236	636
236	637
236	982
237	302
237	308
237	338
237	444
237	786
238	242
238	275
238	281
238	393
238	534
238	977
239	245
239	386
239	518
239	520
239	609
239	718
239	844
240	324
240	332
240	358
240	431
240	451
240	479
240	508
240	577
241	280
241	346
241	388
241	840
242	254
242	270
242	509
242	553
242	821
242	936
243	258
243	298
243	494
243	502
243	739
243	895
243	959
244	300
244	429
244	775
244	994
245	494
245	505
245	843
246	265
246	317
246	371
246	396
246	534
246	711
247	274
247	289
247	532
247	560
247	623
247	832
248	320
248	333
248	388
248	510
248	972
249	356
249	550
249	579
249	684
249	755
249	819
250	254
250	445
250	639
250	728
250	762
250	772
250	811
250	814
251	410
251	610
251	664
251	693
251	780
251	868
252	272
252	390
252	493
252	547
252	557
252	595
252	672
253	276
253	464
253	497
253	552
253	660
253	714
253	776
254	393
254	631
254	647
254	974
255	298
255	360
255	483
255	535
255	563
255	803
255	909
256	442
256	644
256	758
256	810
257	585
257	806
257	870
257	945
258	316
258	481
258	665
258	893
258	944
258	957
259	354
259	430
259	623
259	677
259	884
260	592
260	668
260	726
260	814
260	995
261	473
261	508
261	653
261	700
261	990
262	504
262	530
262	540
262	863
262	995
263	384
263	460
263	582
263	672
263	863
263	985
264	416
264	470
264	563
264	708
264	771
264	870
264	899
264	924
264	991
265	276
265	503
265	618
265	857
265	993
266	292
266	304
266	506
266	584
267	293
267	400
267	411
267	633
267	801
267	936
268	422
268	641
268	700
268	742
268	797
268	910
268	922
269	333
269	353
269	842
269	957
270	460
270	572
270	614
270	854
271	775
271	861
271	999
272	301
272	410
272	783
272	933
272	978
273	338
273	378
273	552
273	680
273	906
273	954
274	492
274	499
274	731
274	803
274	905
275	495
275	598
275	689
276	669
276	746
276	887
277	402
277	582
277	623
277	977
278	419
278	475
278	816
278	824
278	939
278	966
279	334
279	894
280	366
280	397
280	584
280	881
280	915
280	948
281	434
281	563
281	583
281	679
282	419
282	475
282	626
282	734
282	828
282	878
283	307
283	389
283	417
283	478
283	640
283	666
283	892
284	320
284	514
284	548
284	589
285	423
285	472
285	478
285	722
285	981
286	311
286	347
286	501
287	557
287	646
287	666
287	884
288	297
288	682
288	715
288	876
289	311
289	384
289	449
289	600
289	855
290	418
290	518
290	524
290	555
290	558
290	685
290	716
290	887
291	304
291	385
291	445
291	756
292	314
292	742
292	841
292	957
293	316
293	343
293	767
293	815
293	850
293	929
293	992
294	606
294	693
294	892
295	346
295	533
295	637
295	788
295	958
296	387
296	523
296	840
297	379
297	434
297	562
297	569
297	797
298	390
298	820
299	340
299	764
299	845
299	916
299	947
300	498
300	590
300	629
300	742
300	935
300	946
301	342
301	417
301	722
301	820
301	879
302	316
302	396
302	542
302	891
303	305
303	436
303	458
303	663
303	710
303	820
304	366
304	376
304	402
304	534
304	856
305	306
305	344
305	725
305	907
306	436
306	482
306	526
307	483
307	569
307	771
308	350
308	563
308	697
308	844
308	860
309	379
309	534
309	567
310	314
310	510
310	516
311	661
311	728
311	818
312	476
312	747
312	777
312	990
313	347
313	597
313	738
313	777
313	838
313	853
314	601
314	683
314	843
315	408
315	446
315	476
315	595
316	353
316	406
316	817
317	329
317	406
317	705
317	929
318	370
318	395
318	490
318	669
318	988
319	487
319	525
319	674
319	801
321	391
321	662
321	701
321	736
322	440
322	448
322	764
322	897
323	324
323	351
323	387
323	402
323	430
323	522
323	843
324	821
324	851
324	958
325	403
325	698
325	818
325	949
326	386
326	474
326	781
326	954
326	963
327	350
327	770
327	862
327	937
328	362
328	541
328	557
328	608
328	719
328	964
329	378
329	475
329	975
329	993
330	638
330	650
330	801
331	918
332	404
332	581
332	872
332	930
333	709
333	886
334	673
334	769
335	340
335	423
335	539
335	794
336	469
336	605
336	708
336	735
337	743
337	809
337	994
338	841
338	908
339	453
339	529
339	726
339	996
340	649
340	701
340	740
340	859
341	379
341	413
341	523
341	904
342	499
342	994
343	407
343	452
343	525
343	559
343	669
343	798
344	415
344	539
344	659
344	846
345	372
345	386
345	398
345	530
345	532
346	809
347	374
347	452
347	573
347	578
347	607
347	984
348	407
348	445
348	547
348	589
348	809
349	422
349	423
349	671
349	864
350	425
350	696
350	783
350	995
351	458
351	543
351	586
351	611
351	622
351	808
352	531
352	636
352	695
352	823
353	441
353	686
354	389
354	440
354	546
355	420
355	759
355	852
356	451
356	677
356	748
357	372
357	407
357	478
357	567
357	671
357	699
358	554
359	448
359	535
359	567
359	859
359	935
360	830
360	921
361	569
362	430
362	643
362	812
363	365
363	530
363	554
363	691
363	851
364	415
364	537
364	623
365	409
365	441
365	452
365	709
366	401
366	550
366	646
366	707
366	855
367	447
367	581
367	743
367	985
368	644
368	718
368	822
369	464
369	582
369	731
370	604
370	607
370	667
370	796
371	393
371	519
371	931
371	949
372	488
372	512
372	581
372	931
372	939
373	452
373	551
373	965
374	397
374	559
375	402
375	564
375	627
375	902
376	423
376	699
376	787
377	429
377	773
377	813
378	486
378	504
378	531
378	660
378	806
379	841
380	563
380	566
380	779
381	423
381	676
381	741
382	518
382	966
383	429
383	435
383	477
383	730
383	803
384	397
384	667
384	780
385	511
385	646
385	734
385	761
386	477
386	968
387	508
388	451
388	947
389	670
389	796
390	616
390	949
391	599
391	867
392	444
392	493
392	558
392	849
393	524
393	566
393	843
394	457
394	617
394	695
394	775
394	824
395	485
395	690
395	896
395	940
395	968
396	414
396	661
396	712
397	751
397	837
398	743
399	470
399	789
400	450
400	478
400	836
401	447
402	464
402	688
403	487
403	571
403	586
403	656
403	690
403	934
404	421
405	419
405	533
405	657
405	750
405	766
406	409
406	893
406	997
407	569
407	737
408	430
408	484
408	626
408	913
409	478
409	791
410	517
410	579
410	648
410	748
411	426
411	509
411	580
411	618
411	754
411	945
412	692
412	830
412	852
413	419
413	493
413	898
413	915
414	420
414	435
414	594
414	636
414	752
415	502
415	659
416	600
416	702
417	752
417	898
417	919
418	491
418	610
418	678
419	825
420	549
420	624
420	708
420	848
421	471
421	710
421	877
421	922
422	696
422	847
423	774
424	460
424	876
424	920
425	608
425	615
425	635
425	690
426	628
426	701
426	974
427	453
427	904
428	467
428	681
429	674
429	706
429	942
430	470
431	531
431	719
431	807
432	509
432	592
432	620
432	723
432	761
433	641
433	874
433	942
433	964
434	626
436	487
436	591
436	831
437	520
437	604
437	877
437	907
437	948
438	611
438	638
438	805
439	509
439	642
440	584
440	664
440	795
441	482
441	516
441	545
442	924
442	936
442	946
443	556
443	615
443	926
444	545
445	527
445	624
446	740
447	785
447	988
449	494
449	831
449	988
450	453
452	466
452	970
453	541
454	525
454	903
455	462
455	722
455	741
455	918
456	487
456	851
457	738
457	857
457	876
457	980
458	923
459	472
459	527
459	765
459	971
460	576
460	802
461	468
461	747
461	911
462	850
462	967
463	526
463	541
464	736
465	560
465	575
465	848
466	469
466	585
466	725
467	532
467	687
467	971
468	489
468	623
469	555
470	587
470	730
471	570
471	934
472	475
472	521
472	638
473	659
473	887
473	977
473	1000
474	540
474	665
474	781
475	555
475	732
476	558
476	867
477	549
478	695
479	633
479	938
479	949
480	492
480	562
480	664
480	714
480	951
481	682
481	909
482	664
482	764
482	938
483	528
484	886
485	514
485	599
485	850
486	544
487	488
488	534
488	554
488	606
488	720
489	491
489	547
489	782
490	570
490	606
490	868
490	874
490	917
491	630
491	699
491	951
492	710
492	790
493	506
493	950
494	882
495	844
496	815
497	852
497	934
498	553
498	694
498	829
498	853
498	895
499	691
499	698
499	740
500	836
500	952
501	550
502	819
503	542
503	635
503	901
504	575
504	608
504	808
504	847
505	522
505	800
506	519
506	923
507	688
507	842
508	513
508	723
508	792
509	891
511	776
511	882
511	929
512	590
512	642
512	712
512	766
512	781
514	525
514	548
514	845
514	942
515	643
515	655
515	765
516	603
516	945
517	526
517	760
517	941
518	576
518	749
519	780
520	605
520	617
520	686
520	985
521	651
521	817
522	642
523	922
524	621
524	886
525	545
525	730
525	898
526	582
529	678
529	815
529	841
531	570
532	602
532	908
533	657
534	681
535	596
536	811
538	610
538	840
539	784
539	877
541	663
541	814
541	854
542	736
543	587
543	705
545	928
545	944
546	667
546	791
548	588
548	878
548	879
550	999
551	632
551	702
551	774
552	649
552	907
553	826
555	607
555	645
556	751
556	997
557	629
557	643
558	572
559	606
559	692
560	622
561	578
561	981
561	993
562	622
564	931
565	961
566	915
567	580
567	976
568	580
568	646
568	816
568	956
570	697
570	886
571	757
571	785
571	942
572	991
573	865
573	906
573	910
574	795
574	804
574	890
576	709
576	727
578	902
578	964
579	790
581	749
583	687
584	651
584	781
585	659
585	751
585	987
586	605
586	745
586	998
588	668
589	866
589	921
590	792
591	631
591	661
591	994
593	801
595	609
597	883
598	785
598	883
599	827
600	609
601	982
602	717
603	769
605	935
607	706
608	991
609	734
611	861
612	684
612	845
612	972
613	670
614	846
614	953
615	627
616	665
616	672
619	622
619	817
619	910
620	778
620	963
621	649
622	835
623	932
625	716
625	828
626	679
626	700
626	938
627	849
627	964
628	791
628	891
629	757
631	819
633	852
633	942
634	678
634	835
634	932
635	939
638	727
640	670
640	906
641	975
644	779
645	870
647	652
647	925
648	768
649	719
650	759
652	774
652	818
654	669
654	980
655	705
655	833
657	721
657	796
657	907
660	798
661	944
662	667
662	762
662	872
662	938
663	729
663	823
665	693
666	952
668	738
668	815
668	816
670	697
672	869
672	920
673	861
674	987
675	705
676	713
676	858
676	869
677	971
680	981
681	763
682	821
682	873
683	981
684	872
684	878
684	986
685	689
685	694
685	740
686	904
687	706
687	865
688	932
689	847
689	894
689	897
690	710
691	969
691	981
692	743
694	790
694	969
695	821
696	968
697	843
698	786
698	796
700	959
706	830
712	758
713	807
714	859
716	882
717	875
718	922
720	728
722	782
722	995
724	813
724	973
725	793
726	902
728	926
732	807
733	750
733	835
734	951
735	922
737	808
742	890
744	880
748	879
749	866
750	882
753	770
754	921
756	862
756	937
758	865
760	893
761	994
765	936
766	919
769	889
771	799
772	992
773	864
782	862
784	924
785	953
787	868
787	901
787	963
788	985
792	987
794	998
795	920
798	952
803	979
807	985
809	934
810	897
810	913
811	919
812	906
813	824
814	830
820	946
822	983
823	921
826	830
827	829
827	837
828	899
828	961
831	832
832	836
837	877
837	927
842	948
848	890
850	955
853	980
854	890
855	889
860	917
861	909
864	887
867	978
869	967
872	900
873	960
875	941
880	972
881	894
888	944
889	983
890	976
891	997
892	914
893	992
900	927
903	990
910	929
916	997
923	997
933	950
934	982
935	958
943	968
950	991
978	998
987	989
