1	19
2	5
3	11
4	12
5	8
6	3
7	17
8	4
9	2
10	9
11	18
12	20
13	13
14	13
15	17
16	20
17	12
18	5
19	6
20	10
21	5
22	4
23	5
24	6
25	10
26	5
27	21
28	4
29	13
30	6
31	22
32	14
33	7
34	9
35	3
36	18
37	3
38	23
39	4
40	19
41	11
42	6
43	15
44	6
45	1
46	4
47	13
48	17
49	2
50	8
51	8
52	5
53	24
54	4
55	3
56	9
57	4
58	3
59	22
60	2
61	7
62	2
63	16
64	8
65	2
66	7
67	4
68	8
69	6
70	23
71	12
72	2
73	17
74	22
75	14
76	17
77	5
78	22
79	12
80	14
81	3
82	3
83	19
84	13
85	19
86	12
87	15
88	3
89	4
90	10
91	9
92	3
93	2
94	8
95	5
96	14
97	3
98	4
99	20
100	7
101	15
102	16
103	13
104	19
105	9
106	13
107	15
108	16
109	2
110	6
111	19
112	21
113	10
114	6
115	7
116	4
117	8
118	6
119	14
120	14
121	16
122	7
123	10
124	2
125	3
126	21
127	12
128	8
129	18
130	4
131	7
132	16
133	2
134	7
135	10
136	16
137	2
138	9
139	3
140	4
141	11
142	16
143	4
144	13
145	2
146	2
147	5
148	18
149	2
150	5
151	9
152	6
153	3
154	18
155	4
156	21
157	11
158	2
159	21
160	15
161	2
162	5
163	9
164	3
165	13
166	23
167	20
168	11
169	10
170	22
171	3
172	3
173	14
174	9
175	3
176	11
177	10
178	10
179	18
180	10
181	9
182	7
183	20
184	11
185	5
186	8
187	6
188	2
189	11
190	24
191	18
192	6
193	2
194	5
195	23
196	19
197	4
198	20
199	5
200	17
201	15
202	23
203	5
204	8
205	4
206	23
207	19
208	23
209	4
210	18
211	7
212	23
213	8
214	14
215	11
216	3
217	2
218	3
219	20
220	10
221	23
222	5
223	23
224	5
225	8
226	14
227	6
228	4
229	3
230	20
231	4
232	6
233	3
234	7
235	5
236	14
237	3
238	21
239	17
240	7
241	12
242	2
243	15
244	10
245	2
246	4
247	4
248	6
249	23
250	7
251	2
252	5
253	3
254	6
255	6
256	3
257	15
258	22
259	4
260	16
261	14
262	5
263	5
264	18
265	22
266	19
267	5
268	2
269	4
270	9
271	6
272	4
273	6
274	7
275	24
276	5
277	24
278	12
279	7
280	9
281	20
282	16
283	8
284	12
285	9
286	15
287	7
288	3
289	5
290	3
291	5
292	20
293	21
294	15
295	7
296	10
297	2
298	22
299	4
300	5
301	11
302	1
303	11
304	9
305	10
306	17
307	16
308	7
309	14
310	6
311	4
312	15
313	2
314	23
315	8
316	2
317	8
318	13
319	15
320	6
321	3
322	2
323	4
324	21
325	12
326	9
327	20
328	13
329	4
330	4
331	7
332	4
333	3
334	8
335	6
336	19
337	7
338	22
339	3
340	12
341	9
342	6
343	3
344	4
345	12
346	24
347	11
348	19
349	3
350	3
351	16
352	9
353	6
354	4
355	8
356	2
357	5
358	4
359	23
360	2
361	14
362	17
363	20
364	3
365	2
366	3
367	15
368	5
369	22
370	4
371	20
372	10
373	8
374	3
375	24
376	6
377	16
378	3
379	2
380	23
381	4
382	5
383	7
384	13
385	22
386	6
387	5
388	6
389	4
390	24
391	4
392	9
393	16
394	2
395	8
396	2
397	7
398	20
399	11
400	6
401	6
402	6
403	7
404	9
405	3
406	14
407	2
408	5
409	4
410	17
411	11
412	11
413	2
414	11
415	14
416	19
417	2
418	3
419	15
420	3
421	2
422	3
423	3
424	3
425	4
426	3
427	22
428	22
429	2
430	12
431	10
432	13
433	5
434	4
435	15
436	2
437	3
438	2
439	5
440	8
441	4
442	12
443	6
444	14
445	20
446	6
447	8
448	11
449	9
450	20
451	12
452	5
453	12
454	8
455	8
456	15
457	3
458	24
459	4
460	4
461	8
462	8
463	22
464	17
465	9
466	14
467	11
468	3
469	23
470	14
471	3
472	18
473	6
474	18
475	5
476	7
477	5
478	13
479	2
480	7
481	9
482	17
483	21
484	19
485	8
486	12
487	12
488	13
489	3
490	3
491	4
492	5
493	11
494	6
495	4
496	7
497	7
498	21
499	4
500	22
501	2
502	20
503	12
504	5
505	3
506	11
507	8
508	2
509	3
510	10
511	7
512	11
513	4
514	3
515	11
516	2
517	11
518	24
519	11
520	18
521	9
522	4
523	4
524	2
525	6
526	15
527	17
528	20
529	3
530	13
531	18
532	9
533	3
534	5
535	18
536	7
537	11
538	23
539	19
540	6
541	16
542	14
543	4
544	5
545	4
546	8
547	23
548	18
549	3
550	20
551	6
552	12
553	3
554	14
555	23
556	12
557	3
558	4
559	15
560	19
561	2
562	16
563	2
564	5
565	17
566	7
567	3
568	5
569	12
570	7
571	11
572	8
573	5
574	8
575	3
576	3
577	10
578	16
579	24
580	2
581	23
582	7
583	15
584	13
585	12
586	9
587	19
588	9
589	23
590	7
591	4
592	3
593	17
594	3
595	18
596	2
597	10
598	10
599	6
600	7
601	2
602	11
603	3
604	20
605	16
606	20
607	6
608	16
609	4
610	2
611	2
612	2
613	13
614	3
615	2
616	13
617	16
618	13
619	12
620	10
621	12
622	6
623	2
624	2
625	22
626	14
627	18
628	2
629	8
630	10
631	14
632	8
633	10
634	2
635	9
636	10
637	23
638	3
639	7
640	9
641	7
642	9
643	21
644	18
645	23
646	15
647	13
648	22
649	17
650	2
651	4
652	3
653	5
654	9
655	3
656	9
657	7
658	6
659	11
660	5
661	1
662	18
663	22
664	7
665	2
666	10
667	8
668	3
669	20
670	4
671	4
672	13
673	7
674	9
675	20
676	17
677	5
678	21
679	24
680	2
681	4
682	2
683	13
684	12
685	4
686	21
687	7
688	9
689	2
690	11
691	7
692	13
693	6
694	11
695	12
696	2
697	11
698	7
699	9
700	7
701	20
702	6
703	12
704	2
705	23
706	24
707	20
708	2
709	8
710	22
711	12
712	9
713	22
714	21
715	10
716	19
717	6
718	3
719	4
720	21
721	14
722	2
723	5
724	13
725	11
726	8
727	14
728	8
729	24
730	19
731	11
732	10
733	11
734	8
735	2
736	3
737	17
738	17
739	8
740	1
741	2
742	3
743	7
744	2
745	11
746	21
747	4
748	2
749	5
750	23
751	10
752	2
753	7
754	4
755	3
756	10
757	9
758	15
759	24
760	9
761	5
762	8
763	3
764	3
765	18
766	6
767	10
768	4
769	20
770	2
771	3
772	6
773	2
774	24
775	2
776	7
777	9
778	22
779	9
780	9
781	11
782	8
783	3
784	3
785	9
786	11
787	2
788	5
789	21
790	21
791	12
792	6
793	9
794	1
795	23
796	8
797	3
798	9
799	3
800	7
801	2
802	19
803	4
804	2
805	11
806	1
807	5
808	2
809	16
810	14
811	7
812	20
813	1
814	3
815	15
816	18
817	2
818	16
819	14
820	23
821	8
822	3
823	6
824	2
825	3
826	20
827	9
828	6
829	10
830	9
831	24
832	13
833	13
834	5
835	9
836	10
837	14
838	3
839	9
840	6
841	6
842	10
843	23
844	5
845	22
846	5
847	14
848	3
849	19
850	3
851	9
852	23
853	13
854	7
855	3
856	8
857	7
858	15
859	7
860	16
861	14
862	2
863	3
864	1
865	4
866	2
867	22
868	23
869	14
870	14
871	4
872	7
873	22
874	7
875	19
876	16
877	6
878	5
879	7
880	3
881	21
882	10
883	15
884	5
885	6
886	2
887	22
888	10
889	16
890	9
891	14
892	14
893	13
894	4
895	14
896	3
897	18
898	11
899	24
900	3
901	1
902	20
903	5
904	3
905	7
906	10
907	13
908	14
909	9
910	15
911	22
912	9
913	9
914	3
915	6
916	6
917	13
918	14
919	4
920	2
921	17
922	3
923	4
924	17
925	4
926	5
927	10
928	5
929	5
930	4
931	9
932	2
933	18
934	9
935	15
936	2
937	14
938	9
939	2
940	7
941	11
942	4
943	16
944	14
945	15
946	19
947	16
948	2
949	7
950	4
951	20
952	6
953	10
954	7
955	10
956	2
957	5
958	13
959	19
960	10
961	15
962	10
963	20
964	12
965	4
966	24
967	6
968	13
969	23
970	23
971	23
972	2
973	9
974	13
975	21
976	12
977	19
978	12
979	5
980	2
981	4
982	20
983	14
984	7
985	3
986	5
987	13
988	3
989	16
990	2
991	12
992	19
993	7
994	5
995	16
996	9
997	6
998	6
999	15
1000	14
1001	16
1002	16
1003	23
1004	21
1005	5
1006	3
1007	1
1008	5
1009	5
1010	20
1011	21
1012	2
1013	9
1014	15
1015	15
1016	2
1017	2
1018	17
1019	5
1020	14
1021	9
1022	14
1023	8
1024	7
1025	23
1026	2
1027	4
1028	6
1029	18
1030	7
1031	13
1032	8
1033	7
1034	18
1035	2
1036	15
1037	9
1038	3
1039	5
1040	7
1041	17
1042	8
1043	11
1044	2
1045	20
1046	2
1047	10
1048	4
1049	12
1050	19
1051	19
1052	19
1053	5
1054	7
1055	7
1056	12
1057	6
1058	11
1059	14
1060	5
1061	8
1062	2
1063	6
1064	16
1065	2
1066	12
1067	13
1068	17
1069	8
1070	12
1071	20
1072	9
1073	19
1074	16
1075	3
1076	3
1077	19
1078	18
1079	16
1080	2
1081	10
1082	6
1083	22
1084	8
1085	21
1086	13
1087	4
1088	12
1089	4
1090	9
1091	8
1092	3
1093	8
1094	5
1095	7
1096	3
1097	8
1098	21
1099	2
1100	6
1101	20
1102	14
1103	5
1104	3
1105	10
1106	20
1107	5
1108	15
1109	21
1110	18
1111	22
1112	17
1113	17
1114	3
1115	6
1116	1
1117	7
1118	12
1119	5
1120	3
1121	6
1122	7
1123	18
1124	3
1125	2
1126	4
1127	2
1128	3
1129	15
1130	2
1131	15
1132	5
1133	5
1134	16
1135	5
1136	11
1137	8
1138	18
1139	21
1140	11
1141	4
1142	11
1143	2
1144	23
1145	12
1146	13
1147	24
1148	2
1149	24
1150	17
1151	17
1152	11
1153	14
1154	15
1155	3
1156	3
1157	2
1158	6
1159	20
1160	4
1161	23
1162	15
1163	4
1164	5
1165	8
1166	1
1167	7
1168	20
1169	11
1170	18
1171	22
1172	24
1173	3
1174	5
1175	7
1176	14
1177	6
1178	9
1179	4
1180	4
1181	11
1182	21
1183	12
1184	4
1185	4
1186	2
1187	4
1188	2
1189	15
1190	22
1191	6
1192	23
1193	5
1194	2
1195	19
1196	20
1197	3
1198	7
1199	8
1200	9
1201	3
1202	5
1203	8
1204	5
1205	13
1206	7
1207	23
1208	10
1209	6
1210	17
1211	16
1212	2
1213	19
1214	2
1215	7
1216	3
1217	22
1218	16
1219	6
1220	4
1221	7
1222	8
1223	12
1224	3
1225	13
1226	23
1227	21
1228	21
1229	14
1230	21
1231	13
1232	5
1233	5
1234	2
1235	3
1236	22
1237	9
1238	11
1239	5
1240	18
1241	6
1242	6
1243	3
1244	12
1245	15
1246	7
1247	19
1248	24
1249	12
1250	24
1251	17
1252	16
1253	14
1254	4
1255	2
1256	11
1257	7
1258	11
1259	5
1260	20
1261	5
1262	16
1263	2
1264	5
1265	11
1266	2
1267	19
1268	24
1269	5
1270	9
1271	18
1272	3
1273	5
1274	7
1275	2
1276	7
1277	8
1278	17
1279	8
1280	5
1281	3
1282	5
1283	20
1284	19
1285	16
1286	7
1287	4
1288	19
1289	10
1290	15
1291	2
1292	9
1293	4
1294	3
1295	9
1296	13
1297	3
1298	17
1299	15
1300	23
1301	21
1302	5
1303	2
1304	2
1305	4
1306	21
1307	5
1308	8
1309	7
1310	6
1311	22
1312	19
1313	12
1314	21
1315	17
1316	7
1317	5
1318	5
1319	16
1320	21
1321	8
1322	13
1323	23
1324	21
1325	9
1326	4
1327	5
1328	14
1329	2
1330	4
1331	2
1332	17
1333	19
1334	11
1335	16
1336	7
1337	7
1338	5
1339	12
1340	8
1341	10
1342	14
1343	21
1344	21
1345	8
1346	10
1347	4
1348	7
1349	2
1350	21
1351	6
1352	6
1353	21
1354	13
1355	8
1356	21
1357	15
1358	4
1359	22
1360	15
1361	12
1362	9
1363	15
1364	13
1365	6
1366	2
1367	9
1368	10
1369	5
1370	4
1371	19
1372	3
1373	3
1374	12
1375	3
1376	14
1377	6
1378	23
1379	18
1380	6
1381	2
1382	4
1383	18
1384	3
1385	18
1386	6
1387	4
1388	5
1389	3
1390	16
1391	7
1392	13
1393	16
1394	21
1395	24
1396	7
1397	9
1398	2
1399	4
1400	10
1401	12
1402	19
1403	2
1404	2
1405	10
1406	7
1407	3
1408	5
1409	22
1410	19
1411	2
1412	4
1413	7
1414	6
1415	21
1416	13
1417	23
1418	11
1419	5
1420	2
1421	18
1422	8
1423	3
1424	5
1425	3
1426	23
1427	6
1428	21
1429	23
1430	3
1431	19
1432	17
1433	9
1434	11
1435	12
1436	22
1437	5
1438	7
1439	2
1440	15
1441	9
1442	23
1443	5
1444	5
1445	6
1446	10
1447	14
1448	18
1449	17
1450	22
1451	13
1452	8
1453	22
1454	9
1455	7
1456	13
1457	3
1458	17
1459	10
1460	9
1461	13
1462	2
1463	3
1464	19
1465	10
1466	19
1467	4
1468	5
1469	19
1470	4
1471	7
1472	4
1473	3
1474	6
1475	9
1476	4
1477	6
1478	18
1479	21
1480	5
1481	8
1482	13
1483	14
1484	19
1485	4
1486	7
1487	6
1488	6
1489	18
1490	21
1491	13
1492	5
1493	14
1494	19
1495	2
1496	9
1497	20
1498	8
1499	7
1500	3
1501	7
1502	13
1503	18
1504	19
1505	6
1506	16
1507	21
1508	8
1509	4
1510	22
1511	19
1512	20
1513	5
1514	6
1515	4
1516	3
1517	2
1518	22
1519	3
1520	8
1521	13
1522	23
1523	4
1524	4
1525	19
1526	2
1527	4
1528	3
1529	4
1530	5
1531	7
1532	13
1533	8
1534	18
1535	8
1536	4
1537	6
1538	6
1539	15
1540	20
1541	2
1542	5
1543	9
1544	3
1545	23
1546	2
1547	12
1548	12
1549	11
1550	10
1551	21
1552	8
1553	12
1554	2
1555	3
1556	17
1557	14
1558	13
1559	21
1560	3
1561	6
1562	13
1563	10
1564	7
1565	6
1566	3
1567	22
1568	3
1569	18
1570	16
1571	24
1572	6
1573	13
1574	8
1575	5
1576	18
1577	19
1578	9
1579	12
1580	1
1581	3
1582	2
1583	5
1584	6
1585	7
1586	2
1587	5
1588	10
1589	7
1590	7
1591	3
1592	3
1593	11
1594	18
1595	19
1596	2
1597	22
1598	6
1599	7
1600	4
1601	4
1602	18
1603	2
1604	3
1605	5
1606	11
1607	6
1608	4
1609	5
1610	6
1611	7
1612	3
1613	6
1614	7
1615	3
1616	6
1617	23
1618	6
1619	12
1620	3
1621	16
1622	15
1623	5
1624	2
1625	5
1626	9
1627	8
1628	3
1629	24
1630	6
1631	19
1632	7
1633	12
1634	4
1635	4
1636	19
1637	2
1638	3
1639	3
1640	13
1641	13
1642	2
1643	3
1644	2
1645	6
1646	12
1647	3
1648	24
1649	20
1650	4
1651	22
1652	5
1653	6
1654	16
1655	1
1656	3
1657	11
1658	10
1659	1
1660	16
1661	20
1662	16
1663	5
1664	3
1665	13
1666	15
1667	5
1668	7
1669	23
1670	6
1671	4
1672	3
1673	4
1674	11
1675	12
1676	10
1677	5
1678	15
1679	2
1680	11
1681	3
1682	3
1683	6
1684	2
1685	18
1686	18
1687	5
1688	4
1689	7
1690	2
1691	2
1692	7
1693	19
1694	3
1695	4
1696	19
1697	9
1698	23
1699	19
1700	6
1701	4
1702	6
1703	12
1704	15
1705	13
1706	22
1707	12
1708	16
1709	5
1710	6
1711	16
1712	9
1713	4
1714	8
1715	18
1716	9
1717	15
1718	7
1719	4
1720	18
1721	8
1722	9
1723	24
1724	6
1725	16
1726	18
1727	5
1728	7
1729	4
1730	2
1731	23
1732	8
1733	21
1734	3
1735	20
1736	16
1737	17
1738	1
1739	9
1740	22
1741	5
1742	10
1743	3
1744	4
1745	5
1746	9
1747	19
1748	13
1749	6
1750	3
1751	2
1752	2
1753	3
1754	7
1755	24
1756	4
1757	22
1758	9
1759	4
1760	2
1761	23
1762	14
1763	2
1764	10
1765	4
1766	4
1767	21
1768	5
1769	3
1770	18
1771	23
1772	4
1773	2
1774	5
1775	2
1776	17
1777	14
1778	13
1779	18
1780	5
1781	21
1782	21
1783	3
1784	23
1785	5
1786	17
1787	12
1788	5
1789	15
1790	18
1791	23
1792	2
1793	15
1794	8
1795	9
1796	23
1797	2
1798	23
1799	19
1800	3
1801	7
1802	13
1803	4
1804	11
1805	5
1806	13
1807	11
1808	5
1809	2
1810	6
1811	20
1812	6
1813	2
1814	9
1815	2
1816	16
1817	3
1818	5
1819	3
1820	7
1821	12
1822	4
1823	6
1824	4
1825	24
1826	13
1827	17
1828	14
1829	5
1830	14
1831	11
1832	2
1833	12
1834	6
1835	9
1836	6
1837	8
1838	8
1839	5
1840	17
1841	2
1842	2
1843	3
1844	18
1845	15
1846	15
1847	6
1848	6
1849	6
1850	18
1851	5
1852	21
1853	6
1854	7
1855	3
1856	11
1857	4
1858	12
1859	4
1860	8
1861	5
1862	18
1863	2
1864	10
1865	3
1866	14
1867	4
1868	3
1869	5
1870	8
1871	22
1872	11
1873	5
1874	7
1875	2
1876	7
1877	2
1878	17
1879	3
1880	2
1881	12
1882	4
1883	8
1884	5
1885	2
1886	14
1887	2
1888	19
1889	7
1890	8
1891	12
1892	9
1893	23
1894	3
1895	24
1896	4
1897	3
1898	22
1899	24
1900	2
1901	8
1902	4
1903	3
1904	3
1905	21
1906	16
1907	5
1908	20
1909	4
1910	5
1911	14
1912	4
1913	10
1914	13
1915	12
1916	1
1917	4
1918	3
1919	11
1920	10
1921	4
1922	10
1923	5
1924	17
1925	13
1926	2
1927	10
1928	12
1929	24
1930	9
1931	7
1932	15
1933	21
1934	8
1935	3
1936	14
1937	2
1938	6
1939	7
1940	8
1941	21
1942	2
1943	12
1944	4
1945	4
1946	1
1947	24
1948	3
1949	19
1950	14
1951	22
1952	5
1953	10
1954	11
1955	4
1956	7
1957	9
1958	5
1959	5
1960	6
1961	7
1962	19
1963	3
1964	16
1965	21
1966	1
1967	7
1968	6
1969	15
1970	9
1971	10
1972	4
1973	2
1974	4
1975	2
1976	23
1977	6
1978	6
1979	4
1980	2
1981	3
1982	9
1983	19
1984	18
1985	3
1986	19
1987	9
1988	5
1989	2
1990	7
1991	5
1992	8
1993	8
1994	2
1995	6
1996	4
1997	2
1998	5
1999	4
2000	13
2001	17
2002	2
2003	4
2004	12
2005	17
2006	7
2007	6
2008	15
2009	3
2010	4
2011	6
2012	2
2013	8
2014	4
2015	8
2016	3
2017	11
2018	6
2019	3
2020	18
2021	7
2022	23
2023	7
2024	7
2025	24
2026	4
2027	24
2028	2
2029	9
2030	4
2031	18
2032	3
2033	3
2034	7
2035	7
2036	5
2037	18
2038	6
2039	9
2040	8
2041	2
2042	17
2043	10
2044	18
2045	17
2046	16
2047	4
2048	22
2049	3
2050	24
2051	2
2052	13
2053	14
2054	8
2055	3
2056	6
2057	2
2058	9
2059	10
2060	20
2061	2
2062	10
2063	22
2064	2
2065	4
2066	7
2067	3
2068	8
2069	9
2070	11
2071	10
2072	12
2073	7
2074	21
2075	2
2076	24
2077	14
2078	2
2079	18
2080	14
2081	6
2082	5
2083	14
2084	7
2085	22
2086	4
2087	10
2088	21
2089	3
2090	19
2091	10
2092	6
2093	2
2094	21
2095	20
2096	11
2097	13
2098	9
2099	23
2100	14
2101	23
2102	19
2103	12
2104	15
2105	21
2106	20
2107	2
2108	3
2109	8
2110	2
2111	3
2112	18
2113	3
2114	4
2115	3
2116	11
2117	2
2118	6
2119	20
2120	6
2121	6
2122	12
2123	3
2124	21
2125	10
2126	6
2127	12
2128	5
2129	2
2130	14
2131	15
2132	22
2133	4
2134	3
2135	16
2136	11
2137	2
2138	2
2139	24
2140	2
2141	2
2142	4
2143	12
2144	2
2145	21
2146	9
2147	11
2148	9
2149	19
2150	23
2151	5
2152	17
2153	9
2154	6
2155	16
2156	7
2157	18
2158	16
2159	2
2160	4
2161	6
2162	10
2163	22
2164	21
2165	8
2166	4
2167	17
2168	16
2169	2
2170	23
2171	22
2172	2
2173	4
2174	13
2175	9
2176	18
2177	8
2178	12
2179	20
2180	16
2181	9
2182	4
2183	9
2184	22
2185	4
2186	7
2187	4
2188	1
2189	4
2190	6
2191	2
2192	5
2193	10
2194	6
2195	8
2196	3
2197	11
2198	9
2199	21
2200	6
2201	8
2202	18
2203	4
2204	9
2205	18
2206	6
2207	11
2208	10
2209	2
2210	9
2211	6
2212	9
2213	6
2214	2
2215	10
2216	2
2217	11
2218	4
2219	7
2220	3
2221	6
2222	3
2223	9
2224	7
2225	14
2226	15
2227	20
2228	14
2229	2
2230	24
2231	6
2232	12
2233	13
2234	23
2235	6
2236	6
2237	16
2238	4
2239	2
2240	15
2241	11
2242	13
2243	7
2244	24
2245	4
2246	6
2247	11
2248	2
2249	12
2250	19
2251	21
2252	5
2253	24
2254	7
2255	9
2256	3
2257	16
2258	14
2259	3
2260	2
2261	6
2262	6
2263	12
2264	4
2265	3
2266	14
2267	15
2268	21
2269	24
2270	3
2271	21
2272	2
2273	2
2274	7
2275	17
2276	11
2277	2
2278	10
2279	2
2280	4
2281	21
2282	10
2283	16
2284	12
2285	10
2286	3
2287	14
2288	2
2289	8
2290	20
2291	5
2292	4
2293	16
2294	2
2295	6
2296	21
2297	2
2298	13
2299	23
2300	5
2301	10
2302	2
2303	3
2304	19
2305	24
2306	17
2307	22
2308	23
2309	12
2310	13
2311	4
2312	4
2313	13
2314	21
2315	4
2316	3
2317	8
2318	3
2319	4
2320	23
2321	10
2322	14
2323	8
2324	10
2325	18
2326	24
2327	3
2328	9
2329	21
2330	4
2331	5
2332	3
2333	6
2334	12
2335	17
2336	5
2337	7
2338	4
2339	20
2340	4
2341	2
2342	11
2343	22
2344	15
2345	6
2346	4
2347	8
2348	2
2349	13
2350	2
2351	16
2352	3
2353	2
2354	11
2355	24
2356	2
2357	5
2358	4
2359	2
2360	3
2361	14
2362	4
2363	6
2364	13
2365	22
2366	18
2367	5
2368	3
2369	12
2370	16
2371	11
2372	22
2373	9
2374	14
2375	5
2376	11
2377	22
2378	12
2379	7
2380	7
2381	18
2382	12
2383	14
2384	7
2385	4
2386	15
2387	15
2388	3
2389	8
2390	16
2391	11
2392	19
2393	2
2394	9
2395	24
2396	3
2397	10
2398	12
2399	18
2400	11
2401	2
2402	14
2403	14
2404	11
2405	8
2406	20
2407	2
2408	4
2409	21
2410	6
2411	7
2412	14
2413	5
2414	24
2415	11
2416	16
2417	6
2418	7
2419	13
2420	11
2421	21
2422	2
2423	11
2424	22
2425	22
2426	17
2427	15
2428	2
2429	9
2430	5
2431	15
2432	6
2433	6
2434	10
2435	9
2436	10
2437	3
2438	7
2439	2
2440	6
2441	2
2442	10
2443	9
2444	3
2445	24
2446	3
2447	11
2448	18
2449	16
2450	7
2451	3
2452	10
2453	2
2454	5
2455	7
2456	12
2457	8
2458	15
2459	13
2460	20
2461	18
2462	15
2463	3
2464	3
2465	2
2466	13
2467	8
2468	2
2469	4
2470	2
2471	8
2472	13
2473	10
2474	3
2475	2
2476	21
2477	4
2478	10
2479	12
2480	17
2481	18
2482	7
2483	5
2484	6
2485	4
2486	24
2487	4
2488	15
2489	5
2490	18
2491	4
2492	2
2493	18
2494	19
2495	18
2496	9
2497	3
2498	3
2499	23
2500	17
2501	5
2502	5
2503	14
2504	2
2505	7
2506	10
2507	7
2508	23
2509	22
2510	2
2511	22
2512	11
2513	4
2514	11
2515	3
2516	5
2517	7
2518	2
2519	3
2520	14
2521	5
2522	2
2523	21
2524	3
2525	2
2526	8
2527	4
2528	2
2529	12
2530	5
2531	20
2532	4
2533	3
2534	20
2535	7
2536	3
2537	14
2538	6
2539	6
2540	4
2541	20
2542	9
2543	2
2544	11
2545	3
2546	6
2547	20
2548	15
2549	20
2550	5
2551	15
2552	1
2553	5
2554	24
2555	5
2556	16
2557	3
2558	24
2559	3
2560	13
2561	4
2562	3
2563	20
2564	14
2565	10
2566	17
2567	22
2568	10
2569	4
2570	3
2571	3
2572	4
2573	4
2574	16
2575	21
2576	14
2577	13
2578	19
2579	3
2580	13
2581	21
2582	20
2583	2
2584	21
2585	17
2586	7
2587	19
2588	12
2589	5
2590	7
2591	2
2592	8
2593	10
2594	17
2595	6
2596	3
2597	2
2598	21
2599	4
2600	3
2601	20
2602	9
2603	5
2604	5
2605	19
2606	8
2607	3
2608	21
2609	3
2610	4
2611	9
2612	3
2613	2
2614	2
2615	19
2616	19
2617	2
2618	4
2619	20
2620	4
2621	3
2622	6
2623	17
2624	4
2625	5
2626	21
2627	3
2628	2
2629	9
2630	3
2631	24
2632	13
2633	11
2634	10
2635	8
2636	11
2637	16
2638	22
2639	4
2640	4
2641	4
2642	16
2643	14
2644	7
2645	2
2646	17
2647	4
2648	2
2649	16
2650	13
2651	2
2652	11
2653	18
2654	2
2655	2
2656	3
2657	24
2658	5
2659	12
2660	4
2661	16
2662	5
2663	3
2664	14
2665	13
2666	6
2667	10
2668	4
2669	7
2670	8
2671	14
2672	14
2673	2
2674	6
2675	8
2676	8
2677	21
2678	22
2679	1
2680	13
2681	20
2682	7
2683	11
2684	23
2685	7
2686	10
2687	10
2688	16
2689	16
2690	2
2691	22
2692	8
2693	6
2694	4
2695	1
2696	11
2697	5
2698	5
2699	2
2700	2
2701	23
2702	3
2703	23
2704	20
2705	2
2706	22
2707	12
2708	5
2709	2
2710	5
2711	10
2712	6
2713	3
2714	2
2715	4
2716	5
2717	2
2718	24
2719	12
2720	7
2721	9
2722	11
2723	2
2724	19
2725	10
2726	3
2727	1
2728	7
2729	4
2730	7
2731	2
2732	8
2733	4
2734	18
2735	14
2736	3
2737	19
2738	4
2739	4
2740	19
2741	2
2742	17
2743	15
2744	5
2745	23
2746	7
2747	3
2748	3
2749	4
2750	23
2751	3
2752	8
2753	6
2754	12
2755	6
2756	14
2757	15
2758	19
2759	5
2760	6
2761	5
2762	4
2763	17
2764	10
2765	3
2766	23
2767	5
2768	17
2769	11
2770	5
2771	5
2772	22
2773	2
2774	7
2775	7
2776	4
2777	8
2778	24
2779	13
2780	8
2781	19
2782	19
2783	10
2784	3
2785	13
2786	2
2787	8
2788	12
2789	23
2790	22
2791	9
2792	16
2793	7
2794	13
2795	4
2796	1
2797	20
2798	3
2799	18
2800	24
2801	19
2802	14
2803	12
2804	4
2805	2
2806	3
2807	11
2808	14
2809	6
2810	13
2811	1
2812	6
2813	12
2814	16
2815	2
2816	2
2817	3
2818	3
2819	6
2820	2
2821	3
2822	4
2823	14
2824	23
2825	3
2826	22
2827	10
2828	3
2829	2
2830	4
2831	4
2832	17
2833	14
2834	14
2835	6
2836	15
2837	3
2838	3
2839	3
2840	9
2841	4
2842	6
2843	15
2844	9
2845	4
2846	16
2847	21
2848	2
2849	9
2850	21
2851	4
2852	12
2853	8
2854	4
2855	2
2856	3
2857	11
2858	5
2859	5
2860	5
2861	16
2862	13
2863	9
2864	24
2865	5
2866	19
2867	8
2868	6
2869	7
2870	8
2871	19
2872	4
2873	12
2874	10
2875	19
2876	8
2877	6
2878	8
2879	11
2880	5
2881	23
2882	12
2883	8
2884	4
2885	14
2886	2
2887	3
2888	5
2889	22
2890	14
2891	2
2892	20
2893	9
2894	21
2895	24
2896	16
2897	3
2898	4
2899	17
2900	11
2901	3
2902	2
2903	19
2904	14
2905	2
2906	3
2907	17
2908	22
2909	7
2910	2
2911	6
2912	12
2913	23
2914	2
2915	15
2916	12
2917	15
2918	6
2919	13
2920	2
2921	7
2922	17
2923	18
2924	13
2925	12
2926	5
2927	6
2928	22
2929	12
2930	3
2931	3
2932	10
2933	3
2934	2
2935	3
2936	3
2937	5
2938	6
2939	22
2940	4
2941	13
2942	4
2943	7
2944	15
2945	6
2946	2
2947	11
2948	16
2949	12
2950	3
2951	19
2952	19
2953	4
2954	9
2955	8
2956	3
2957	5
2958	19
2959	4
2960	6
2961	8
2962	1
2963	19
2964	8
2965	3
2966	13
2967	17
2968	10
2969	18
2970	5
2971	8
2972	16
2973	2
2974	4
2975	2
2976	20
2977	3
2978	5
2979	8
2980	12
2981	2
2982	2
2983	17
2984	6
2985	23
2986	12
2987	24
2988	16
2989	2
2990	4
2991	7
2992	4
2993	6
2994	1
2995	5
2996	9
2997	18
2998	6
2999	5
3000	9
3001	2
3002	3
3003	3
3004	15
3005	18
3006	4
3007	23
3008	20
3009	10
3010	7
3011	5
3012	7
3013	12
3014	5
3015	5
3016	20
3017	21
3018	18
3019	3
3020	9
3021	6
3022	17
3023	15
3024	23
3025	12
3026	21
3027	9
3028	2
3029	14
3030	13
3031	21
3032	18
3033	2
3034	7
3035	8
3036	23
3037	16
3038	2
3039	20
3040	4
3041	2
3042	7
3043	3
3044	9
3045	24
3046	13
3047	11
3048	22
3049	4
3050	11
3051	12
3052	14
3053	3
3054	7
3055	7
3056	10
3057	4
3058	13
3059	5
3060	9
3061	2
3062	4
3063	12
3064	3
3065	6
3066	15
3067	7
3068	9
3069	13
3070	24
3071	6
3072	4
3073	13
3074	2
3075	3
3076	21
3077	8
3078	6
3079	3
3080	3
3081	2
3082	10
3083	15
3084	5
3085	17
3086	16
3087	13
3088	7
3089	16
3090	13
3091	9
3092	3
3093	11
3094	19
3095	2
3096	6
3097	16
3098	10
3099	18
3100	4
3101	12
3102	7
3103	3
3104	8
3105	14
3106	2
3107	15
3108	18
3109	9
3110	8
3111	16
3112	4
3113	3
3114	10
3115	18
3116	3
3117	4
3118	13
3119	24
3120	5
3121	22
3122	2
3123	13
3124	4
3125	20
3126	10
3127	7
3128	3
3129	14
3130	2
3131	8
3132	2
3133	14
3134	19
3135	8
3136	4
3137	2
3138	24
3139	7
3140	18
3141	23
3142	10
3143	13
3144	20
3145	4
3146	15
3147	23
3148	12
3149	8
3150	8
3151	14
3152	3
3153	3
3154	4
3155	17
3156	4
3157	6
3158	5
3159	3
3160	1
3161	12
3162	7
3163	5
3164	4
3165	12
3166	2
3167	10
3168	13
3169	17
3170	5
3171	13
3172	3
3173	17
3174	10
3175	9
3176	6
3177	2
3178	7
3179	4
3180	19
3181	5
3182	2
3183	3
3184	2
3185	13
3186	2
3187	7
3188	12
3189	23
3190	6
3191	3
3192	12
3193	21
3194	6
3195	3
3196	10
3197	1
3198	4
3199	6
3200	8
3201	17
3202	1
3203	5
3204	8
3205	18
3206	22
3207	6
3208	4
3209	6
3210	6
3211	6
3212	20
3213	2
3214	13
3215	15
3216	20
3217	10
3218	6
3219	10
3220	1
3221	2
3222	5
3223	9
3224	12
3225	5
3226	6
3227	5
3228	19
3229	19
3230	10
3231	4
3232	5
3233	10
3234	23
3235	20
3236	11
3237	2
3238	2
3239	2
3240	3
3241	16
3242	12
3243	6
3244	7
3245	2
3246	7
3247	2
3248	8
3249	9
3250	16
3251	18
3252	10
3253	17
3254	21
3255	5
3256	5
3257	15
3258	6
3259	15
3260	2
3261	2
3262	21
3263	11
3264	5
3265	15
3266	9
3267	6
3268	12
3269	6
3270	9
3271	23
3272	2
3273	6
3274	15
3275	8
3276	11
3277	14
3278	3
3279	23
3280	17
3281	10
3282	7
3283	2
3284	11
3285	11
3286	11
3287	9
3288	5
3289	10
3290	2
3291	2
3292	8
3293	2
3294	22
3295	12
3296	7
3297	11
3298	6
3299	3
3300	20
3301	6
3302	22
3303	3
3304	20
3305	3
3306	3
3307	21
3308	4
3309	2
3310	5
3311	2
3312	6
3313	2
3314	7
3315	2
3316	5
3317	7
3318	4
3319	17
3320	3
3321	3
3322	21
3323	16
3324	17
3325	2
3326	2
3327	15
3328	6
3329	17
3330	3
3331	23
3332	11
3333	18
3334	9
3335	3
3336	2
3337	19
3338	3
3339	2
3340	22
3341	4
3342	23
3343	8
3344	12
3345	8
3346	7
3347	24
3348	2
3349	15
3350	6
3351	5
3352	23
3353	5
3354	5
3355	11
3356	24
3357	7
3358	9
3359	6
3360	4
3361	23
3362	3
3363	7
3364	21
3365	6
3366	24
3367	20
3368	13
3369	18
3370	16
3371	20
3372	4
3373	5
3374	21
3375	9
3376	8
3377	6
3378	6
3379	3
3380	10
3381	3
3382	24
3383	8
3384	2
3385	10
3386	8
3387	2
3388	17
3389	17
3390	16
3391	17
3392	24
3393	7
3394	5
3395	19
3396	9
3397	20
3398	7
3399	3
3400	2
3401	5
3402	7
3403	4
3404	3
3405	6
3406	5
3407	6
3408	15
3409	10
3410	10
3411	21
3412	7
3413	9
3414	2
3415	5
3416	5
3417	14
3418	22
3419	6
3420	5
3421	4
3422	23
3423	3
3424	3
3425	2
3426	23
3427	1
3428	3
3429	6
3430	8
3431	6
3432	17
3433	24
3434	12
3435	2
3436	9
3437	8
3438	8
3439	11
3440	4
3441	20
3442	12
3443	16
3444	16
3445	10
3446	9
3447	2
3448	1
3449	22
3450	15
3451	8
3452	4
3453	2
3454	22
3455	4
3456	13
3457	3
3458	8
3459	3
3460	3
3461	6
3462	19
3463	4
3464	8
3465	4
3466	8
3467	5
3468	11
3469	14
3470	10
3471	9
3472	24
3473	16
3474	4
3475	11
3476	9
3477	3
3478	21
3479	3
3480	12
3481	12
3482	7
3483	4
3484	4
3485	4
3486	8
3487	8
3488	3
3489	5
3490	18
3491	6
3492	3
3493	12
3494	5
3495	16
3496	5
3497	15
3498	9
3499	16
3500	14
3501	11
3502	13
3503	2
3504	7
3505	2
3506	20
3507	10
3508	13
3509	6
3510	16
3511	12
3512	6
3513	22
3514	5
3515	12
3516	11
3517	1
3518	21
3519	24
3520	2
3521	17
3522	7
3523	15
3524	15
3525	11
3526	11
3527	6
3528	4
3529	21
3530	11
3531	9
3532	6
3533	4
3534	1
3535	6
3536	3
3537	2
3538	2
3539	8
3540	22
3541	11
3542	8
3543	10
3544	5
3545	9
3546	10
3547	13
3548	4
3549	23
3550	6
3551	3
3552	7
3553	20
3554	4
3555	19
3556	4
3557	2
3558	3
3559	4
3560	9
3561	1
3562	19
3563	8
3564	13
3565	14
3566	11
3567	21
3568	2
3569	3
3570	12
3571	6
3572	22
3573	4
3574	10
3575	3
3576	24
3577	11
3578	3
3579	2
3580	12
3581	18
3582	6
3583	3
3584	10
3585	7
3586	6
3587	2
3588	8
3589	2
3590	16
3591	17
3592	4
3593	17
3594	10
3595	1
3596	11
3597	21
3598	4
3599	6
3600	2
3601	9
3602	21
3603	20
3604	14
3605	22
3606	10
3607	5
3608	20
3609	4
3610	3
3611	19
3612	6
3613	16
3614	13
3615	15
3616	5
3617	10
3618	5
3619	2
3620	7
3621	7
3622	12
3623	24
3624	15
3625	5
3626	17
3627	2
3628	17
3629	6
3630	20
3631	9
3632	2
3633	6
3634	20
3635	3
3636	14
3637	5
3638	7
3639	17
3640	19
3641	12
3642	20
3643	3
3644	14
3645	4
3646	5
3647	4
3648	1
3649	2
3650	14
3651	18
3652	2
3653	24
3654	3
3655	8
3656	3
3657	18
3658	2
3659	4
3660	16
3661	2
3662	19
3663	14
3664	5
3665	5
3666	16
3667	5
3668	2
3669	21
3670	11
3671	10
3672	2
3673	9
3674	6
3675	9
3676	17
3677	12
3678	17
3679	12
3680	6
3681	9
3682	3
3683	2
3684	5
3685	6
3686	15
3687	5
3688	2
3689	2
3690	2
3691	14
3692	8
3693	7
3694	11
3695	2
3696	3
3697	7
3698	5
3699	13
3700	6
3701	2
3702	4
3703	21
3704	23
3705	21
3706	17
3707	3
3708	21
3709	3
3710	5
3711	5
3712	7
3713	6
3714	8
3715	10
3716	16
3717	13
3718	2
3719	8
3720	18
3721	14
3722	12
3723	3
3724	1
3725	4
3726	19
3727	5
3728	10
3729	14
3730	3
3731	11
3732	22
3733	16
3734	5
3735	24
3736	16
3737	10
3738	12
3739	11
3740	4
3741	4
3742	3
3743	7
3744	8
3745	11
3746	17
3747	6
3748	5
3749	12
3750	14
3751	3
3752	3
3753	9
3754	11
3755	19
3756	4
3757	8
3758	24
3759	3
3760	5
3761	14
3762	11
3763	4
3764	2
3765	14
3766	19
3767	3
3768	22
3769	3
3770	3
3771	4
3772	5
3773	17
3774	7
3775	3
3776	10
3777	3
3778	10
3779	12
3780	19
3781	9
3782	7
3783	5
3784	10
3785	2
3786	4
3787	16
3788	18
3789	8
3790	3
3791	2
3792	8
3793	8
3794	3
3795	19
3796	7
3797	23
3798	2
3799	8
3800	3
3801	4
3802	4
3803	5
3804	20
3805	13
3806	13
3807	3
3808	11
3809	19
3810	8
3811	14
3812	7
3813	6
3814	6
3815	8
3816	20
3817	5
3818	5
3819	9
3820	9
3821	2
3822	23
3823	8
3824	10
3825	13
3826	20
3827	22
3828	20
3829	20
3830	6
3831	3
3832	2
3833	5
3834	3
3835	5
3836	15
3837	4
3838	13
3839	24
3840	7
3841	6
3842	3
3843	4
3844	10
3845	6
3846	20
3847	9
3848	18
3849	10
3850	12
3851	12
3852	22
3853	20
3854	24
3855	18
3856	20
3857	7
3858	12
3859	12
3860	23
3861	18
3862	5
3863	17
3864	6
3865	8
3866	6
3867	3
3868	5
3869	3
3870	17
3871	5
3872	22
3873	10
3874	15
3875	12
3876	3
3877	5
3878	13
3879	24
3880	22
3881	4
3882	6
3883	7
3884	10
3885	3
3886	17
3887	14
3888	8
3889	3
3890	4
3891	3
3892	18
3893	15
3894	15
3895	14
3896	10
3897	18
3898	18
3899	19
3900	23
3901	23
3902	7
3903	2
3904	2
3905	5
3906	7
3907	12
3908	8
3909	2
3910	24
3911	18
3912	20
3913	6
3914	7
3915	3
3916	5
3917	5
3918	2
3919	7
3920	5
3921	23
3922	6
3923	14
3924	18
3925	2
3926	9
3927	16
3928	13
3929	24
3930	2
3931	4
3932	7
3933	2
3934	7
3935	6
3936	11
3937	4
3938	14
3939	18
3940	7
3941	5
3942	11
3943	11
3944	5
3945	11
3946	6
3947	2
3948	7
3949	7
3950	7
3951	13
3952	13
3953	4
3954	7
3955	5
3956	2
3957	3
3958	7
3959	5
3960	12
3961	13
3962	7
3963	5
3964	2
3965	20
3966	13
3967	3
3968	4
3969	2
3970	9
3971	2
3972	16
3973	14
3974	11
3975	5
3976	3
3977	8
3978	1
3979	3
3980	7
3981	22
3982	17
3983	6
3984	5
3985	22
3986	4
3987	13
3988	10
3989	10
3990	11
3991	3
3992	6
3993	15
3994	16
3995	19
3996	16
3997	4
3998	17
3999	16
4000	3
4001	2
4002	10
4003	4
4004	4
4005	24
4006	7
4007	18
4008	15
4009	3
4010	8
4011	19
4012	5
4013	8
4014	13
4015	5
4016	22
4017	2
4018	23
4019	10
4020	9
4021	23
4022	6
4023	4
4024	10
4025	10
4026	3
4027	3
4028	4
4029	11
4030	2
4031	13
4032	2
4033	10
4034	10
4035	12
4036	19
4037	5
4038	9
4039	2
4040	3
4041	22
4042	22
4043	10
4044	6
4045	21
4046	17
4047	14
4048	5
4049	3
4050	3
4051	7
4052	23
4053	7
4054	22
4055	2
4056	16
4057	22
4058	9
4059	5
4060	3
4061	24
4062	9
4063	3
4064	2
4065	4
4066	11
4067	5
4068	8
4069	6
4070	23
4071	2
4072	20
4073	4
4074	12
4075	13
4076	2
4077	22
4078	2
4079	13
4080	24
4081	22
4082	22
4083	2
4084	6
4085	3
4086	6
4087	2
4088	5
4089	16
4090	13
4091	11
4092	5
4093	24
4094	18
4095	12
4096	23
4097	10
4098	17
4099	6
4100	11
4101	9
4102	24
4103	17
4104	9
4105	9
4106	15
4107	8
4108	2
4109	4
4110	5
4111	3
4112	12
4113	5
4114	5
4115	17
4116	6
4117	6
4118	3
4119	8
4120	9
4121	3
4122	5
4123	4
4124	13
4125	20
4126	5
4127	15
4128	4
4129	5
4130	2
4131	4
4132	6
4133	10
4134	9
4135	22
4136	7
4137	10
4138	4
4139	3
4140	4
4141	16
4142	6
4143	11
4144	4
4145	13
4146	12
4147	2
4148	5
4149	5
4150	13
4151	18
4152	2
4153	11
4154	24
4155	2
4156	12
4157	1
4158	21
4159	2
4160	13
4161	19
4162	4
4163	10
4164	12
4165	6
4166	8
4167	3
4168	18
4169	12
4170	9
4171	20
4172	12
4173	13
4174	11
4175	9
4176	8
4177	6
4178	2
4179	4
4180	3
4181	5
4182	5
4183	10
4184	21
4185	4
4186	5
4187	15
4188	4
4189	2
4190	14
4191	3
4192	2
4193	3
4194	2
4195	9
4196	23
4197	2
4198	11
4199	24
4200	15
4201	5
4202	7
4203	6
4204	7
4205	23
4206	12
4207	17
4208	6
4209	6
4210	7
4211	2
4212	21
4213	7
4214	6
4215	18
4216	7
4217	2
4218	12
4219	8
4220	4
4221	9
4222	3
4223	5
4224	3
4225	6
4226	3
4227	8
4228	2
4229	6
4230	8
4231	4
4232	7
4233	6
4234	15
4235	18
4236	1
4237	12
4238	13
4239	11
4240	15
4241	6
4242	3
4243	2
4244	18
4245	15
4246	22
4247	19
4248	7
4249	20
4250	7
4251	6
4252	7
4253	8
4254	12
4255	4
4256	4
4257	13
4258	11
4259	13
4260	7
4261	13
4262	21
4263	23
4264	11
4265	6
4266	4
4267	3
4268	10
4269	20
4270	5
4271	6
4272	8
4273	2
4274	7
4275	20
4276	6
4277	19
4278	7
4279	3
4280	4
4281	3
4282	5
4283	13
4284	19
4285	17
4286	2
4287	8
4288	3
4289	21
4290	3
4291	18
4292	7
4293	13
4294	6
4295	4
4296	6
4297	21
4298	2
4299	11
4300	3
4301	4
4302	24
4303	4
4304	7
4305	3
4306	2
4307	4
4308	3
4309	8
4310	3
4311	6
4312	12
4313	2
4314	13
4315	10
4316	3
4317	18
4318	11
4319	13
4320	15
4321	5
4322	6
4323	24
4324	3
4325	13
4326	15
4327	12
4328	5
4329	16
4330	18
4331	24
4332	3
4333	4
4334	18
4335	5
4336	3
4337	6
4338	3
4339	8
4340	2
4341	3
4342	1
4343	15
4344	4
4345	24
4346	22
4347	9
4348	14
4349	12
4350	21
4351	13
4352	6
4353	3
4354	2
4355	4
4356	1
4357	13
4358	13
4359	11
4360	19
4361	2
4362	3
4363	18
4364	5
4365	5
4366	2
4367	14
4368	20
4369	17
4370	20
4371	2
4372	2
4373	21
4374	5
4375	16
4376	15
4377	11
4378	19
4379	10
4380	19
4381	16
4382	5
4383	10
4384	2
4385	4
4386	8
4387	2
4388	10
4389	4
4390	10
4391	11
4392	5
4393	11
4394	6
4395	3
4396	4
4397	22
4398	6
4399	6
4400	2
4401	15
4402	2
4403	5
4404	5
4405	12
4406	9
4407	5
4408	2
4409	7
4410	7
4411	10
4412	7
4413	13
4414	7
4415	13
4416	5
4417	22
4418	20
4419	14
4420	5
4421	6
4422	3
4423	13
4424	7
4425	16
4426	18
4427	19
4428	2
4429	8
4430	7
4431	5
4432	2
4433	19
4434	3
4435	3
4436	19
4437	5
4438	3
4439	8
4440	11
4441	3
4442	16
4443	5
4444	3
4445	24
4446	4
4447	22
4448	6
4449	19
4450	13
4451	2
4452	20
4453	2
4454	5
4455	19
4456	14
4457	16
4458	20
4459	5
4460	4
4461	4
4462	9
4463	24
4464	13
4465	3
4466	8
4467	5
4468	15
4469	20
4470	11
4471	4
4472	4
4473	7
4474	5
4475	5
4476	19
4477	21
4478	3
4479	12
4480	6
4481	1
4482	22
4483	2
4484	3
4485	11
4486	19
4487	20
4488	17
4489	21
4490	3
4491	19
4492	4
4493	16
4494	20
4495	5
4496	2
4497	17
4498	2
4499	12
4500	9
4501	16
4502	7
4503	3
4504	1
4505	15
4506	2
4507	3
4508	16
4509	6
4510	12
4511	5
4512	22
4513	10
4514	14
4515	2
4516	2
4517	4
4518	2
4519	2
4520	17
4521	10
4522	4
4523	20
4524	9
4525	24
4526	9
4527	2
4528	24
4529	2
4530	17
4531	12
4532	19
4533	12
4534	15
4535	2
4536	5
4537	23
4538	7
4539	3
4540	5
4541	3
4542	3
4543	8
4544	5
4545	16
4546	2
4547	5
4548	9
4549	2
4550	8
4551	5
4552	10
4553	5
4554	15
4555	3
4556	11
4557	4
4558	24
4559	23
4560	5
4561	19
4562	7
4563	17
4564	24
4565	21
4566	6
4567	18
4568	12
4569	6
4570	4
4571	1
4572	18
4573	15
4574	17
4575	5
4576	7
4577	24
4578	3
4579	22
4580	9
4581	18
4582	11
4583	3
4584	22
4585	8
4586	2
4587	6
4588	19
4589	19
4590	2
4591	12
4592	2
4593	2
4594	11
4595	9
4596	14
4597	21
4598	3
4599	10
4600	5
4601	13
4602	6
4603	21
4604	23
4605	9
4606	5
4607	16
4608	2
4609	8
4610	3
4611	7
4612	13
4613	3
4614	2
4615	2
4616	22
4617	20
4618	7
4619	9
4620	10
4621	4
4622	12
4623	18
4624	23
4625	3
4626	5
4627	14
4628	1
4629	11
4630	17
4631	1
4632	4
4633	17
4634	8
4635	12
4636	2
4637	17
4638	3
4639	16
4640	3
4641	19
4642	15
4643	8
4644	16
4645	2
4646	23
4647	24
4648	11
4649	2
4650	9
4651	14
4652	9
4653	18
4654	20
4655	24
4656	8
4657	13
4658	8
4659	20
4660	8
4661	17
4662	7
4663	14
4664	3
4665	3
4666	3
4667	12
4668	7
4669	22
4670	23
4671	3
4672	4
4673	16
4674	10
4675	14
4676	7
4677	7
4678	7
4679	12
4680	4
4681	9
4682	17
4683	21
4684	3
4685	2
4686	24
4687	14
4688	2
4689	2
4690	5
4691	16
4692	20
4693	2
4694	16
4695	3
4696	23
4697	5
4698	3
4699	6
4700	18
4701	23
4702	17
4703	2
4704	5
4705	3
4706	3
4707	2
4708	14
4709	24
4710	19
4711	2
4712	4
4713	19
4714	2
4715	7
4716	12
4717	4
4718	6
4719	23
4720	3
4721	9
4722	18
4723	7
4724	24
4725	2
4726	12
4727	4
4728	23
4729	10
4730	4
4731	13
4732	18
4733	11
4734	20
4735	7
4736	5
4737	4
4738	8
4739	4
4740	11
4741	3
4742	3
4743	20
4744	3
4745	6
4746	8
4747	6
4748	4
4749	19
4750	3
4751	5
4752	7
4753	2
4754	14
4755	7
4756	6
4757	23
4758	20
4759	9
4760	13
4761	5
4762	20
4763	9
4764	13
4765	19
4766	7
4767	17
4768	2
4769	21
4770	6
4771	14
4772	9
4773	15
4774	24
4775	1
4776	12
4777	2
4778	10
4779	8
4780	5
4781	15
4782	6
4783	16
4784	24
4785	24
4786	7
4787	18
4788	16
4789	24
4790	15
4791	6
4792	15
4793	5
4794	24
4795	15
4796	15
4797	15
4798	4
4799	4
4800	2
4801	20
4802	21
4803	8
4804	6
4805	5
4806	2
4807	4
4808	11
4809	4
4810	5
4811	5
4812	3
4813	4
4814	22
4815	2
4816	19
4817	24
4818	6
4819	4
4820	14
4821	7
4822	24
4823	2
4824	8
4825	2
4826	3
4827	2
4828	16
4829	8
4830	9
4831	14
4832	15
4833	21
4834	5
4835	8
4836	6
4837	2
4838	2
4839	4
4840	4
4841	7
4842	8
4843	2
4844	16
4845	4
4846	2
4847	7
4848	1
4849	8
4850	6
4851	12
4852	3
4853	3
4854	15
4855	8
4856	13
4857	15
4858	8
4859	12
4860	3
4861	13
4862	17
4863	22
4864	20
4865	12
4866	8
4867	6
4868	17
4869	16
4870	4
4871	15
4872	6
4873	4
4874	21
4875	2
4876	2
4877	2
4878	17
4879	7
4880	4
4881	6
4882	11
4883	22
4884	4
4885	7
4886	15
4887	4
4888	6
4889	2
4890	24
4891	15
4892	6
4893	4
4894	3
4895	4
4896	6
4897	20
4898	2
4899	7
4900	2
4901	19
4902	16
4903	6
4904	2
4905	18
4906	7
4907	14
4908	6
4909	22
4910	15
4911	11
4912	16
4913	4
4914	17
4915	13
4916	12
4917	20
4918	4
4919	3
4920	4
4921	1
4922	9
4923	16
4924	3
4925	10
4926	11
4927	8
4928	6
4929	8
4930	2
4931	9
4932	7
4933	8
4934	14
4935	7
4936	5
4937	4
4938	17
4939	13
4940	12
4941	6
4942	5
4943	21
4944	5
4945	13
4946	2
4947	4
4948	17
4949	18
4950	3
4951	18
4952	3
4953	7
4954	9
4955	17
4956	2
4957	7
4958	16
4959	3
4960	13
4961	16
4962	5
4963	8
4964	9
4965	13
4966	10
4967	24
4968	3
4969	6
4970	6
4971	14
4972	10
4973	11
4974	5
4975	4
4976	13
4977	6
4978	5
4979	22
4980	6
4981	18
4982	13
4983	5
4984	11
4985	19
4986	2
4987	6
4988	15
4989	2
4990	14
4991	10
4992	10
4993	2
4994	19
4995	3
4996	3
4997	13
4998	11
4999	9
5000	16
5001	15
5002	20
5003	2
5004	10
5005	7
5006	7
5007	3
5008	7
5009	2
5010	9
5011	6
5012	3
5013	11
5014	6
5015	2
5016	2
5017	18
5018	11
5019	18
5020	5
5021	5
5022	23
5023	2
5024	16
5025	7
5026	11
5027	4
5028	19
5029	7
5030	3
5031	16
5032	7
5033	12
5034	3
5035	2
5036	13
5037	8
5038	17
5039	12
5040	8
5041	23
5042	7
5043	5
5044	13
5045	18
5046	5
5047	17
5048	23
5049	13
5050	9
5051	4
5052	2
5053	4
5054	4
5055	2
5056	20
5057	7
5058	23
5059	2
5060	24
5061	4
5062	14
5063	16
5064	23
5065	14
5066	18
5067	12
5068	3
5069	4
5070	3
5071	17
5072	11
5073	2
5074	10
5075	12
5076	22
5077	3
5078	13
5079	19
5080	22
5081	14
5082	13
5083	2
5084	2
5085	13
5086	23
5087	20
5088	6
5089	6
5090	15
5091	13
5092	6
5093	18
5094	11
5095	2
5096	9
5097	9
5098	12
5099	9
5100	2
5101	3
5102	7
5103	9
5104	2
5105	3
5106	19
5107	2
5108	21
5109	6
5110	8
5111	18
5112	16
5113	8
5114	3
5115	3
5116	6
5117	7
5118	15
5119	23
5120	2
5121	5
5122	8
5123	6
5124	3
5125	18
5126	5
5127	2
5128	5
5129	13
5130	4
5131	15
5132	4
5133	6
5134	7
5135	10
5136	11
5137	20
5138	5
5139	10
5140	13
5141	7
5142	14
5143	22
5144	3
5145	22
5146	2
5147	9
5148	10
5149	4
5150	4
5151	18
5152	21
5153	12
5154	1
5155	9
5156	2
5157	9
5158	2
5159	1
5160	5
5161	23
5162	3
5163	13
5164	14
5165	5
5166	12
5167	15
5168	7
5169	18
5170	20
5171	10
5172	3
5173	12
5174	2
5175	24
5176	8
5177	15
5178	14
5179	15
5180	17
5181	5
5182	5
5183	8
5184	23
5185	16
5186	2
5187	2
5188	15
5189	10
5190	5
5191	4
5192	20
5193	6
5194	3
5195	17
5196	14
5197	21
5198	6
5199	16
5200	3
5201	5
5202	3
5203	5
5204	15
5205	3
5206	9
5207	23
5208	2
5209	20
5210	24
5211	7
5212	8
5213	17
5214	16
5215	3
5216	7
5217	9
5218	10
5219	4
5220	5
5221	9
5222	3
5223	3
5224	19
5225	19
5226	2
5227	4
5228	3
5229	2
5230	8
5231	7
5232	23
5233	7
5234	11
5235	23
5236	5
5237	14
5238	2
5239	5
5240	5
5241	20
5242	11
5243	13
5244	12
5245	11
5246	11
5247	6
5248	7
5249	2
5250	17
5251	5
5252	3
5253	10
5254	3
5255	4
5256	23
5257	16
5258	16
5259	6
5260	18
5261	18
5262	8
5263	3
5264	22
5265	8
5266	21
5267	18
5268	3
5269	8
5270	24
5271	5
5272	7
5273	1
5274	16
5275	5
5276	3
5277	5
5278	5
5279	17
5280	7
5281	9
5282	5
5283	3
5284	9
5285	14
5286	6
5287	2
5288	24
5289	21
5290	9
5291	8
5292	8
5293	4
5294	2
5295	2
5296	10
5297	6
5298	3
5299	8
5300	2
5301	5
5302	2
5303	24
5304	2
5305	12
5306	12
5307	5
5308	18
5309	24
5310	4
5311	20
5312	16
5313	19
5314	8
5315	6
5316	19
5317	16
5318	6
5319	6
5320	4
5321	20
5322	5
5323	12
5324	9
5325	1
5326	16
5327	6
5328	14
5329	6
5330	15
5331	6
5332	2
5333	17
5334	21
5335	6
5336	16
5337	16
5338	21
5339	3
5340	4
5341	14
5342	5
5343	12
5344	5
5345	19
5346	17
5347	24
5348	4
5349	8
5350	7
5351	8
5352	20
5353	4
5354	20
5355	16
5356	5
5357	2
5358	7
5359	3
5360	15
5361	2
5362	19
5363	6
5364	12
5365	3
5366	18
5367	3
5368	17
5369	6
5370	9
5371	18
5372	5
5373	12
5374	20
5375	14
5376	4
5377	10
5378	12
5379	5
5380	6
5381	12
5382	9
5383	18
5384	6
5385	5
5386	13
5387	2
5388	15
5389	10
5390	12
5391	8
5392	3
5393	20
5394	7
5395	16
5396	12
5397	10
5398	11
5399	5
5400	8
5401	16
5402	3
5403	10
5404	21
5405	3
5406	4
5407	3
5408	5
5409	17
5410	5
5411	5
5412	5
5413	6
5414	13
5415	5
5416	22
5417	7
5418	16
5419	17
5420	5
5421	16
5422	3
5423	3
5424	11
5425	9
5426	8
5427	18
5428	8
5429	7
5430	7
5431	3
5432	10
5433	5
5434	7
5435	17
5436	7
5437	5
5438	23
5439	17
5440	5
5441	7
5442	6
5443	11
5444	5
5445	12
5446	18
5447	8
5448	19
5449	17
5450	6
5451	14
5452	5
5453	19
5454	11
5455	18
5456	2
5457	2
5458	2
5459	11
5460	11
5461	16
5462	4
5463	3
5464	3
5465	10
5466	3
5467	7
5468	19
5469	6
5470	7
5471	12
5472	4
5473	7
5474	14
5475	23
5476	6
5477	3
5478	7
5479	7
5480	2
5481	6
5482	6
5483	3
5484	4
5485	1
5486	24
5487	9
5488	15
5489	15
5490	11
5491	7
5492	4
5493	5
5494	2
5495	8
5496	12
5497	13
5498	12
5499	20
5500	3
5501	7
5502	3
5503	2
5504	3
5505	6
5506	6
5507	14
5508	2
5509	6
5510	23
5511	10
5512	19
5513	11
5514	7
5515	10
5516	7
5517	5
5518	4
5519	10
5520	4
5521	6
5522	3
5523	3
5524	9
5525	7
5526	5
5527	6
5528	12
5529	19
5530	2
5531	4
5532	10
5533	4
5534	21
5535	21
5536	23
5537	7
5538	15
5539	14
5540	10
5541	4
5542	10
5543	2
5544	11
5545	9
5546	19
5547	2
5548	7
5549	4
5550	15
5551	3
5552	23
5553	4
5554	4
5555	2
5556	5
5557	2
5558	2
5559	19
5560	20
5561	2
5562	13
5563	20
5564	22
5565	8
5566	18
5567	3
5568	2
5569	2
5570	13
5571	10
5572	3
5573	17
5574	13
5575	5
5576	10
5577	13
5578	8
5579	2
5580	8
5581	8
5582	13
5583	2
5584	1
5585	3
5586	17
5587	20
5588	2
5589	19
5590	8
5591	3
5592	2
5593	5
5594	10
5595	3
5596	3
5597	4
5598	10
5599	9
5600	9
5601	23
5602	4
5603	18
5604	5
5605	23
5606	8
5607	11
5608	11
5609	11
5610	23
5611	10
5612	4
5613	16
5614	11
5615	4
5616	19
5617	11
5618	4
5619	6
5620	18
5621	14
5622	3
5623	22
5624	4
5625	12
5626	7
5627	12
5628	10
5629	19
5630	21
5631	6
5632	2
5633	6
5634	5
5635	2
5636	6
5637	1
5638	18
5639	15
5640	5
5641	12
5642	15
5643	2
5644	20
5645	6
5646	19
5647	3
5648	16
5649	4
5650	11
5651	12
5652	9
5653	13
5654	8
5655	5
5656	5
5657	2
5658	8
5659	19
5660	24
5661	4
5662	15
5663	24
5664	21
5665	7
5666	2
5667	6
5668	15
5669	4
5670	6
5671	2
5672	16
5673	4
5674	9
5675	14
5676	23
5677	10
5678	18
5679	5
5680	2
5681	10
5682	4
5683	10
5684	18
5685	10
5686	2
5687	18
5688	19
5689	3
5690	23
5691	3
5692	6
5693	10
5694	2
5695	3
5696	5
5697	8
5698	2
5699	8
5700	15
5701	5
5702	14
5703	16
5704	2
5705	23
5706	10
5707	10
5708	16
5709	4
5710	2
5711	16
5712	19
5713	7
5714	11
5715	17
5716	3
5717	15
5718	15
5719	9
5720	3
5721	24
5722	2
5723	6
5724	10
5725	4
5726	7
5727	6
5728	7
5729	3
5730	19
5731	15
5732	7
5733	14
5734	2
5735	18
5736	22
5737	7
5738	8
5739	18
5740	7
5741	14
5742	24
5743	3
5744	12
5745	3
5746	11
5747	22
5748	9
5749	3
5750	10
5751	23
5752	9
5753	3
5754	19
5755	5
5756	21
5757	21
5758	20
5759	2
5760	3
5761	17
5762	12
5763	11
5764	6
5765	4
5766	11
5767	19
5768	17
5769	14
5770	3
5771	3
5772	14
5773	18
5774	3
5775	7
5776	24
5777	8
5778	10
5779	18
5780	21
5781	10
5782	3
5783	16
5784	11
5785	24
5786	6
5787	17
5788	6
5789	2
5790	17
5791	14
5792	8
5793	3
5794	18
5795	9
5796	3
5797	6
5798	14
5799	4
5800	2
5801	5
5802	22
5803	22
5804	16
5805	24
5806	22
5807	11
5808	11
5809	3
5810	10
5811	5
5812	20
5813	17
5814	2
5815	16
5816	16
5817	5
5818	8
5819	2
5820	2
5821	13
5822	14
5823	13
5824	22
5825	9
5826	4
5827	4
5828	5
5829	13
5830	20
5831	12
5832	18
5833	9
5834	14
5835	5
5836	9
5837	19
5838	9
5839	5
5840	16
5841	6
5842	3
5843	10
5844	8
5845	19
5846	14
5847	13
5848	4
5849	5
5850	5
5851	11
5852	9
5853	9
5854	3
5855	7
5856	8
5857	3
5858	3
5859	6
5860	6
5861	2
5862	16
5863	8
5864	2
5865	12
5866	18
5867	17
5868	6
5869	8
5870	3
5871	3
5872	23
5873	7
5874	9
5875	4
5876	3
5877	1
5878	16
5879	16
5880	3
5881	8
5882	2
5883	3
5884	6
5885	6
5886	23
5887	5
5888	5
5889	21
5890	3
5891	16
5892	6
5893	3
5894	8
5895	15
5896	5
5897	6
5898	7
5899	5
5900	19
5901	24
5902	4
5903	11
5904	3
5905	3
5906	10
5907	17
5908	4
5909	4
5910	12
5911	21
5912	20
5913	17
5914	24
5915	16
5916	2
5917	2
5918	6
5919	15
5920	10
5921	17
5922	23
5923	3
5924	19
5925	4
5926	12
5927	3
5928	7
5929	11
5930	3
5931	22
5932	17
5933	6
5934	10
5935	4
5936	4
5937	5
5938	16
5939	4
5940	3
5941	22
5942	17
5943	12
5944	5
5945	3
5946	8
5947	7
5948	21
5949	21
5950	7
5951	2
5952	3
5953	5
5954	5
5955	9
5956	11
5957	6
5958	21
5959	3
5960	24
5961	2
5962	9
5963	9
5964	3
5965	12
5966	9
5967	10
5968	2
5969	7
5970	8
5971	6
5972	7
5973	2
5974	6
5975	8
5976	7
5977	2
5978	7
5979	8
5980	3
5981	17
5982	6
5983	4
5984	8
5985	18
5986	4
5987	14
5988	5
5989	17
5990	6
5991	12
5992	17
5993	3
5994	7
5995	4
5996	5
5997	9
5998	20
5999	21
6000	13
6001	4
6002	4
6003	4
6004	15
6005	15
6006	1
6007	20
6008	15
6009	17
6010	5
6011	7
6012	6
6013	5
6014	19
6015	7
6016	2
6017	2
6018	24
6019	7
6020	16
6021	6
6022	2
6023	16
6024	10
6025	4
6026	20
6027	8
6028	5
6029	9
6030	4
6031	19
6032	6
6033	4
6034	6
6035	9
6036	4
6037	11
6038	12
6039	16
6040	24
6041	11
6042	3
6043	8
6044	13
6045	17
6046	11
6047	21
6048	8
6049	12
6050	2
6051	12
6052	5
6053	9
6054	5
6055	20
6056	2
6057	10
6058	6
6059	7
6060	5
6061	20
6062	12
6063	19
6064	6
6065	6
6066	15
6067	6
6068	11
6069	12
6070	2
6071	3
6072	21
6073	5
6074	6
6075	6
6076	22
6077	7
6078	4
6079	2
6080	3
6081	13
6082	24
6083	14
6084	20
6085	5
6086	3
6087	23
6088	4
6089	10
6090	10
6091	8
6092	5
6093	15
6094	5
6095	4
6096	3
6097	21
6098	12
6099	3
6100	9
6101	5
6102	3
6103	8
6104	5
6105	13
6106	17
6107	13
6108	19
6109	8
6110	7
6111	3
6112	6
6113	2
6114	17
6115	4
6116	7
6117	20
6118	19
6119	2
6120	18
6121	19
6122	12
6123	2
6124	4
6125	20
6126	17
6127	3
6128	7
6129	11
6130	2
6131	3
6132	2
6133	9
6134	10
6135	1
6136	4
6137	3
6138	9
6139	14
6140	3
6141	3
6142	23
6143	19
6144	6
6145	5
6146	7
6147	9
6148	7
6149	3
6150	3
6151	13
6152	8
6153	7
6154	24
6155	12
6156	3
6157	4
6158	22
6159	11
6160	13
6161	7
6162	15
6163	4
6164	8
6165	7
6166	3
6167	3
6168	5
6169	6
6170	3
6171	7
6172	5
6173	11
6174	7
6175	12
6176	7
6177	11
6178	2
6179	7
6180	5
6181	3
6182	2
6183	23
6184	8
6185	5
6186	21
6187	15
6188	18
6189	3
6190	3
6191	16
6192	1
6193	16
6194	22
6195	5
6196	3
6197	11
6198	3
6199	1
6200	20
6201	21
6202	5
6203	10
6204	4
6205	21
6206	22
6207	2
6208	10
6209	6
6210	18
6211	15
6212	17
6213	9
6214	13
6215	14
6216	3
6217	12
6218	21
6219	10
6220	5
6221	18
6222	7
6223	2
6224	2
6225	6
6226	18
6227	21
6228	16
6229	10
6230	17
6231	21
6232	4
6233	3
6234	7
6235	1
6236	2
6237	5
6238	4
6239	8
6240	3
6241	15
6242	4
6243	23
6244	9
6245	17
6246	5
6247	3
6248	13
6249	3
6250	7
6251	4
6252	14
6253	6
6254	6
6255	3
6256	4
6257	4
6258	15
6259	2
6260	2
6261	3
6262	15
6263	5
6264	13
6265	3
6266	23
6267	17
6268	4
6269	7
6270	8
6271	4
6272	22
6273	4
6274	24
6275	4
6276	11
6277	5
6278	2
6279	8
6280	23
6281	13
6282	2
6283	6
6284	6
6285	2
6286	3
6287	24
6288	23
6289	7
6290	5
6291	5
6292	3
6293	14
6294	1
6295	7
6296	21
6297	2
6298	13
6299	2
6300	9
6301	3
6302	14
6303	17
6304	6
6305	5
6306	5
6307	7
6308	5
6309	12
6310	5
6311	6
6312	3
6313	12
6314	17
6315	7
6316	6
6317	3
6318	5
6319	20
6320	4
6321	16
6322	16
6323	10
6324	10
6325	3
6326	24
6327	4
6328	3
6329	4
6330	2
6331	6
6332	19
6333	3
6334	7
6335	15
6336	2
6337	8
6338	9
6339	18
6340	20
6341	14
6342	3
6343	11
6344	17
6345	5
6346	11
6347	5
6348	4
6349	17
6350	15
6351	5
6352	13
6353	10
6354	10
6355	6
6356	9
6357	2
6358	22
6359	4
6360	6
6361	12
6362	3
6363	10
6364	9
6365	7
6366	11
6367	20
6368	18
6369	21
6370	5
6371	21
6372	3
6373	9
6374	9
6375	13
6376	4
6377	9
6378	7
6379	5
6380	5
6381	22
6382	15
6383	12
6384	3
6385	16
6386	5
6387	6
6388	16
6389	10
6390	3
6391	2
6392	9
6393	10
6394	2
6395	1
6396	18
6397	10
6398	22
6399	5
6400	17
6401	4
6402	5
6403	5
6404	17
6405	19
6406	4
6407	4
6408	20
6409	4
6410	8
6411	22
6412	2
6413	14
6414	6
6415	13
6416	8
6417	3
6418	2
6419	20
6420	17
6421	14
6422	7
6423	6
6424	5
6425	5
6426	4
6427	4
6428	18
6429	10
6430	6
6431	9
6432	3
6433	5
6434	10
6435	7
6436	13
6437	16
6438	7
6439	6
6440	12
6441	4
6442	8
6443	10
6444	6
6445	21
6446	3
6447	2
6448	18
6449	19
6450	6
6451	7
6452	7
6453	11
6454	10
6455	3
6456	16
6457	8
6458	3
6459	20
6460	20
6461	3
6462	3
6463	19
6464	11
6465	5
6466	9
6467	5
6468	11
6469	20
6470	6
6471	15
6472	13
6473	6
6474	7
6475	13
6476	4
6477	13
6478	7
6479	18
6480	20
6481	2
6482	5
6483	5
6484	2
6485	18
6486	4
6487	8
6488	4
6489	13
6490	19
6491	17
6492	11
6493	17
6494	7
6495	8
6496	13
6497	13
6498	14
6499	3
6500	17
6501	6
6502	3
6503	18
6504	4
6505	4
6506	7
6507	10
6508	6
6509	5
6510	5
6511	18
6512	14
6513	4
6514	11
6515	4
6516	7
6517	24
6518	10
6519	13
6520	21
6521	11
6522	17
6523	9
6524	3
6525	5
6526	4
6527	8
6528	8
6529	12
6530	5
6531	21
6532	10
6533	5
6534	2
6535	8
6536	3
6537	5
6538	15
6539	3
6540	9
6541	23
6542	23
6543	13
6544	3
6545	20
6546	17
6547	10
6548	4
6549	5
6550	1
6551	4
6552	23
6553	17
6554	21
6555	20
6556	20
6557	5
6558	24
6559	4
6560	15
6561	5
6562	5
6563	6
6564	2
6565	9
6566	18
6567	4
6568	15
6569	13
6570	20
6571	3
6572	11
6573	9
6574	4
6575	11
6576	9
6577	11
6578	10
6579	11
6580	20
6581	9
6582	24
6583	7
6584	16
6585	15
6586	3
6587	19
6588	3
6589	14
6590	12
6591	10
6592	20
6593	19
6594	3
6595	13
6596	6
6597	11
6598	13
6599	5
6600	17
6601	11
6602	2
6603	16
6604	11
6605	12
6606	2
6607	4
6608	7
6609	14
6610	8
6611	7
6612	1
6613	14
6614	6
6615	4
6616	17
6617	10
6618	3
6619	11
6620	9
6621	20
6622	7
6623	10
6624	21
6625	13
6626	2
6627	6
6628	22
6629	7
6630	7
6631	2
6632	23
6633	16
6634	6
6635	7
6636	3
6637	10
6638	1
6639	14
6640	12
6641	8
6642	11
6643	2
6644	9
6645	3
6646	12
6647	20
6648	2
6649	3
6650	21
6651	7
6652	13
6653	4
6654	2
6655	5
6656	14
6657	12
6658	9
6659	10
6660	16
6661	10
6662	14
6663	3
6664	19
6665	9
6666	5
6667	15
6668	4
6669	17
6670	3
6671	4
6672	16
6673	7
6674	7
6675	9
6676	24
6677	3
6678	2
6679	4
6680	9
6681	4
6682	13
6683	20
6684	1
6685	10
6686	10
6687	14
6688	18
6689	11
6690	2
6691	3
6692	18
6693	18
6694	6
6695	11
6696	10
6697	4
6698	9
6699	7
6700	5
6701	22
6702	21
6703	17
6704	20
6705	18
6706	18
6707	5
6708	19
6709	3
6710	5
6711	3
6712	4
6713	15
6714	6
6715	4
6716	3
6717	9
6718	14
6719	5
6720	4
6721	7
6722	6
6723	8
6724	14
6725	24
6726	20
6727	6
6728	8
6729	2
6730	3
6731	6
6732	3
6733	4
6734	1
6735	15
6736	3
6737	7
6738	9
6739	3
6740	15
6741	4
6742	12
6743	13
6744	18
6745	16
6746	7
6747	8
6748	24
6749	4
6750	10
6751	4
6752	17
6753	6
6754	19
6755	11
6756	11
6757	3
6758	19
6759	9
6760	22
6761	4
6762	24
6763	14
6764	2
6765	4
6766	2
6767	6
6768	3
6769	2
6770	13
6771	13
6772	22
6773	19
6774	11
6775	6
6776	10
6777	7
6778	2
6779	8
6780	22
6781	9
6782	17
6783	11
6784	6
6785	2
6786	2
6787	6
6788	5
6789	15
6790	3
6791	13
6792	22
6793	2
6794	5
6795	13
6796	14
6797	19
6798	6
6799	2
6800	6
6801	14
6802	3
6803	22
6804	8
6805	21
6806	24
6807	18
6808	11
6809	8
6810	4
6811	13
6812	6
6813	4
6814	19
6815	6
6816	21
6817	4
6818	3
6819	8
6820	7
6821	2
6822	13
6823	11
6824	5
6825	5
6826	12
6827	9
6828	12
6829	5
6830	18
6831	7
6832	10
6833	16
6834	17
6835	7
6836	15
6837	19
6838	8
6839	12
6840	7
6841	20
6842	8
6843	12
6844	6
6845	2
6846	4
6847	18
6848	18
6849	3
6850	2
6851	2
6852	2
6853	20
6854	13
6855	12
6856	11
6857	5
6858	5
6859	3
6860	18
6861	5
6862	1
6863	12
6864	4
6865	3
6866	4
6867	12
6868	2
6869	3
6870	9
6871	17
6872	4
6873	15
6874	4
6875	22
6876	3
6877	3
6878	13
6879	6
6880	17
6881	7
6882	13
6883	11
6884	4
6885	16
6886	17
6887	13
6888	7
6889	6
6890	13
6891	14
6892	13
6893	24
6894	2
6895	9
6896	13
6897	19
6898	6
6899	16
6900	20
6901	5
6902	17
6903	8
6904	2
6905	19
6906	11
6907	14
6908	5
6909	5
6910	18
6911	3
6912	17
6913	3
6914	13
6915	9
6916	18
6917	8
6918	22
6919	24
6920	5
6921	7
6922	2
6923	6
6924	15
6925	9
6926	21
6927	15
6928	5
6929	11
6930	2
6931	23
6932	8
6933	23
6934	20
6935	6
6936	20
6937	19
6938	16
6939	7
6940	11
6941	19
6942	10
6943	8
6944	6
6945	10
6946	13
6947	12
6948	4
6949	5
6950	6
6951	3
6952	15
6953	8
6954	17
6955	7
6956	3
6957	6
6958	21
6959	1
6960	13
6961	3
6962	14
6963	12
6964	11
6965	2
6966	18
6967	12
6968	2
6969	10
6970	19
6971	22
6972	5
6973	4
6974	5
6975	15
6976	8
6977	2
6978	11
6979	2
6980	20
6981	13
6982	17
6983	9
6984	4
6985	3
6986	5
6987	9
6988	13
6989	3
6990	18
6991	11
6992	24
6993	1
6994	4
6995	21
6996	12
6997	16
6998	3
6999	4
7000	14
7001	8
7002	22
7003	2
7004	7
7005	7
7006	3
7007	21
7008	5
7009	12
7010	9
7011	5
7012	13
7013	10
7014	24
7015	22
7016	21
7017	18
7018	3
7019	4
7020	10
7021	4
7022	17
7023	3
7024	1
7025	4
7026	4
7027	7
7028	3
7029	23
7030	8
7031	8
7032	1
7033	24
7034	17
7035	5
7036	2
7037	10
7038	4
7039	4
7040	12
7041	23
7042	5
7043	10
7044	3
7045	5
7046	7
7047	14
7048	6
7049	3
7050	4
7051	20
7052	11
7053	20
7054	13
7055	6
7056	18
7057	3
7058	3
7059	18
7060	3
7061	17
7062	10
7063	4
7064	17
7065	9
7066	16
7067	4
7068	2
7069	21
7070	22
7071	5
7072	23
7073	6
7074	14
7075	12
7076	11
7077	3
7078	18
7079	3
7080	19
7081	5
7082	24
7083	8
7084	14
7085	3
7086	9
7087	7
7088	7
7089	12
7090	14
7091	7
7092	18
7093	5
7094	11
7095	14
7096	20
7097	10
7098	3
7099	4
7100	6
7101	2
7102	13
7103	10
7104	6
7105	13
7106	8
7107	2
7108	18
7109	3
7110	3
7111	23
7112	9
7113	1
7114	4
7115	6
7116	4
7117	13
7118	6
7119	16
7120	3
7121	20
7122	4
7123	5
7124	3
7125	13
7126	6
7127	2
7128	16
7129	19
7130	8
7131	15
7132	5
7133	1
7134	6
7135	3
7136	14
7137	21
7138	5
7139	7
7140	10
7141	12
7142	5
7143	2
7144	11
7145	22
7146	2
7147	15
7148	13
7149	6
7150	4
7151	11
7152	3
7153	20
7154	5
7155	4
7156	2
7157	7
7158	6
7159	21
7160	12
7161	4
7162	12
7163	20
7164	5
7165	17
7166	4
7167	7
7168	6
7169	17
7170	18
7171	5
7172	24
7173	7
7174	23
7175	10
7176	22
7177	19
7178	3
7179	24
7180	18
7181	6
7182	10
7183	5
7184	4
7185	12
7186	17
7187	16
7188	20
7189	7
7190	5
7191	24
7192	14
7193	2
7194	6
7195	14
7196	12
7197	5
7198	11
7199	15
7200	6
7201	19
7202	19
7203	6
7204	8
7205	14
7206	6
7207	20
7208	5
7209	10
7210	13
7211	20
7212	3
7213	2
7214	5
7215	3
7216	4
7217	10
7218	20
7219	6
7220	1
7221	15
7222	12
7223	3
7224	3
7225	24
7226	2
7227	16
7228	7
7229	2
7230	5
7231	16
7232	9
7233	3
7234	17
7235	4
7236	10
7237	4
7238	15
7239	9
7240	15
7241	7
7242	11
7243	6
7244	14
7245	3
7246	15
7247	16
7248	18
7249	2
7250	12
7251	5
7252	16
7253	4
7254	2
7255	4
7256	3
7257	14
7258	11
7259	3
7260	14
7261	15
7262	11
7263	4
7264	24
7265	20
7266	4
7267	3
7268	23
7269	21
7270	9
7271	3
7272	13
7273	12
7274	20
7275	12
7276	5
7277	10
7278	17
7279	3
7280	7
7281	6
7282	5
7283	6
7284	10
7285	8
7286	12
7287	3
7288	19
7289	5
7290	19
7291	18
7292	2
7293	6
7294	14
7295	4
7296	14
7297	9
7298	4
7299	16
7300	5
7301	12
7302	20
7303	14
7304	6
7305	14
7306	2
7307	2
7308	7
7309	10
7310	24
7311	7
7312	4
7313	2
7314	4
7315	1
7316	4
7317	6
7318	5
7319	14
7320	5
7321	20
7322	20
7323	5
7324	6
7325	4
7326	14
7327	9
7328	14
7329	3
7330	4
7331	3
7332	20
7333	3
7334	24
7335	14
7336	17
7337	13
7338	17
7339	13
7340	2
7341	2
7342	10
7343	23
7344	4
7345	2
7346	9
7347	11
7348	14
7349	16
7350	9
7351	2
7352	3
7353	2
7354	24
7355	16
7356	10
7357	14
7358	17
7359	18
7360	4
7361	17
7362	9
7363	7
7364	3
7365	5
7366	7
7367	11
7368	4
7369	3
7370	24
7371	5
7372	10
7373	5
7374	20
7375	4
7376	6
7377	7
7378	3
7379	6
7380	3
7381	18
7382	17
7383	3
7384	21
7385	2
7386	4
7387	5
7388	6
7389	3
7390	12
7391	5
7392	3
7393	5
7394	16
7395	1
7396	11
7397	11
7398	8
7399	11
7400	8
7401	8
7402	18
7403	5
7404	14
7405	10
7406	16
7407	5
7408	2
7409	5
7410	20
7411	2
7412	4
7413	5
7414	15
7415	11
7416	5
7417	22
7418	24
7419	8
7420	19
7421	3
7422	4
7423	18
7424	12
7425	5
7426	9
7427	5
7428	19
7429	19
7430	11
7431	15
7432	6
7433	7
7434	24
7435	6
7436	11
7437	2
7438	2
7439	14
7440	12
7441	15
7442	8
7443	2
7444	4
7445	17
7446	4
7447	2
7448	18
7449	9
7450	16
7451	5
7452	19
7453	3
7454	6
7455	21
7456	19
7457	2
7458	2
7459	7
7460	23
7461	24
7462	2
7463	2
7464	5
7465	2
7466	6
7467	5
7468	15
7469	24
7470	7
7471	3
7472	3
7473	14
7474	11
7475	2
7476	5
7477	7
7478	4
7479	17
7480	3
7481	19
7482	11
7483	11
7484	22
7485	2
7486	4
7487	17
7488	3
7489	12
7490	7
7491	4
7492	4
7493	17
7494	2
7495	13
7496	6
7497	8
7498	4
7499	2
7500	12
7501	6
7502	8
7503	14
7504	8
7505	3
7506	2
7507	2
7508	5
7509	8
7510	20
7511	3
7512	12
7513	2
7514	3
7515	6
7516	5
7517	19
7518	14
7519	5
7520	3
7521	6
7522	21
7523	13
7524	6
7525	5
7526	4
7527	18
7528	14
7529	5
7530	22
7531	10
7532	14
7533	17
7534	4
7535	17
7536	23
7537	6
7538	2
7539	2
7540	10
7541	2
7542	6
7543	12
7544	6
7545	10
7546	18
7547	17
7548	8
7549	17
7550	9
7551	2
7552	6
7553	8
7554	6
7555	8
7556	11
7557	2
7558	5
7559	13
7560	4
7561	19
7562	3
7563	4
7564	4
7565	3
7566	5
7567	16
7568	10
7569	2
7570	2
7571	5
7572	8
7573	23
7574	1
7575	10
7576	16
7577	4
7578	7
7579	23
7580	20
7581	2
7582	18
7583	10
7584	21
7585	4
7586	2
7587	2
7588	7
7589	16
7590	9
7591	14
7592	22
7593	17
7594	8
7595	12
7596	10
7597	13
7598	23
7599	10
7600	14
7601	3
7602	10
7603	17
7604	2
7605	4
7606	5
7607	3
7608	3
7609	9
7610	16
7611	6
7612	4
7613	2
7614	6
7615	22
7616	3
7617	13
7618	6
7619	2
7620	17
7621	8
7622	5
7623	2
7624	3
7625	3
7626	11
7627	5
7628	3
7629	5
7630	2
7631	10
7632	2
7633	16
7634	13
7635	2
7636	4
7637	4
7638	6
7639	7
7640	12
7641	5
7642	5
7643	9
7644	18
7645	16
7646	11
7647	3
7648	17
7649	12
7650	8
7651	17
7652	12
7653	5
7654	2
7655	14
7656	10
7657	3
7658	19
7659	12
7660	2
7661	3
7662	6
7663	4
7664	9
7665	11
7666	11
7667	8
7668	16
7669	2
7670	24
7671	9
7672	19
7673	2
7674	12
7675	13
7676	22
7677	4
7678	6
7679	2
7680	3
7681	12
7682	3
7683	6
7684	3
7685	5
7686	15
7687	3
7688	7
7689	2
7690	20
7691	20
7692	13
7693	10
7694	22
7695	6
7696	9
7697	6
7698	13
7699	7
7700	9
7701	4
7702	7
7703	19
7704	9
7705	11
7706	7
7707	23
7708	2
7709	20
7710	3
7711	11
7712	5
7713	1
7714	21
7715	18
7716	6
7717	10
7718	3
7719	12
7720	8
7721	17
7722	3
7723	16
7724	3
7725	11
7726	14
7727	6
7728	5
7729	2
7730	11
7731	10
7732	14
7733	3
7734	15
7735	5
7736	6
7737	2
7738	14
7739	3
7740	21
7741	7
7742	8
7743	4
7744	13
7745	2
7746	8
7747	13
7748	13
7749	17
7750	16
7751	18
7752	12
7753	13
7754	17
7755	7
7756	3
7757	19
7758	3
7759	10
7760	23
7761	4
7762	8
7763	6
7764	15
7765	12
7766	6
7767	16
7768	9
7769	5
7770	4
7771	18
7772	23
7773	2
7774	11
7775	3
7776	4
7777	11
7778	3
7779	2
7780	12
7781	11
7782	17
7783	6
7784	4
7785	3
7786	4
7787	8
7788	22
7789	2
7790	10
7791	5
7792	22
7793	1
7794	17
7795	15
7796	6
7797	6
7798	8
7799	2
7800	6
7801	16
7802	4
7803	19
7804	19
7805	2
7806	13
7807	2
7808	16
7809	3
7810	17
7811	18
7812	10
7813	6
7814	14
7815	6
7816	18
7817	22
7818	5
7819	15
7820	14
7821	11
7822	23
7823	9
7824	4
7825	12
7826	4
7827	2
7828	4
7829	7
7830	4
7831	20
7832	3
7833	7
7834	18
7835	20
7836	22
7837	21
7838	16
7839	10
7840	4
7841	6
7842	5
7843	8
7844	14
7845	22
7846	2
7847	5
7848	3
7849	3
7850	3
7851	11
7852	2
7853	12
7854	19
7855	5
7856	9
7857	6
7858	6
7859	4
7860	9
7861	8
7862	20
7863	6
7864	8
7865	2
7866	21
7867	17
7868	8
7869	15
7870	15
7871	2
7872	4
7873	17
7874	3
7875	4
7876	11
7877	18
7878	8
7879	5
7880	7
7881	13
7882	19
7883	4
7884	5
7885	23
7886	4
7887	3
7888	6
7889	4
7890	10
7891	5
7892	4
7893	2
7894	10
7895	9
7896	3
7897	3
7898	4
7899	6
7900	16
7901	15
7902	2
7903	8
7904	14
7905	3
7906	6
7907	4
7908	3
7909	6
7910	2
7911	22
7912	2
7913	15
7914	21
7915	20
7916	3
7917	8
7918	1
7919	6
7920	16
7921	18
7922	18
7923	19
7924	6
7925	13
7926	19
7927	11
7928	19
7929	3
7930	3
7931	7
7932	14
7933	5
7934	1
7935	5
7936	10
7937	20
7938	9
7939	10
7940	11
7941	23
7942	2
7943	3
7944	2
7945	16
7946	21
7947	14
7948	4
7949	6
7950	15
7951	7
7952	15
7953	19
7954	8
7955	10
7956	23
7957	4
7958	2
7959	23
7960	3
7961	9
7962	13
7963	7
7964	8
7965	15
7966	12
7967	5
7968	5
7969	20
7970	4
7971	4
7972	21
7973	6
7974	2
7975	2
7976	6
7977	7
7978	5
7979	17
7980	8
7981	6
7982	19
7983	20
7984	4
7985	9
7986	10
7987	6
7988	21
7989	7
7990	21
7991	13
7992	21
7993	23
7994	4
7995	4
7996	8
7997	23
7998	10
7999	22
8000	4
8001	15
8002	5
8003	4
8004	22
8005	6
8006	9
8007	21
8008	8
8009	8
8010	19
8011	17
8012	4
8013	3
8014	4
8015	5
8016	8
8017	5
8018	20
8019	16
8020	11
8021	3
8022	24
8023	5
8024	12
8025	7
8026	13
8027	4
8028	2
8029	3
8030	23
8031	2
8032	9
8033	10
8034	18
8035	7
8036	6
8037	6
8038	5
8039	20
8040	5
8041	24
8042	3
8043	15
8044	9
8045	6
8046	9
8047	4
8048	2
8049	6
8050	12
8051	18
8052	24
8053	19
8054	10
8055	8
8056	10
8057	5
8058	2
8059	14
8060	13
8061	5
8062	16
8063	8
8064	3
8065	4
8066	14
8067	16
8068	14
8069	15
8070	4
8071	3
8072	15
8073	3
8074	20
8075	8
8076	5
8077	2
8078	2
8079	14
8080	2
8081	6
8082	6
8083	3
8084	13
8085	3
8086	5
8087	6
8088	18
8089	3
8090	2
8091	4
8092	18
8093	3
8094	2
8095	14
8096	17
8097	6
8098	4
8099	4
8100	12
8101	19
8102	6
8103	4
8104	6
8105	8
8106	9
8107	14
8108	5
8109	2
8110	7
8111	19
8112	6
8113	9
8114	5
8115	4
8116	16
8117	6
8118	2
8119	8
8120	8
8121	16
8122	9
8123	9
8124	9
8125	23
8126	15
8127	22
8128	4
8129	2
8130	4
8131	17
8132	4
8133	2
8134	11
8135	5
8136	2
8137	19
8138	17
8139	10
8140	3
8141	4
8142	2
8143	4
8144	5
8145	15
8146	17
8147	3
8148	9
8149	8
8150	5
8151	15
8152	14
8153	12
8154	9
8155	7
8156	2
8157	22
8158	20
8159	4
8160	2
8161	16
8162	11
8163	14
8164	22
8165	5
8166	15
8167	2
8168	21
8169	6
8170	15
8171	24
8172	10
8173	21
8174	5
8175	3
8176	22
8177	5
8178	6
8179	9
8180	9
8181	14
8182	10
8183	7
8184	7
8185	18
8186	12
8187	3
8188	6
8189	5
8190	6
8191	21
8192	4
8193	15
8194	12
8195	7
8196	7
8197	9
8198	2
8199	6
8200	2
8201	10
8202	11
8203	7
8204	2
8205	16
8206	8
8207	6
8208	3
8209	24
8210	6
8211	2
8212	3
8213	9
8214	2
8215	4
8216	2
8217	24
8218	14
8219	6
8220	4
8221	4
8222	10
8223	13
8224	21
8225	5
8226	5
8227	15
8228	13
8229	23
8230	5
8231	21
8232	2
8233	7
8234	11
8235	8
8236	3
8237	22
8238	6
8239	2
8240	16
8241	4
8242	11
8243	7
8244	4
8245	2
8246	4
8247	2
8248	12
8249	8
8250	24
8251	4
8252	22
8253	15
8254	2
8255	6
8256	15
8257	12
8258	6
8259	4
8260	11
8261	5
8262	12
8263	9
8264	18
8265	2
8266	15
8267	10
8268	19
8269	22
8270	8
8271	13
8272	2
8273	7
8274	9
8275	3
8276	24
8277	8
8278	7
8279	16
8280	10
8281	6
8282	6
8283	7
8284	23
8285	4
8286	3
8287	2
8288	10
8289	8
8290	21
8291	5
8292	3
8293	12
8294	13
8295	12
8296	8
8297	9
8298	17
8299	22
8300	12
8301	6
8302	24
8303	4
8304	11
8305	20
8306	6
8307	2
8308	9
8309	7
8310	10
8311	7
8312	19
8313	5
8314	2
8315	4
8316	19
8317	5
8318	19
8319	6
8320	3
8321	2
8322	21
8323	5
8324	3
8325	21
8326	15
8327	9
8328	14
8329	9
8330	8
8331	18
8332	20
8333	16
8334	5
8335	17
8336	5
8337	23
8338	16
8339	8
8340	7
8341	13
8342	4
8343	4
8344	17
8345	21
8346	21
8347	11
8348	18
8349	3
8350	12
8351	1
8352	6
8353	17
8354	4
8355	5
8356	1
8357	8
8358	7
8359	23
8360	4
8361	14
8362	15
8363	8
8364	22
8365	7
8366	5
8367	7
8368	2
8369	17
8370	5
8371	3
8372	17
8373	6
8374	8
8375	15
8376	3
8377	4
8378	6
8379	11
8380	6
8381	12
8382	2
8383	3
8384	2
8385	6
8386	23
8387	19
8388	15
8389	10
8390	2
8391	20
8392	4
8393	9
8394	7
8395	13
8396	10
8397	16
8398	14
8399	7
8400	6
8401	4
8402	7
8403	5
8404	5
8405	6
8406	3
8407	4
8408	6
8409	5
8410	16
8411	6
8412	4
8413	16
8414	13
8415	4
8416	6
8417	3
8418	5
8419	5
8420	3
8421	6
8422	2
8423	6
8424	19
8425	5
8426	11
8427	6
8428	5
8429	20
8430	7
8431	23
8432	13
8433	16
8434	8
8435	16
8436	14
8437	3
8438	6
8439	12
8440	14
8441	18
8442	6
8443	11
8444	13
8445	6
8446	17
8447	2
8448	19
8449	7
8450	4
8451	18
8452	21
8453	2
8454	6
8455	8
8456	5
8457	16
8458	6
8459	9
8460	2
8461	14
8462	2
8463	4
8464	7
8465	11
8466	13
8467	12
8468	16
8469	4
8470	13
8471	4
8472	2
8473	5
8474	2
8475	1
8476	23
8477	8
8478	2
8479	13
8480	3
8481	22
8482	20
8483	9
8484	24
8485	9
8486	13
8487	22
8488	11
8489	15
8490	19
8491	7
8492	4
8493	4
8494	13
8495	12
8496	6
8497	4
8498	21
8499	10
8500	24
8501	3
8502	3
8503	12
8504	4
8505	14
8506	7
8507	10
8508	4
8509	11
8510	3
8511	21
8512	3
8513	22
8514	10
8515	6
8516	20
8517	4
8518	10
8519	18
8520	17
8521	4
8522	3
8523	17
8524	2
8525	4
8526	12
8527	6
8528	7
8529	4
8530	2
8531	4
8532	19
8533	23
8534	4
8535	6
8536	5
8537	18
8538	23
8539	7
8540	1
8541	16
8542	11
8543	3
8544	17
8545	4
8546	14
8547	5
8548	22
8549	16
8550	4
8551	16
8552	10
8553	3
8554	3
8555	14
8556	9
8557	10
8558	2
8559	8
8560	14
8561	6
8562	16
8563	4
8564	10
8565	14
8566	7
8567	7
8568	3
8569	15
8570	20
8571	22
8572	5
8573	16
8574	10
8575	8
8576	22
8577	16
8578	5
8579	8
8580	9
8581	6
8582	2
8583	9
8584	9
8585	18
8586	3
8587	1
8588	8
8589	11
8590	16
8591	3
8592	10
8593	7
8594	14
8595	4
8596	10
8597	3
8598	13
8599	13
8600	10
8601	15
8602	3
8603	5
8604	4
8605	7
8606	3
8607	3
8608	4
8609	2
8610	20
8611	2
8612	7
8613	3
8614	20
8615	4
8616	12
8617	4
8618	17
8619	3
8620	7
8621	15
8622	17
8623	3
8624	3
8625	16
8626	2
8627	7
8628	5
8629	4
8630	2
8631	11
8632	21
8633	12
8634	11
8635	4
8636	5
8637	7
8638	5
8639	3
8640	12
8641	5
8642	12
8643	8
8644	7
8645	10
8646	6
8647	23
8648	14
8649	14
8650	3
8651	5
8652	2
8653	13
8654	11
8655	3
8656	9
8657	2
8658	6
8659	5
8660	8
8661	24
8662	18
8663	6
8664	4
8665	5
8666	11
8667	17
8668	6
8669	10
8670	10
8671	3
8672	6
8673	7
8674	7
8675	10
8676	8
8677	5
8678	21
8679	10
8680	23
8681	15
8682	12
8683	9
8684	2
8685	3
8686	5
8687	6
8688	2
8689	18
8690	7
8691	23
8692	2
8693	15
8694	7
8695	17
8696	7
8697	5
8698	14
8699	6
8700	5
8701	9
8702	9
8703	10
8704	6
8705	17
8706	6
8707	5
8708	24
8709	5
8710	2
8711	2
8712	22
8713	5
8714	6
8715	10
8716	6
8717	5
8718	4
8719	22
8720	18
8721	11
8722	5
8723	7
8724	23
8725	7
8726	14
8727	4
8728	13
8729	4
8730	12
8731	2
8732	6
8733	11
8734	17
8735	4
8736	16
8737	8
8738	16
8739	20
8740	23
8741	2
8742	6
8743	16
8744	17
8745	12
8746	10
8747	10
8748	17
8749	6
8750	3
8751	5
8752	4
8753	5
8754	6
8755	10
8756	10
8757	13
8758	20
8759	18
8760	23
8761	13
8762	4
8763	5
8764	11
8765	3
8766	21
8767	11
8768	3
8769	3
8770	8
8771	16
8772	6
8773	9
8774	8
8775	15
8776	3
8777	3
8778	18
8779	6
8780	2
8781	6
8782	10
8783	7
8784	15
8785	5
8786	6
8787	2
8788	21
8789	3
8790	22
8791	9
8792	12
8793	15
8794	2
8795	15
8796	2
8797	9
8798	24
8799	12
8800	3
8801	7
8802	3
8803	3
8804	4
8805	17
8806	21
8807	14
8808	24
8809	7
8810	10
8811	4
8812	13
8813	2
8814	13
8815	11
8816	18
8817	23
8818	18
8819	11
8820	18
8821	17
8822	12
8823	4
8824	21
8825	4
8826	9
8827	2
8828	21
8829	19
8830	2
8831	4
8832	9
8833	11
8834	5
8835	4
8836	17
8837	8
8838	4
8839	12
8840	4
8841	15
8842	8
8843	3
8844	13
8845	9
8846	7
8847	21
8848	15
8849	18
8850	19
8851	17
8852	10
8853	8
8854	2
8855	3
8856	19
8857	6
8858	12
8859	2
8860	4
8861	13
8862	2
8863	6
8864	14
8865	23
8866	2
8867	2
8868	2
8869	3
8870	19
8871	10
8872	2
8873	2
8874	15
8875	3
8876	18
8877	9
8878	5
8879	17
8880	3
8881	3
8882	4
8883	17
8884	12
8885	11
8886	3
8887	3
8888	20
8889	3
8890	7
8891	2
8892	2
8893	3
8894	20
8895	5
8896	20
8897	5
8898	4
8899	12
8900	3
8901	2
8902	4
8903	7
8904	8
8905	20
8906	6
8907	2
8908	9
8909	24
8910	4
8911	3
8912	15
8913	14
8914	4
8915	4
8916	24
8917	2
8918	2
8919	22
8920	24
8921	12
8922	19
8923	12
8924	21
8925	4
8926	3
8927	24
8928	7
8929	4
8930	24
8931	19
8932	4
8933	5
8934	15
8935	7
8936	6
8937	2
8938	2
8939	23
8940	2
8941	20
8942	6
8943	3
8944	2
8945	12
8946	7
8947	18
8948	5
8949	4
8950	18
8951	15
8952	10
8953	5
8954	22
8955	2
8956	12
8957	13
8958	23
8959	12
8960	22
8961	16
8962	9
8963	15
8964	14
8965	10
8966	5
8967	6
8968	22
8969	15
8970	18
8971	4
8972	4
8973	22
8974	13
8975	2
8976	7
8977	2
8978	5
8979	4
8980	2
8981	2
8982	2
8983	2
8984	15
8985	16
8986	13
8987	10
8988	14
8989	4
8990	8
8991	4
8992	4
8993	10
8994	11
8995	3
8996	2
8997	5
8998	11
8999	22
9000	4
9001	3
9002	2
9003	23
9004	12
9005	9
9006	7
9007	10
9008	4
9009	14
9010	14
9011	9
9012	12
9013	20
9014	15
9015	15
9016	3
9017	8
9018	13
9019	8
9020	8
9021	2
9022	9
9023	5
9024	12
9025	15
9026	10
9027	9
9028	4
9029	23
9030	11
9031	10
9032	15
9033	9
9034	7
9035	13
9036	3
9037	4
9038	9
9039	15
9040	5
9041	2
9042	11
9043	13
9044	4
9045	4
9046	13
9047	4
9048	14
9049	24
9050	9
9051	3
9052	6
9053	19
9054	5
9055	2
9056	12
9057	8
9058	19
9059	8
9060	9
9061	2
9062	20
9063	2
9064	22
9065	2
9066	22
9067	12
9068	3
9069	4
9070	11
9071	24
9072	11
9073	4
9074	2
9075	5
9076	3
9077	2
9078	11
9079	2
9080	13
9081	2
9082	5
9083	5
9084	3
9085	4
9086	13
9087	11
9088	5
9089	6
9090	6
9091	23
9092	12
9093	2
9094	3
9095	3
9096	4
9097	12
9098	2
9099	7
9100	5
9101	23
9102	17
9103	11
9104	4
9105	15
9106	4
9107	19
9108	8
9109	13
9110	21
9111	5
9112	15
9113	3
9114	5
9115	5
9116	9
9117	6
9118	2
9119	6
9120	17
9121	4
9122	4
9123	10
9124	19
9125	3
9126	5
9127	5
9128	2
9129	6
9130	23
9131	8
9132	9
9133	4
9134	5
9135	11
9136	10
9137	2
9138	11
9139	16
9140	6
9141	14
9142	2
9143	13
9144	10
9145	12
9146	19
9147	10
9148	4
9149	8
9150	22
9151	3
9152	22
9153	9
9154	8
9155	3
9156	11
9157	7
9158	4
9159	3
9160	2
9161	13
9162	17
9163	11
9164	3
9165	8
9166	24
9167	6
9168	11
9169	19
9170	4
9171	10
9172	22
9173	8
9174	3
9175	5
9176	7
9177	4
9178	5
9179	4
9180	8
9181	3
9182	20
9183	8
9184	6
9185	2
9186	2
9187	14
9188	5
9189	5
9190	2
9191	8
9192	2
9193	10
9194	18
9195	19
9196	22
9197	8
9198	4
9199	3
9200	2
9201	11
9202	21
9203	24
9204	2
9205	4
9206	10
9207	22
9208	17
9209	10
9210	8
9211	6
9212	9
9213	4
9214	9
9215	4
9216	21
9217	6
9218	8
9219	8
9220	9
9221	5
9222	3
9223	14
9224	6
9225	4
9226	11
9227	9
9228	7
9229	20
9230	5
9231	2
9232	9
9233	13
9234	2
9235	3
9236	7
9237	3
9238	24
9239	5
9240	19
9241	24
9242	2
9243	23
9244	19
9245	10
9246	17
9247	4
9248	14
9249	2
9250	17
9251	12
9252	2
9253	2
9254	2
9255	5
9256	7
9257	17
9258	7
9259	4
9260	10
9261	4
9262	11
9263	11
9264	2
9265	11
9266	5
9267	22
9268	9
9269	13
9270	15
9271	15
9272	21
9273	10
9274	3
9275	14
9276	2
9277	3
9278	14
9279	13
9280	15
9281	2
9282	2
9283	5
9284	14
9285	21
9286	11
9287	18
9288	3
9289	3
9290	3
9291	8
9292	24
9293	7
9294	14
9295	7
9296	22
9297	19
9298	13
9299	14
9300	22
9301	12
9302	9
9303	12
9304	6
9305	2
9306	10
9307	4
9308	13
9309	3
9310	11
9311	5
9312	18
9313	9
9314	15
9315	4
9316	15
9317	17
9318	19
9319	7
9320	16
9321	5
9322	6
9323	13
9324	17
9325	8
9326	15
9327	8
9328	9
9329	5
9330	10
9331	11
9332	21
9333	11
9334	21
9335	7
9336	14
9337	4
9338	4
9339	24
9340	3
9341	13
9342	15
9343	15
9344	3
9345	6
9346	7
9347	13
9348	18
9349	9
9350	11
9351	22
9352	7
9353	18
9354	2
9355	4
9356	5
9357	2
9358	22
9359	18
9360	6
9361	20
9362	17
9363	24
9364	6
9365	15
9366	11
9367	20
9368	20
9369	2
9370	20
9371	9
9372	6
9373	2
9374	2
9375	4
9376	1
9377	18
9378	4
9379	6
9380	13
9381	11
9382	2
9383	6
9384	12
9385	19
9386	7
9387	6
9388	23
9389	9
9390	2
9391	5
9392	3
9393	2
9394	20
9395	3
9396	2
9397	9
9398	2
9399	10
9400	12
9401	3
9402	5
9403	4
9404	8
9405	15
9406	5
9407	5
9408	5
9409	3
9410	10
9411	2
9412	7
9413	5
9414	9
9415	24
9416	10
9417	24
9418	10
9419	8
9420	4
9421	3
9422	24
9423	2
9424	4
9425	4
9426	2
9427	21
9428	2
9429	2
9430	4
9431	13
9432	7
9433	13
9434	12
9435	2
9436	19
9437	23
9438	8
9439	6
9440	5
9441	11
9442	5
9443	6
9444	4
9445	4
9446	4
9447	5
9448	3
9449	12
9450	2
9451	3
9452	5
9453	8
9454	3
9455	19
9456	5
9457	21
9458	3
9459	8
9460	12
9461	11
9462	13
9463	2
9464	2
9465	10
9466	2
9467	4
9468	9
9469	3
9470	17
9471	24
9472	9
9473	9
9474	20
9475	5
9476	4
9477	22
9478	23
9479	13
9480	20
9481	5
9482	4
9483	2
9484	7
9485	16
9486	5
9487	1
9488	9
9489	3
9490	4
9491	15
9492	11
9493	3
9494	4
9495	1
9496	8
9497	2
9498	18
9499	4
9500	2
9501	15
9502	3
9503	13
9504	4
9505	20
9506	6
9507	2
9508	6
9509	11
9510	18
9511	9
9512	2
9513	19
9514	3
9515	9
9516	11
9517	14
9518	16
9519	3
9520	9
9521	21
9522	8
9523	4
9524	15
9525	24
9526	22
9527	7
9528	21
9529	3
9530	11
9531	4
9532	18
9533	16
9534	4
9535	17
9536	6
9537	4
9538	15
9539	11
9540	5
9541	12
9542	14
9543	3
9544	22
9545	6
9546	23
9547	5
9548	12
9549	1
9550	7
9551	24
9552	2
9553	16
9554	5
9555	9
9556	8
9557	4
9558	7
9559	7
9560	15
9561	11
9562	4
9563	13
9564	6
9565	11
9566	15
9567	18
9568	20
9569	24
9570	3
9571	10
9572	19
9573	12
9574	19
9575	7
9576	4
9577	9
9578	14
9579	3
9580	9
9581	14
9582	5
9583	19
9584	2
9585	8
9586	17
9587	17
9588	18
9589	3
9590	5
9591	6
9592	16
9593	20
9594	6
9595	17
9596	5
9597	10
9598	9
9599	21
9600	21
9601	4
9602	10
9603	11
9604	3
9605	21
9606	22
9607	4
9608	19
9609	14
9610	4
9611	13
9612	9
9613	11
9614	11
9615	3
9616	2
9617	9
9618	14
9619	2
9620	10
9621	3
9622	21
9623	5
9624	15
9625	15
9626	12
9627	15
9628	3
9629	13
9630	18
9631	14
9632	9
9633	2
9634	11
9635	5
9636	12
9637	3
9638	3
9639	1
9640	4
9641	16
9642	2
9643	6
9644	6
9645	19
9646	10
9647	4
9648	16
9649	11
9650	8
9651	9
9652	12
9653	7
9654	10
9655	8
9656	5
9657	8
9658	13
9659	2
9660	7
9661	11
9662	8
9663	5
9664	15
9665	14
9666	8
9667	2
9668	7
9669	5
9670	3
9671	2
9672	11
9673	2
9674	4
9675	11
9676	3
9677	6
9678	2
9679	13
9680	3
9681	2
9682	3
9683	8
9684	18
9685	2
9686	5
9687	7
9688	19
9689	10
9690	19
9691	5
9692	6
9693	15
9694	7
9695	5
9696	20
9697	14
9698	18
9699	6
9700	14
9701	2
9702	18
9703	5
9704	2
9705	21
9706	3
9707	2
9708	23
9709	3
9710	18
9711	4
9712	4
9713	9
9714	19
9715	7
9716	3
9717	15
9718	3
9719	15
9720	2
9721	5
9722	24
9723	10
9724	23
9725	4
9726	19
9727	24
9728	5
9729	2
9730	19
9731	3
9732	14
9733	5
9734	3
9735	5
9736	1
9737	22
9738	12
9739	21
9740	7
9741	23
9742	10
9743	5
9744	17
9745	23
9746	2
9747	14
9748	16
9749	14
9750	11
9751	3
9752	24
9753	7
9754	2
9755	21
9756	17
9757	11
9758	5
9759	5
9760	14
9761	7
9762	4
9763	2
9764	3
9765	12
9766	13
9767	13
9768	22
9769	7
9770	6
9771	2
9772	7
9773	2
9774	3
9775	17
9776	16
9777	22
9778	9
9779	2
9780	22
9781	4
9782	12
9783	9
9784	18
9785	23
9786	18
9787	7
9788	3
9789	15
9790	4
9791	16
9792	3
9793	13
9794	3
9795	11
9796	6
9797	20
9798	7
9799	3
9800	13
9801	4
9802	3
9803	23
9804	3
9805	2
9806	17
9807	18
9808	9
9809	14
9810	16
9811	3
9812	6
9813	5
9814	12
9815	5
9816	18
9817	10
9818	17
9819	10
9820	2
9821	3
9822	17
9823	2
9824	2
9825	3
9826	5
9827	19
9828	6
9829	9
9830	14
9831	4
9832	22
9833	6
9834	2
9835	2
9836	6
9837	11
9838	4
9839	3
9840	6
9841	9
9842	8
9843	17
9844	7
9845	4
9846	7
9847	2
9848	2
9849	5
9850	3
9851	12
9852	10
9853	15
9854	5
9855	13
9856	2
9857	15
9858	19
9859	11
9860	14
9861	4
9862	9
9863	5
9864	14
9865	3
9866	6
9867	21
9868	5
9869	21
9870	3
9871	8
9872	6
9873	22
9874	6
9875	6
9876	9
9877	15
9878	9
9879	5
9880	9
9881	21
9882	9
9883	4
9884	4
9885	8
9886	17
9887	11
9888	5
9889	15
9890	7
9891	16
9892	5
9893	10
9894	10
9895	2
9896	11
9897	11
9898	12
9899	5
9900	2
9901	16
9902	18
9903	15
9904	11
9905	2
9906	13
9907	5
9908	9
9909	7
9910	16
9911	3
9912	3
9913	11
9914	2
9915	4
9916	3
9917	3
9918	6
9919	7
9920	4
9921	23
9922	17
9923	7
9924	12
9925	5
9926	9
9927	20
9928	6
9929	20
9930	3
9931	5
9932	3
9933	6
9934	18
9935	21
9936	2
9937	20
9938	4
9939	20
9940	9
9941	8
9942	3
9943	5
9944	22
9945	2
9946	13
9947	7
9948	3
9949	6
9950	4
9951	15
9952	3
9953	7
9954	12
9955	20
9956	18
9957	4
9958	5
9959	4
9960	18
9961	15
9962	10
9963	9
9964	7
9965	11
9966	22
9967	24
9968	17
9969	7
9970	4
9971	2
9972	3
9973	6
9974	21
9975	15
9976	5
9977	16
9978	12
9979	5
9980	2
9981	23
9982	3
9983	23
9984	24
9985	16
9986	10
9987	2
9988	15
9989	4
9990	16
9991	18
9992	18
9993	5
9994	18
9995	10
9996	6
9997	1
9998	12
9999	22
10000	4
