1	4
1	9
1	13
1	21
1	25
1	26
1	33
1	44
1	46
1	66
1	79
1	107
1	109
1	115
1	129
1	133
1	136
1	157
1	169
1	199
1	219
1	245
1	248
1	275
1	294
1	369
1	378
1	379
1	392
1	396
1	425
1	428
1	431
1	449
1	482
1	494
1	500
1	504
1	518
1	592
1	692
1	707
1	725
1	778
1	794
1	804
1	847
1	849
1	858
1	866
2	8
2	17
2	18
2	42
2	52
2	54
2	55
2	137
2	146
2	151
2	160
2	161
2	173
2	179
2	191
2	193
2	194
2	216
2	234
2	235
2	247
2	277
2	302
2	309
2	323
2	337
2	341
2	363
2	375
2	400
2	443
2	444
2	493
2	523
2	544
2	554
2	612
2	617
2	674
2	679
2	725
2	743
2	823
2	852
2	853
2	908
2	912
2	940
2	950
2	954
3	16
3	19
3	21
3	24
3	30
3	32
3	36
3	40
3	44
3	49
3	53
3	56
3	93
3	102
3	105
3	182
3	208
3	236
3	238
3	255
3	265
3	266
3	346
3	368
3	381
3	390
3	412
3	418
3	440
3	458
3	534
3	566
3	636
3	664
3	726
3	735
3	750
3	794
3	813
3	855
3	856
3	878
3	888
3	905
3	921
3	947
3	952
3	966
3	969
4	5
4	9
4	10
4	26
4	37
4	46
4	62
4	66
4	79
4	96
4	129
4	131
4	153
4	159
4	164
4	213
4	220
4	227
4	228
4	238
4	245
4	314
4	321
4	333
4	336
4	337
4	396
4	443
4	464
4	476
4	480
4	494
4	505
4	517
4	529
4	594
4	646
4	689
4	693
4	737
4	742
4	824
4	836
4	918
4	941
4	956
4	992
4	995
5	6
5	15
5	18
5	25
5	44
5	46
5	57
5	59
5	120
5	128
5	136
5	144
5	145
5	152
5	153
5	181
5	198
5	199
5	219
5	220
5	235
5	285
5	336
5	366
5	371
5	440
5	480
5	509
5	510
5	513
5	552
5	571
5	579
5	584
5	650
5	707
5	709
5	720
5	814
5	832
5	836
5	843
5	867
5	899
5	944
5	958
6	15
6	17
6	22
6	30
6	34
6	35
6	44
6	45
6	58
6	74
6	84
6	85
6	88
6	91
6	104
6	106
6	118
6	128
6	142
6	157
6	239
6	319
6	343
6	359
6	365
6	399
6	408
6	421
6	469
6	530
6	575
6	592
6	593
6	600
6	605
6	607
6	645
6	680
6	681
6	690
6	710
6	807
6	829
6	877
6	900
7	10
7	11
7	19
7	34
7	40
7	47
7	58
7	65
7	75
7	77
7	106
7	127
7	132
7	135
7	137
7	162
7	195
7	198
7	220
7	237
7	248
7	289
7	300
7	318
7	330
7	351
7	364
7	366
7	390
7	461
7	490
7	498
7	528
7	535
7	550
7	585
7	659
7	726
7	737
7	753
7	805
7	835
7	843
7	852
7	876
8	9
8	17
8	18
8	35
8	42
8	52
8	73
8	100
8	115
8	143
8	151
8	165
8	179
8	191
8	193
8	194
8	216
8	218
8	247
8	277
8	294
8	313
8	323
8	337
8	341
8	363
8	375
8	387
8	392
8	450
8	532
8	544
8	546
8	549
8	554
8	617
8	728
8	818
8	885
8	920
8	925
8	926
8	961
9	13
9	29
9	37
9	42
9	46
9	62
9	66
9	79
9	85
9	120
9	126
9	136
9	181
9	188
9	198
9	211
9	235
9	267
9	279
9	292
9	310
9	319
9	333
9	369
9	371
9	431
9	441
9	526
9	578
9	594
9	604
9	606
9	623
9	697
9	721
9	735
9	769
9	866
9	887
9	977
10	14
10	61
10	63
10	65
10	66
10	75
10	106
10	122
10	127
10	132
10	134
10	137
10	139
10	142
10	165
10	191
10	195
10	248
10	252
10	255
10	260
10	305
10	330
10	355
10	364
10	388
10	438
10	457
10	474
10	481
10	535
10	573
10	586
10	596
10	668
10	682
10	728
10	753
10	808
10	824
10	855
11	15
11	40
11	56
11	61
11	63
11	91
11	106
11	127
11	132
11	135
11	137
11	162
11	165
11	177
11	178
11	192
11	198
11	255
11	260
11	311
11	351
11	366
11	384
11	388
11	395
11	407
11	411
11	415
11	537
11	570
11	574
11	585
11	658
11	659
11	686
11	692
11	695
11	795
11	866
11	876
11	881
11	935
12	33
12	38
12	44
12	53
12	71
12	82
12	87
12	112
12	176
12	183
12	197
12	221
12	222
12	229
12	274
12	286
12	347
12	362
12	408
12	415
12	417
12	451
12	484
12	503
12	539
12	622
12	631
12	649
12	653
12	683
12	684
12	699
12	724
12	797
12	826
12	885
12	906
12	919
12	938
12	973
13	26
13	27
13	44
13	46
13	64
13	79
13	107
13	136
13	140
13	153
13	157
13	159
13	166
13	169
13	219
13	232
13	246
13	249
13	274
13	325
13	349
13	385
13	432
13	544
13	597
13	615
13	656
13	688
13	708
13	711
13	820
13	850
13	912
13	918
13	967
13	979
13	995
14	20
14	38
14	53
14	60
14	68
14	76
14	78
14	95
14	98
14	100
14	125
14	128
14	138
14	139
14	192
14	217
14	221
14	234
14	243
14	279
14	281
14	298
14	300
14	301
14	308
14	322
14	364
14	380
14	404
14	426
14	476
14	584
14	603
14	613
14	713
14	844
14	927
14	931
15	26
15	28
15	39
15	50
15	63
15	68
15	100
15	105
15	124
15	141
15	206
15	232
15	240
15	244
15	264
15	270
15	278
15	288
15	297
15	460
15	475
15	514
15	539
15	546
15	557
15	589
15	608
15	629
15	639
15	690
15	734
15	801
15	802
15	854
15	924
16	24
16	26
16	27
16	36
16	49
16	53
16	56
16	72
16	90
16	91
16	93
16	96
16	100
16	105
16	116
16	127
16	140
16	249
16	256
16	334
16	352
16	368
16	417
16	428
16	440
16	461
16	487
16	517
16	520
16	534
16	560
16	561
16	678
16	755
16	760
16	843
16	971
17	20
17	42
17	51
17	52
17	54
17	98
17	115
17	146
17	151
17	191
17	193
17	230
17	233
17	234
17	282
17	313
17	367
17	386
17	400
17	450
17	506
17	517
17	523
17	545
17	554
17	679
17	728
17	765
17	768
17	823
17	853
17	908
17	925
17	926
17	961
18	42
18	52
18	54
18	94
18	115
18	146
18	168
18	179
18	191
18	192
18	194
18	210
18	216
18	277
18	313
18	341
18	363
18	375
18	424
18	454
18	476
18	493
18	502
18	506
18	576
18	577
18	647
18	652
18	692
18	743
18	904
18	912
18	930
18	944
19	22
19	23
19	47
19	55
19	73
19	80
19	82
19	89
19	92
19	100
19	113
19	124
19	209
19	212
19	242
19	243
19	245
19	250
19	251
19	320
19	383
19	385
19	412
19	477
19	491
19	499
19	582
19	609
19	630
19	656
19	790
19	807
19	827
19	829
19	923
20	25
20	29
20	31
20	38
20	46
20	60
20	69
20	78
20	94
20	95
20	111
20	117
20	229
20	269
20	285
20	296
20	301
20	322
20	344
20	353
20	404
20	407
20	411
20	474
20	554
20	584
20	603
20	615
20	635
20	651
20	723
20	815
20	844
20	907
20	919
21	24
21	32
21	49
21	93
21	96
21	105
21	140
21	145
21	201
21	205
21	256
21	266
21	304
21	309
21	352
21	416
21	417
21	423
21	434
21	436
21	438
21	468
21	487
21	512
21	527
21	562
21	627
21	704
21	755
21	760
21	806
21	901
21	905
21	949
21	969
22	23
22	32
22	47
22	52
22	73
22	92
22	113
22	118
22	161
22	193
22	196
22	209
22	225
22	231
22	252
22	254
22	262
22	296
22	324
22	377
22	383
22	385
22	421
22	429
22	456
22	498
22	602
22	701
22	704
22	756
22	785
22	811
22	871
22	929
23	47
23	55
23	59
23	73
23	76
23	80
23	92
23	97
23	106
23	113
23	161
23	209
23	225
23	243
23	250
23	251
23	252
23	296
23	318
23	324
23	350
23	385
23	404
23	409
23	427
23	477
23	574
23	698
23	762
23	820
23	821
23	827
23	929
23	944
24	32
24	49
24	56
24	57
24	61
24	72
24	79
24	90
24	102
24	123
24	148
24	167
24	193
24	219
24	261
24	300
24	332
24	354
24	401
24	423
24	457
24	471
24	473
24	581
24	600
24	618
24	678
24	796
24	969
24	990
25	26
25	38
25	109
25	143
25	163
25	219
25	223
25	238
25	306
25	325
25	333
25	403
25	425
25	449
25	458
25	480
25	485
25	510
25	556
25	627
25	631
25	646
25	670
25	690
25	749
25	785
25	847
25	902
25	949
26	37
26	57
26	79
26	126
26	129
26	133
26	146
26	162
26	163
26	223
26	262
26	297
26	314
26	321
26	378
26	470
26	559
26	560
26	568
26	598
26	615
26	624
26	902
26	917
26	975
26	995
27	40
27	67
27	77
27	108
27	119
27	144
27	147
27	180
27	198
27	206
27	228
27	251
27	253
27	269
27	340
27	433
27	562
27	596
27	617
27	641
27	701
27	714
27	772
27	861
27	897
27	942
27	957
27	967
27	968
27	981
28	39
28	50
28	68
28	81
28	110
28	114
28	141
28	231
28	240
28	244
28	270
28	282
28	288
28	299
28	356
28	358
28	394
28	398
28	428
28	441
28	442
28	489
28	546
28	589
28	608
28	645
28	663
28	669
28	742
28	845
29	31
29	38
29	52
29	69
29	76
29	116
29	120
29	125
29	128
29	148
29	215
29	229
29	269
29	285
29	335
29	339
29	380
29	472
29	476
29	513
29	525
29	528
29	566
29	600
29	635
29	661
29	943
29	996
29	1000
30	34
30	35
30	84
30	85
30	88
30	118
30	142
30	150
30	159
30	175
30	177
30	178
30	201
30	224
30	268
30	331
30	359
30	406
30	442
30	541
30	555
30	567
30	577
30	601
30	605
30	649
30	718
30	864
30	877
31	38
31	69
31	70
31	76
31	89
31	94
31	138
31	181
31	186
31	229
31	269
31	294
31	315
31	331
31	370
31	372
31	373
31	378
31	410
31	512
31	521
31	547
31	566
31	588
31	667
31	687
31	872
31	876
31	939
32	36
32	44
32	52
32	53
32	72
32	123
32	146
32	183
32	190
32	224
32	266
32	273
32	354
32	374
32	401
32	412
32	662
32	695
32	800
32	868
32	901
32	949
32	950
32	952
32	964
32	997
33	62
33	71
33	82
33	87
33	89
33	156
33	160
33	222
33	271
33	274
33	283
33	322
33	344
33	430
33	538
33	543
33	575
33	586
33	610
33	622
33	631
33	643
33	683
33	758
33	803
33	826
33	919
33	959
34	35
34	45
34	50
34	74
34	84
34	85
34	104
34	118
34	133
34	150
34	175
34	230
34	322
34	359
34	365
34	399
34	418
34	427
34	452
34	469
34	520
34	532
34	635
34	710
34	713
34	779
34	983
35	45
35	58
35	74
35	84
35	88
35	101
35	104
35	142
35	178
35	225
35	365
35	399
35	406
35	421
35	437
35	518
35	519
35	539
35	656
35	712
35	715
35	733
35	744
35	788
35	839
35	983
36	40
36	56
36	104
36	105
36	116
36	140
36	146
36	187
36	205
36	278
36	316
36	335
36	368
36	416
36	436
36	531
36	636
36	678
36	700
36	719
36	763
36	788
36	812
36	838
36	970
36	997
37	64
37	79
37	91
37	109
37	120
37	129
37	131
37	133
37	140
37	169
37	246
37	256
37	271
37	292
37	378
37	459
37	475
37	500
37	585
37	620
37	656
37	704
37	764
37	800
37	843
37	883
38	60
38	76
38	78
38	86
38	89
38	94
38	98
38	111
38	117
38	124
38	125
38	170
38	216
38	272
38	344
38	357
38	452
38	496
38	773
38	863
38	881
38	942
38	996
39	50
39	68
39	70
39	73
39	110
39	120
39	124
39	139
39	141
39	195
39	226
39	240
39	264
39	270
39	284
39	356
39	358
39	398
39	475
39	675
39	677
39	779
39	802
39	825
39	853
39	854
39	870
40	90
40	93
40	96
40	114
40	141
40	187
40	190
40	208
40	245
40	278
40	332
40	353
40	376
40	418
40	489
40	561
40	632
40	657
40	669
40	868
40	895
40	934
40	982
41	43
41	54
41	62
41	64
41	67
41	77
41	86
41	108
41	144
41	174
41	180
41	206
41	210
41	220
41	276
41	327
41	332
41	386
41	454
41	552
41	562
41	633
41	714
41	746
41	909
41	947
41	968
41	989
42	52
42	146
42	173
42	179
42	191
42	193
42	194
42	195
42	225
42	227
42	234
42	375
42	387
42	392
42	400
42	467
42	502
42	544
42	617
42	723
42	790
42	817
42	865
43	61
43	62
43	67
43	86
43	108
43	119
43	123
43	131
43	134
43	174
43	180
43	203
43	210
43	245
43	265
43	276
43	345
43	433
43	552
43	565
43	571
43	597
43	633
43	682
43	737
43	942
43	987
44	79
44	105
44	107
44	131
44	133
44	159
44	181
44	245
44	262
44	294
44	325
44	357
44	378
44	435
44	613
44	614
44	646
44	708
44	720
44	764
44	883
45	57
45	101
45	104
45	155
45	167
45	334
45	389
45	406
45	409
45	435
45	449
45	541
45	555
45	567
45	575
45	592
45	607
45	630
45	681
45	716
45	746
45	779
45	791
45	882
46	57
46	62
46	81
46	126
46	131
46	220
46	232
46	253
46	260
46	310
46	349
46	365
46	432
46	435
46	480
46	507
46	545
46	660
46	752
46	800
46	917
47	55
47	59
47	92
47	112
47	178
47	185
47	209
47	258
47	324
47	328
47	385
47	398
47	526
47	536
47	628
47	682
47	717
47	780
47	793
47	827
47	863
47	923
47	972
48	49
48	51
48	83
48	88
48	99
48	121
48	145
48	149
48	184
48	230
48	259
48	290
48	295
48	316
48	349
48	374
48	379
48	405
48	453
48	471
48	587
48	601
48	685
48	774
48	816
48	841
48	936
49	56
49	60
49	90
49	93
49	102
49	123
49	159
49	167
49	186
49	187
49	190
49	205
49	328
49	352
49	366
49	381
49	412
49	752
49	812
49	891
49	936
49	982
50	64
50	68
50	110
50	124
50	243
50	284
50	288
50	297
50	299
50	329
50	356
50	375
50	394
50	413
50	432
50	460
50	465
50	540
50	546
50	648
50	719
50	825
51	76
51	79
51	99
51	103
51	145
51	149
51	239
51	257
51	288
51	295
51	315
51	346
51	374
51	455
51	462
51	470
51	533
51	572
51	702
51	722
51	782
51	810
51	870
51	928
52	151
52	158
52	171
52	193
52	194
52	277
52	337
52	367
52	392
52	458
52	492
52	502
52	504
52	523
52	554
52	583
52	647
52	940
53	56
53	68
53	114
53	123
53	178
53	182
53	186
53	309
53	329
53	332
53	335
53	354
53	416
53	473
53	491
53	616
53	627
53	759
53	891
53	950
53	959
54	110
54	151
54	158
54	168
54	193
54	216
54	247
54	313
54	365
54	367
54	387
54	414
54	450
54	550
54	558
54	582
54	630
54	647
54	652
54	768
54	904
54	940
55	59
55	69
55	73
55	83
55	97
55	209
55	215
55	233
55	258
55	261
55	287
55	324
55	345
55	377
55	383
55	477
55	491
55	519
55	665
55	739
55	780
55	793
56	72
56	102
56	120
56	167
56	170
56	187
56	224
56	232
56	256
56	304
56	397
56	412
56	568
56	581
56	620
56	632
56	794
56	921
56	947
57	67
57	79
57	136
57	166
57	249
57	317
57	349
57	360
57	414
57	463
57	556
57	594
57	620
57	670
57	725
57	813
57	836
57	867
57	958
57	992
58	74
58	84
58	85
58	118
58	157
58	166
58	171
58	201
58	209
58	247
58	303
58	319
58	389
58	414
58	431
58	518
58	605
58	649
58	663
58	716
58	802
58	882
59	80
59	113
59	161
59	196
59	225
59	231
59	243
59	374
59	391
59	501
59	506
59	553
59	698
59	727
59	756
59	804
59	840
59	895
59	928
59	937
59	989
60	117
60	119
60	128
60	138
60	160
60	185
60	188
60	204
60	290
60	301
60	327
60	339
60	357
60	372
60	404
60	460
60	612
60	629
60	706
60	864
60	908
61	63
61	69
61	86
61	121
61	122
61	127
61	165
61	177
61	189
61	195
61	280
61	289
61	330
61	336
61	395
61	422
61	586
61	666
61	673
61	852
61	876
62	67
62	77
62	86
62	108
62	119
62	144
62	147
62	158
62	174
62	228
62	317
62	386
62	538
62	571
62	618
62	621
62	691
62	897
63	65
63	139
63	162
63	172
63	177
63	195
63	229
63	302
63	330
63	361
63	366
63	434
63	458
63	537
63	570
63	770
63	787
63	835
63	953
63	998
64	109
64	119
64	129
64	133
64	164
64	219
64	306
64	431
64	500
64	508
64	660
64	671
64	805
64	809
64	817
64	858
64	899
64	910
64	988
65	138
65	162
65	177
65	202
65	280
65	287
65	300
65	326
65	388
65	422
65	531
65	549
65	611
65	623
65	666
65	667
65	696
65	835
65	848
65	949
66	68
66	109
66	139
66	143
66	163
66	164
66	253
66	341
66	504
66	545
66	587
66	699
66	708
66	778
66	781
66	792
66	839
66	883
66	917
67	77
67	121
67	136
67	253
67	268
67	276
67	433
67	462
67	473
67	479
67	511
67	618
67	689
67	861
67	911
67	942
67	971
67	989
68	110
68	141
68	244
68	284
68	320
68	345
68	419
68	442
68	514
68	626
68	629
68	640
68	648
68	870
68	991
69	98
69	100
69	111
69	138
69	143
69	170
69	229
69	318
69	326
69	327
69	372
69	476
69	524
69	535
69	777
69	864
69	915
70	95
70	111
70	148
70	170
70	281
70	298
70	301
70	308
70	403
70	426
70	504
70	542
70	548
70	613
70	625
70	639
70	766
70	773
70	842
70	947
71	112
71	131
71	156
71	176
71	222
71	272
71	283
71	286
71	343
71	373
71	560
71	591
71	619
71	631
71	653
71	724
71	865
71	948
71	958
71	980
72	96
72	102
72	104
72	114
72	123
72	152
72	158
72	190
72	256
72	416
72	501
72	678
72	765
72	794
72	838
72	905
72	921
72	998
73	92
73	97
73	113
73	172
73	185
73	225
73	231
73	242
73	243
73	250
73	254
73	499
73	522
73	665
73	698
73	923
74	79
74	133
74	141
74	150
74	175
74	239
74	290
74	303
74	359
74	367
74	380
74	406
74	489
74	520
74	567
74	576
74	769
75	122
75	132
75	202
75	237
75	279
75	311
75	326
75	330
75	361
75	410
75	481
75	550
75	559
75	638
75	652
75	669
75	684
75	783
75	998
76	98
76	125
76	136
76	204
76	215
76	285
76	342
76	357
76	410
76	525
76	625
76	781
76	806
76	880
76	972
77	147
77	174
77	205
77	210
77	276
77	320
77	340
77	345
77	364
77	445
77	567
77	725
77	897
77	909
77	956
77	962
78	107
78	112
78	128
78	148
78	206
78	221
78	316
78	351
78	426
78	474
78	485
78	521
78	612
78	637
78	667
78	767
78	970
78	994
79	96
79	109
79	129
79	163
79	181
79	197
79	219
79	262
79	299
79	998
80	83
80	97
80	111
80	116
80	202
80	215
80	254
80	296
80	501
80	553
80	623
80	717
80	732
80	756
80	780
80	781
80	786
80	944
81	102
81	111
81	112
81	116
81	117
81	119
81	207
81	267
81	273
81	310
81	347
81	377
81	384
81	399
81	590
81	595
81	638
81	853
81	924
82	112
82	119
82	176
82	194
82	286
82	293
82	347
82	430
82	619
82	643
82	677
82	724
82	758
82	826
82	885
82	886
82	979
82	991
83	131
83	145
83	149
83	171
83	184
83	230
83	241
83	315
83	470
83	533
83	561
83	572
83	685
83	722
83	827
83	830
83	841
83	874
84	88
84	101
84	118
84	153
84	155
84	201
84	218
84	259
84	273
84	421
84	520
84	645
84	822
84	925
84	952
85	112
85	155
85	157
85	165
85	178
85	217
85	239
85	288
85	303
85	409
85	427
85	622
85	715
85	807
85	984
86	108
86	134
86	144
86	147
86	166
86	174
86	203
86	206
86	265
86	317
86	436
86	479
86	911
86	915
86	982
87	154
87	156
87	165
87	202
87	271
87	286
87	362
87	430
87	450
87	469
87	484
87	509
87	560
87	573
87	626
87	631
87	797
87	959
88	101
88	104
88	142
88	218
88	247
88	250
88	290
88	365
88	663
88	709
88	761
88	788
88	799
88	820
88	900
89	95
89	100
89	111
89	122
89	159
89	259
89	272
89	275
89	285
89	437
89	466
89	636
89	773
89	815
89	984
89	999
90	93
90	105
90	114
90	140
90	157
90	211
90	224
90	226
90	353
90	368
90	376
90	390
90	418
90	448
90	909
91	103
91	105
91	174
91	182
91	254
91	292
91	314
91	339
91	350
91	458
91	531
91	533
91	556
91	727
91	801
92	123
92	196
92	209
92	241
92	250
92	251
92	258
92	582
92	604
92	863
92	872
92	928
92	964
92	974
93	160
93	187
93	256
93	266
93	332
93	376
93	416
93	418
93	779
93	786
93	798
93	893
93	964
94	117
94	128
94	191
94	221
94	229
94	264
94	269
94	285
94	308
94	339
94	380
94	522
94	900
94	931
94	968
95	111
95	170
95	192
95	204
95	272
95	339
95	344
95	363
95	454
95	494
95	522
95	635
95	880
95	993
95	999
96	148
96	167
96	186
96	208
96	240
96	261
96	440
96	488
96	627
96	636
96	763
96	868
96	933
97	161
97	209
97	242
97	251
97	254
97	300
97	429
97	477
97	500
97	609
97	693
97	757
97	863
97	875
97	910
98	100
98	107
98	269
98	272
98	279
98	305
98	353
98	373
98	424
98	447
98	931
98	948
98	994
98	1000
99	130
99	150
99	230
99	295
99	379
99	431
99	515
99	551
99	674
99	759
99	771
99	810
99	815
99	857
99	869
99	874
99	945
100	166
100	170
100	188
100	259
100	275
100	281
100	350
100	496
100	637
100	669
101	130
101	166
101	175
101	177
101	239
101	319
101	389
101	520
101	577
101	710
101	716
101	935
101	945
101	984
102	181
102	186
102	214
102	224
102	236
102	309
102	521
102	621
102	657
102	857
102	895
102	916
103	130
103	149
103	171
103	200
103	203
103	231
103	233
103	241
103	338
103	382
103	424
103	446
103	470
103	771
103	774
103	960
104	150
104	152
104	159
104	178
104	218
104	319
104	399
104	472
104	530
104	592
104	882
105	335
105	340
105	360
105	379
105	390
105	461
105	616
105	856
105	872
105	947
106	139
106	159
106	177
106	260
106	273
106	311
106	407
106	601
106	696
106	736
106	753
106	857
106	873
107	131
107	283
107	294
107	393
107	419
107	517
107	578
107	579
107	620
107	671
107	699
107	799
107	850
108	135
108	147
108	324
108	445
108	604
108	618
108	665
108	701
108	714
108	785
108	906
108	911
108	968
109	126
109	152
109	198
109	267
109	305
109	492
109	493
109	521
109	740
109	750
109	896
109	988
110	122
110	185
110	282
110	299
110	302
110	358
110	419
110	428
110	648
110	687
110	734
110	870
111	117
111	189
111	255
111	303
111	339
111	467
111	651
111	781
111	898
112	152
112	271
112	283
112	286
112	373
112	417
112	741
112	812
112	826
112	886
113	185
113	207
113	227
113	252
113	296
113	382
113	422
113	464
113	499
113	726
113	828
113	829
114	135
114	182
114	208
114	340
114	351
114	360
114	488
114	583
114	662
114	664
114	966
114	977
115	130
115	151
115	191
115	194
115	217
115	234
115	367
115	387
115	553
115	617
115	814
115	946
115	954
116	123
116	205
116	208
116	389
116	390
116	534
116	561
116	600
116	657
116	695
116	789
116	832
117	149
117	391
117	404
117	437
117	448
117	496
117	522
117	637
117	651
117	670
117	856
118	150
118	290
118	303
118	323
118	369
118	409
118	427
118	503
118	555
118	696
118	718
119	144
119	203
119	210
119	338
119	641
119	673
119	844
119	861
119	897
119	951
120	181
120	238
120	333
120	414
120	432
120	524
120	564
120	624
120	832
120	843
120	955
121	139
121	195
121	248
121	302
121	351
121	422
121	528
121	586
121	601
121	611
121	686
121	693
121	696
121	969
122	177
122	234
122	248
122	302
122	366
122	434
122	437
122	537
122	569
122	574
122	751
122	805
123	236
123	256
123	261
123	334
123	360
123	412
123	489
123	848
124	240
124	264
124	275
124	282
124	288
124	299
124	428
124	465
124	629
124	639
124	959
125	259
125	281
125	357
125	388
125	452
125	580
125	699
125	748
125	781
125	910
125	966
125	996
126	133
126	143
126	152
126	153
126	235
126	283
126	293
126	294
126	378
126	488
126	517
126	522
127	202
127	268
127	280
127	311
127	330
127	351
127	426
127	585
127	783
127	796
127	808
128	158
128	342
128	391
128	398
128	495
128	625
128	706
128	766
128	925
129	154
129	213
129	262
129	310
129	314
129	336
129	545
129	604
129	775
129	842
130	145
130	171
130	173
130	184
130	200
130	233
130	257
130	379
130	402
130	453
130	455
130	740
131	133
131	143
131	198
131	294
131	331
131	336
131	406
131	559
132	162
132	319
132	415
132	434
132	457
132	481
132	535
132	542
132	596
132	715
132	728
132	751
133	171
133	232
133	262
133	432
133	504
133	624
133	745
134	144
134	147
134	228
134	250
134	253
134	271
134	287
134	433
134	776
134	834
134	951
134	981
134	993
135	177
135	189
135	195
135	202
135	254
135	280
135	361
135	415
135	434
135	659
135	758
135	824
136	152
136	169
136	314
136	502
136	643
136	650
136	676
136	804
136	814
137	199
137	260
137	311
137	318
137	342
137	397
137	653
137	678
137	737
137	770
137	878
138	219
138	225
138	348
138	521
138	522
138	574
138	700
138	773
138	849
138	943
139	219
139	237
139	302
139	349
139	483
139	565
139	666
139	857
140	334
140	352
140	354
140	360
140	488
140	531
140	547
140	768
140	888
141	197
141	332
141	394
141	428
141	465
141	629
141	756
141	775
141	890
142	150
142	178
142	277
142	319
142	421
142	576
142	581
142	680
142	922
142	961
143	153
143	207
143	341
143	420
143	423
143	425
143	590
143	650
143	871
144	228
144	408
144	485
144	557
144	633
144	673
144	967
144	993
145	257
145	295
145	315
145	348
145	374
145	455
145	649
145	745
145	960
146	179
146	251
146	506
146	544
146	634
146	817
146	823
146	826
147	200
147	228
147	345
147	399
147	433
147	487
147	507
147	562
147	689
148	227
148	229
148	298
148	344
148	348
148	512
148	607
148	773
148	880
148	884
149	307
149	346
149	685
149	702
149	741
149	806
149	858
149	913
149	936
149	941
150	239
150	254
150	427
150	518
150	539
150	675
150	859
150	894
151	166
151	216
151	402
151	444
151	452
151	558
151	594
151	617
151	925
152	211
152	597
152	655
152	669
152	709
152	752
152	883
152	894
153	220
153	293
153	459
153	511
153	642
153	723
153	747
153	974
154	197
154	274
154	344
154	347
154	430
154	503
154	626
154	797
154	886
154	965
154	973
154	976
155	272
155	302
155	680
155	713
155	731
155	791
155	799
155	877
155	887
155	935
155	963
156	205
156	274
156	283
156	560
156	570
156	610
156	624
156	700
156	803
156	928
156	979
157	201
157	303
157	319
157	320
157	576
157	713
157	716
157	900
158	168
158	179
158	191
158	193
158	277
158	313
158	363
158	723
158	783
159	227
159	333
159	414
159	510
159	598
159	804
160	232
160	326
160	342
160	380
160	467
160	819
160	849
160	884
160	994
160	1000
161	376
161	451
161	536
161	599
161	680
161	694
161	733
161	756
161	974
162	169
162	241
162	438
162	570
162	754
162	770
162	787
162	983
163	268
163	301
163	393
163	432
163	500
163	509
163	526
163	597
163	606
163	630
164	420
164	482
164	490
164	500
164	606
164	654
164	676
164	699
164	764
164	957
164	990
165	195
165	306
165	457
165	549
165	569
165	682
165	686
165	835
166	291
166	304
166	325
166	451
166	453
166	465
166	558
167	215
167	224
167	280
167	328
167	370
167	461
167	813
167	888
167	990
168	173
168	179
168	191
168	367
168	392
168	443
168	489
168	652
168	732
168	860
169	245
169	393
169	511
169	602
169	683
169	697
169	839
169	961
170	279
170	284
170	486
170	535
170	580
170	748
170	907
171	315
171	346
171	379
171	694
171	722
171	810
171	816
172	202
172	237
172	272
172	355
172	438
172	483
172	537
172	684
172	803
172	932
172	955
173	323
173	341
173	450
173	451
173	523
173	723
173	859
173	926
173	975
174	175
174	228
174	253
174	325
174	439
174	967
174	993
175	287
175	399
175	427
175	530
175	579
175	621
175	710
175	744
176	214
176	222
176	226
176	362
176	484
176	503
176	745
176	886
176	906
176	921
177	388
177	395
177	398
177	542
178	201
178	348
178	389
178	576
178	649
179	193
179	343
179	672
179	674
179	728
179	828
180	203
180	228
180	264
180	317
180	340
180	433
180	532
180	552
180	605
180	633
181	293
181	352
181	439
181	533
181	604
181	735
182	205
182	224
182	401
182	473
182	527
182	589
182	802
182	822
182	862
183	198
183	301
183	417
183	538
183	610
183	619
183	622
183	869
183	885
183	906
183	979
184	200
184	233
184	262
184	263
184	307
184	446
184	572
184	628
184	765
184	909
185	263
185	385
185	456
185	551
185	727
185	729
185	793
185	923
186	263
186	381
186	423
186	453
186	468
186	581
186	846
186	848
187	190
187	236
187	481
187	487
187	581
187	640
187	852
187	905
188	199
188	305
188	312
188	353
188	413
188	529
188	588
188	695
188	706
188	889
189	197
189	311
189	355
189	388
189	436
189	549
189	611
189	684
189	686
189	932
190	208
190	401
190	436
190	527
190	546
190	841
190	859
190	886
191	270
191	430
191	853
192	249
192	289
192	324
192	347
192	396
192	521
192	648
192	736
192	873
193	197
193	633
193	930
194	234
194	378
194	487
194	634
194	821
194	961
195	268
195	549
195	754
195	878
196	242
196	320
196	354
196	477
196	486
196	498
196	499
196	693
196	786
196	943
197	267
197	297
197	367
197	377
197	524
197	907
198	439
198	510
198	578
198	671
199	246
199	306
199	403
199	414
199	484
199	564
199	707
199	818
200	257
200	300
200	405
200	424
200	510
200	702
200	874
200	945
201	208
201	296
201	494
201	791
201	882
201	922
202	234
202	364
202	543
202	753
202	824
203	253
203	276
203	497
203	516
203	610
203	673
203	714
204	217
204	301
204	407
204	452
204	747
204	782
204	927
204	951
204	957
205	226
205	299
205	304
205	950
205	966
206	276
206	340
206	412
206	701
206	746
206	833
206	981
207	238
207	241
207	246
207	310
207	403
207	414
207	579
207	646
207	929
208	248
208	381
208	487
208	706
208	939
209	250
209	295
209	296
209	540
210	250
210	434
210	552
210	571
210	655
210	772
210	1000
211	316
211	331
211	357
211	431
211	492
211	507
211	598
211	712
211	800
212	231
212	236
212	254
212	501
212	628
212	710
212	711
212	761
212	762
212	790
212	840
213	223
213	238
213	246
213	336
213	371
213	513
213	608
213	674
213	749
213	871
214	301
214	339
214	370
214	372
214	391
214	413
214	548
214	563
214	603
214	819
215	236
215	254
215	324
215	382
215	602
215	730
215	893
216	300
216	320
216	379
216	400
216	523
216	904
217	348
217	350
217	406
217	410
217	547
217	584
217	777
217	937
218	239
218	316
218	469
218	551
218	592
218	724
218	820
218	985
219	650
219	689
219	749
220	306
220	517
220	626
220	640
220	850
220	988
221	312
221	474
221	540
221	683
221	755
221	777
221	854
221	860
222	274
222	362
222	442
222	560
222	700
222	810
222	938
222	973
223	306
223	420
223	482
223	550
223	591
223	642
223	692
223	742
223	987
224	468
224	473
224	622
224	964
224	997
225	258
225	435
225	491
225	599
225	821
226	335
226	561
226	705
226	830
226	862
226	933
226	969
226	990
227	306
227	448
227	640
227	656
227	725
227	747
227	992
228	276
228	601
228	870
229	413
229	972
229	973
230	307
230	362
230	391
230	533
230	806
230	913
231	322
231	693
231	727
231	732
231	846
232	463
232	597
232	721
232	851
232	941
233	295
233	346
233	374
233	405
233	515
233	569
234	341
234	450
234	942
235	297
235	306
235	396
235	441
235	447
235	712
235	867
236	328
236	534
236	593
236	891
236	914
237	255
237	280
237	300
237	483
237	565
237	774
237	904
238	443
238	448
238	676
238	830
238	986
239	359
239	609
239	680
239	911
240	299
240	337
240	358
240	442
240	460
240	572
241	338
241	453
241	533
241	740
241	771
241	841
242	243
242	252
242	263
242	514
242	609
242	654
242	834
243	422
243	468
243	553
243	672
244	288
244	460
244	481
244	555
244	675
244	742
244	814
244	854
245	321
245	482
245	507
245	978
246	256
246	333
246	505
246	655
246	743
246	902
247	341
247	390
247	506
247	679
247	823
247	926
248	287
248	451
248	537
248	550
248	668
249	405
249	526
249	578
249	603
249	749
249	831
249	986
250	395
250	762
250	811
251	377
251	498
251	727
251	851
251	888
252	291
252	307
252	377
252	398
252	553
252	579
253	317
253	479
253	842
253	903
254	382
254	944
255	397
255	528
255	535
255	856
255	932
255	998
256	333
256	695
256	977
257	444
257	525
257	551
257	651
257	765
257	809
257	945
258	291
258	577
258	582
258	595
258	642
258	786
258	916
259	272
259	305
259	372
259	384
259	547
259	815
260	289
260	416
260	543
260	596
260	738
260	815
261	277
261	309
261	361
261	488
261	703
261	872
262	513
262	688
262	731
263	377
263	382
263	491
263	628
263	751
263	920
264	286
264	358
264	442
264	825
264	991
265	290
265	345
265	418
265	562
265	673
265	833
265	987
266	268
266	489
266	523
266	703
266	964
266	971
267	447
267	494
267	660
267	761
267	847
267	913
268	340
268	503
268	733
268	965
269	273
269	612
269	613
269	884
270	329
270	475
270	639
270	648
270	688
270	808
271	373
271	417
271	700
271	712
271	965
272	279
272	495
273	338
273	368
273	436
273	603
273	823
274	408
274	478
274	516
274	653
275	308
275	342
275	348
275	713
275	819
275	937
276	660
276	662
276	691
277	532
277	652
277	996
278	288
278	299
278	442
278	625
278	675
278	845
278	890
279	357
279	648
279	766
279	837
280	583
280	638
280	770
280	852
281	301
281	354
281	397
281	661
281	764
281	939
282	297
282	394
282	400
282	508
282	608
282	677
283	362
283	416
283	484
283	573
284	358
284	404
284	589
284	795
284	845
284	924
285	452
285	488
285	708
285	898
286	552
286	631
286	797
286	943
287	330
287	384
287	434
287	763
287	855
288	647
288	734
289	355
289	364
289	644
289	787
289	795
289	880
290	399
290	406
290	539
290	541
291	384
291	429
291	628
291	693
291	730
291	767
291	829
292	321
292	441
292	697
292	711
292	721
292	744
292	772
293	346
293	456
293	494
293	568
293	590
293	778
294	331
294	443
294	869
295	455
295	662
295	774
295	988
296	383
296	717
296	739
297	419
297	475
297	557
297	675
298	370
298	404
298	472
298	611
298	668
298	811
298	972
299	775
299	897
300	441
300	807
301	849
302	361
302	623
302	638
303	331
303	530
303	621
303	739
304	309
304	380
304	644
304	830
304	895
305	612
305	767
305	837
305	848
306	692
307	338
307	446
307	567
307	615
307	759
308	454
308	466
308	547
308	884
308	954
309	416
309	455
309	883
310	563
310	606
310	665
310	918
311	383
311	620
311	981
312	372
312	391
312	514
312	603
312	640
312	667
312	698
313	444
313	634
313	836
313	982
314	451
314	892
314	917
314	955
315	359
315	572
315	653
315	774
316	449
316	478
316	598
316	680
317	462
317	641
317	837
317	875
318	407
318	542
318	585
318	754
318	793
319	505
320	519
320	747
320	971
321	363
321	495
321	836
321	858
321	859
322	370
322	684
322	803
322	948
323	618
323	647
323	717
323	912
323	946
324	377
324	498
325	425
325	559
325	588
325	956
326	375
326	521
326	842
326	937
326	1000
327	329
327	344
327	370
327	420
327	476
327	613
328	449
328	461
328	527
328	719
328	914
329	356
329	514
329	639
329	977
329	991
330	741
330	840
331	463
331	504
331	910
332	593
332	669
332	949
333	869
333	987
334	440
334	471
334	497
334	644
334	933
335	360
335	497
335	703
335	771
336	484
336	654
336	676
337	401
337	493
337	743
337	954
338	346
338	374
338	446
338	587
339	370
339	965
340	658
340	903
341	652
342	435
342	478
342	496
342	837
343	413
343	486
343	578
343	630
343	792
343	845
344	357
344	838
345	445
345	691
345	989
346	405
346	515
347	408
347	626
347	724
347	979
348	353
348	411
348	580
349	431
349	606
349	831
349	894
350	410
350	588
350	651
350	976
350	991
351	397
351	808
351	903
352	430
352	636
352	640
352	952
353	467
353	495
353	496
354	360
354	400
354	488
355	537
355	726
355	738
355	879
355	917
356	358
356	419
356	668
356	681
356	801
357	775
358	931
358	974
359	614
359	663
359	994
360	446
360	593
361	410
361	726
361	881
361	922
362	643
362	776
362	973
363	444
363	554
363	562
364	481
364	542
364	668
365	541
365	607
365	716
366	490
366	736
366	763
367	532
367	554
368	394
368	585
368	600
368	798
369	411
369	459
369	620
369	731
369	748
369	896
370	860
370	997
371	448
371	555
371	624
371	731
371	933
372	403
372	540
373	584
373	812
373	959
374	470
375	444
375	634
376	509
376	636
376	856
376	977
378	473
379	913
380	540
380	879
381	474
381	644
381	714
381	982
382	383
382	893
382	922
383	739
383	793
384	490
384	543
384	729
385	486
385	563
386	469
386	691
386	834
386	945
386	987
387	393
387	768
387	908
387	930
388	542
388	663
389	409
389	421
389	577
390	678
390	796
391	413
391	879
392	445
392	532
392	534
393	403
393	478
393	492
393	596
394	419
394	429
394	514
395	422
395	684
395	737
395	750
396	424
396	508
396	543
396	720
397	422
397	477
397	873
398	470
398	572
400	450
400	497
401	471
401	511
401	760
402	420
402	425
402	441
402	505
402	711
402	891
403	692
403	778
404	842
405	515
405	587
405	864
406	882
407	666
407	873
407	907
408	430
408	573
408	741
409	427
409	456
409	637
410	411
410	651
411	491
411	522
411	907
412	914
413	466
413	563
414	738
415	433
415	490
415	543
415	565
417	762
417	865
418	531
418	868
419	442
419	457
420	556
420	905
420	978
421	505
421	681
422	736
423	436
423	872
423	896
423	921
424	478
424	630
424	850
425	570
425	642
425	752
426	495
426	557
426	566
426	894
427	492
428	475
428	890
429	486
429	827
429	828
429	913
430	683
431	690
432	459
432	978
433	924
434	478
435	453
435	501
435	780
436	798
437	482
437	588
437	635
437	884
438	535
438	548
438	783
438	876
439	463
439	545
439	660
439	983
439	986
440	516
440	789
440	994
441	556
441	694
443	545
443	654
443	894
444	912
444	985
445	833
445	834
445	962
445	967
446	516
446	533
446	782
447	479
447	509
447	699
447	776
447	867
448	559
448	686
448	804
449	656
449	776
449	785
450	558
451	480
451	877
452	454
452	548
453	551
453	702
454	466
454	948
455	831
455	936
456	599
456	694
456	980
457	729
457	787
458	908
458	966
459	463
459	511
459	605
460	677
460	777
461	575
461	632
462	701
462	720
462	909
462	953
463	839
463	953
464	602
464	709
464	720
464	749
464	899
465	475
465	674
465	677
466	677
466	715
466	915
467	472
467	879
467	999
468	586
468	822
468	916
469	788
469	817
470	782
471	632
471	664
471	757
472	525
472	613
472	963
473	971
474	529
474	687
476	963
477	851
478	808
479	705
479	789
479	911
480	672
480	892
481	528
482	892
482	902
483	547
483	685
483	729
483	763
484	919
485	658
485	667
485	859
485	865
486	694
486	920
487	534
489	583
490	512
490	611
491	828
492	524
492	671
493	544
493	634
493	903
494	688
495	841
495	931
496	634
496	819
497	658
497	746
497	993
498	501
498	619
499	580
499	595
499	730
500	941
501	628
502	558
502	817
502	934
503	591
503	797
504	524
505	935
505	988
506	646
506	930
507	508
507	690
507	918
508	711
508	712
508	871
509	606
509	670
510	526
510	527
511	761
511	792
512	687
512	767
512	927
513	590
513	642
513	832
514	742
515	614
515	806
515	956
516	662
516	666
516	946
517	955
518	520
518	839
518	922
519	595
519	730
519	780
519	893
520	784
523	538
524	568
524	776
525	846
525	955
525	957
526	831
526	873
527	530
527	950
528	660
528	751
529	563
529	791
529	864
529	939
530	607
530	704
531	664
531	895
532	679
534	657
536	790
536	825
536	920
536	928
536	974
537	878
538	700
538	906
538	938
539	645
539	757
540	844
540	972
541	643
541	980
541	984
542	586
543	889
544	730
545	899
546	557
546	589
547	635
548	687
548	930
548	957
549	679
549	682
550	686
550	857
551	685
551	782
552	658
553	733
553	847
555	575
555	681
556	766
557	802
558	904
559	869
561	614
563	667
564	685
564	710
564	962
564	986
565	574
565	981
566	580
566	919
567	715
568	646
568	708
569	736
569	784
569	970
570	753
571	670
571	714
573	591
573	622
574	770
575	621
576	605
577	663
578	594
579	992
580	963
581	755
582	672
582	674
583	703
583	719
584	999
587	816
587	850
588	898
589	707
590	814
590	892
591	619
591	643
592	801
593	600
593	927
594	696
595	672
595	733
596	855
597	792
598	747
598	899
599	602
599	914
599	929
601	619
602	790
604	676
607	713
608	775
608	996
609	758
609	821
610	865
610	900
611	805
612	860
614	703
614	722
615	650
615	735
616	650
616	740
616	760
616	769
618	689
621	807
623	855
623	932
624	978
625	691
625	748
626	885
627	789
627	934
629	647
632	811
632	867
633	989
637	671
637	970
638	668
638	777
639	787
641	705
641	962
641	985
642	818
644	706
644	755
645	799
645	975
649	820
653	803
654	752
654	767
655	772
655	861
655	953
657	822
657	901
658	705
659	738
659	835
659	951
661	798
661	918
661	927
661	976
662	673
664	760
664	769
665	732
665	875
666	784
670	995
671	902
672	694
675	716
676	735
679	744
681	825
682	784
683	812
687	706
688	697
688	818
689	746
690	712
691	833
695	830
696	881
697	709
697	866
698	840
698	846
701	953
702	765
702	796
703	978
704	800
704	986
705	772
705	976
707	854
707	958
708	785
709	901
711	754
715	887
717	980
718	751
718	799
718	887
719	862
721	822
721	946
722	745
729	754
731	892
732	786
734	816
734	838
738	766
739	934
740	809
741	938
743	975
744	985
745	816
748	871
750	769
750	916
757	888
757	997
758	965
759	809
759	960
761	910
762	846
764	791
768	946
771	874
778	896
779	788
783	862
784	798
789	878
792	818
794	901
795	889
795	958
796	891
801	924
805	889
809	960
810	832
811	875
813	877
813	934
819	938
821	875
824	845
828	962
829	995
831	847
833	951
834	937
837	963
838	848
840	980
844	880
849	999
851	863
851	920
858	956
860	948
861	862
866	941
868	874
879	915
881	932
887	983
889	940
890	923
890	992
893	929
896	898
898	915
903	968
914	933
916	926
935	985
936	984
939	943
940	960
952	990
954	975
970	976
