1	11
1	12
1	17
1	21
1	32
1	33
1	43
1	51
1	53
1	55
1	56
1	58
1	66
1	69
1	93
1	102
1	104
1	114
1	131
1	135
1	154
1	187
1	190
1	203
1	206
1	220
1	273
1	335
1	370
1	395
1	435
1	442
1	454
1	545
1	550
1	565
1	604
1	605
1	628
1	659
1	684
1	751
1	793
1	839
1	852
1	858
1	882
1	919
1	970
1	977
2	8
2	9
2	12
2	13
2	15
2	34
2	52
2	63
2	65
2	74
2	76
2	81
2	95
2	103
2	120
2	122
2	127
2	139
2	144
2	145
2	170
2	181
2	201
2	202
2	305
2	340
2	349
2	363
2	393
2	429
2	440
2	443
2	495
2	504
2	537
2	594
2	601
2	665
2	690
2	713
2	748
2	849
2	860
2	872
2	906
2	910
2	960
2	961
3	6
3	8
3	9
3	19
3	24
3	37
3	41
3	45
3	53
3	65
3	85
3	109
3	115
3	140
3	143
3	156
3	157
3	183
3	215
3	216
3	226
3	245
3	251
3	275
3	284
3	310
3	329
3	361
3	365
3	422
3	447
3	450
3	451
3	481
3	485
3	518
3	538
3	551
3	703
3	718
3	728
3	774
3	812
3	898
3	989
4	19
4	28
4	39
4	44
4	47
4	71
4	74
4	81
4	107
4	133
4	194
4	215
4	235
4	244
4	269
4	270
4	287
4	309
4	313
4	339
4	362
4	388
4	394
4	424
4	434
4	458
4	476
4	496
4	510
4	577
4	602
4	625
4	646
4	702
4	713
4	827
4	828
4	872
4	907
4	968
4	989
4	997
5	7
5	12
5	18
5	27
5	29
5	33
5	44
5	57
5	81
5	91
5	106
5	120
5	133
5	171
5	176
5	186
5	189
5	193
5	201
5	229
5	232
5	237
5	262
5	293
5	359
5	369
5	399
5	401
5	459
5	522
5	552
5	583
5	634
5	695
5	710
5	722
5	727
5	740
5	799
5	818
5	842
5	855
6	10
6	13
6	14
6	17
6	18
6	19
6	44
6	45
6	53
6	69
6	74
6	109
6	132
6	140
6	156
6	177
6	183
6	196
6	208
6	217
6	272
6	283
6	310
6	462
6	471
6	501
6	514
6	538
6	542
6	632
6	657
6	718
6	826
6	923
6	934
6	947
6	970
6	975
6	999
7	13
7	18
7	23
7	27
7	28
7	41
7	42
7	81
7	94
7	96
7	106
7	115
7	172
7	176
7	185
7	237
7	306
7	369
7	374
7	378
7	418
7	421
7	451
7	480
7	539
7	541
7	572
7	595
7	603
7	604
7	715
7	795
7	857
7	863
7	908
7	941
7	961
7	995
8	16
8	34
8	37
8	52
8	53
8	55
8	56
8	105
8	125
8	160
8	161
8	180
8	182
8	197
8	221
8	222
8	304
8	358
8	408
8	425
8	465
8	514
8	566
8	585
8	587
8	594
8	678
8	682
8	750
8	819
8	822
8	858
8	869
8	871
8	891
8	930
9	12
9	13
9	16
9	21
9	29
9	33
9	58
9	63
9	80
9	91
9	98
9	108
9	113
9	191
9	200
9	213
9	238
9	267
9	286
9	294
9	307
9	314
9	398
9	403
9	448
9	535
9	624
9	646
9	768
9	801
9	896
9	943
9	963
9	984
10	14
10	49
10	65
10	66
10	75
10	79
10	98
10	151
10	168
10	192
10	198
10	231
10	233
10	239
10	281
10	308
10	325
10	328
10	331
10	370
10	415
10	436
10	466
10	528
10	586
10	612
10	651
10	719
10	763
10	784
10	906
10	947
10	953
10	954
11	30
11	35
11	70
11	71
11	85
11	103
11	104
11	129
11	197
11	208
11	234
11	239
11	269
11	279
11	326
11	329
11	356
11	401
11	407
11	438
11	530
11	578
11	589
11	633
11	662
11	714
11	726
11	762
11	770
11	796
11	854
11	905
12	29
12	63
12	83
12	108
12	113
12	117
12	256
12	314
12	319
12	339
12	355
12	357
12	398
12	421
12	431
12	443
12	448
12	482
12	496
12	624
12	644
12	672
12	716
12	759
12	801
12	848
12	911
12	943
13	15
13	18
13	24
13	73
13	76
13	95
13	163
13	171
13	175
13	201
13	238
13	291
13	335
13	368
13	402
13	457
13	469
13	487
13	488
13	571
13	572
13	637
13	713
13	902
13	906
13	910
13	928
13	995
14	71
14	75
14	104
14	132
14	147
14	158
14	163
14	188
14	192
14	212
14	226
14	247
14	277
14	288
14	321
14	366
14	389
14	402
14	511
14	513
14	612
14	668
14	732
14	754
14	789
14	833
14	950
14	982
14	990
15	62
15	72
15	76
15	81
15	94
15	95
15	144
15	208
15	228
15	275
15	296
15	321
15	335
15	349
15	363
15	368
15	397
15	429
15	487
15	504
15	528
15	614
15	637
15	709
15	783
15	844
15	952
15	996
16	34
16	38
16	41
16	52
16	74
16	125
16	161
16	199
16	210
16	221
16	222
16	224
16	233
16	260
16	299
16	413
16	435
16	478
16	505
16	566
16	580
16	582
16	652
16	683
16	781
16	871
16	938
16	955
17	21
17	42
17	53
17	58
17	62
17	84
17	131
17	135
17	160
17	161
17	164
17	168
17	190
17	192
17	203
17	211
17	238
17	247
17	405
17	415
17	439
17	550
17	565
17	615
17	843
17	945
17	993
18	41
18	64
18	81
18	101
18	189
18	228
18	232
18	262
18	275
18	287
18	299
18	386
18	427
18	455
18	505
18	520
18	608
18	641
18	661
18	755
18	807
18	837
18	869
18	978
19	46
19	65
19	109
19	140
19	146
19	229
19	283
19	355
19	362
19	423
19	472
19	482
19	502
19	517
19	549
19	610
19	623
19	698
19	703
19	745
19	880
19	885
19	898
19	924
20	22
20	48
20	57
20	67
20	104
20	122
20	126
20	212
20	292
20	302
20	305
20	320
20	332
20	357
20	414
20	449
20	454
20	470
20	471
20	516
20	637
20	670
20	729
20	759
20	817
20	871
20	874
21	33
21	37
21	47
21	62
21	84
21	86
21	95
21	190
21	206
21	247
21	303
21	330
21	365
21	454
21	515
21	545
21	579
21	600
21	609
21	712
21	745
21	850
21	970
21	973
22	68
22	73
22	87
22	88
22	152
22	170
22	174
22	218
22	239
22	266
22	277
22	324
22	395
22	450
22	496
22	516
22	554
22	582
22	723
22	724
22	725
22	729
22	779
22	816
22	873
23	32
23	34
23	43
23	73
23	88
23	91
23	120
23	141
23	240
23	255
23	280
23	346
23	369
23	464
23	506
23	520
23	544
23	611
23	626
23	640
23	655
23	734
23	752
23	964
23	989
24	54
24	93
24	113
24	136
24	137
24	190
24	212
24	222
24	310
24	364
24	371
24	399
24	460
24	463
24	549
24	553
24	570
24	653
24	673
24	720
24	757
24	803
24	889
24	996
25	86
25	89
25	90
25	119
25	134
25	139
25	146
25	177
25	199
25	224
25	251
25	310
25	328
25	379
25	426
25	432
25	470
25	510
25	562
25	677
25	848
25	890
25	892
25	894
25	939
26	50
26	56
26	82
26	83
26	87
26	101
26	129
26	130
26	198
26	248
26	292
26	336
26	392
26	417
26	436
26	460
26	469
26	494
26	543
26	621
26	670
26	675
26	782
26	887
26	930
27	46
27	58
27	81
27	103
27	139
27	172
27	186
27	202
27	210
27	255
27	341
27	436
27	484
27	516
27	552
27	591
27	635
27	686
27	710
27	773
27	780
27	783
27	997
28	39
28	47
28	69
28	97
28	107
28	126
28	156
28	279
28	287
28	326
28	334
28	338
28	362
28	421
28	424
28	458
28	536
28	602
28	691
28	907
28	910
28	914
29	60
29	63
29	108
29	156
29	213
29	253
29	261
29	271
29	286
29	307
29	314
29	318
29	391
29	535
29	616
29	712
29	724
29	804
29	836
29	911
29	919
30	31
30	84
30	113
30	117
30	139
30	172
30	223
30	229
30	241
30	254
30	315
30	344
30	384
30	452
30	454
30	532
30	548
30	622
30	761
30	905
30	948
30	972
30	999
31	47
31	78
31	100
31	138
31	179
31	229
31	270
31	274
31	329
31	340
31	344
31	354
31	379
31	493
31	517
31	526
31	564
31	573
31	617
31	655
31	934
31	976
31	1000
32	43
32	73
32	86
32	108
32	128
32	141
32	148
32	188
32	218
32	255
32	275
32	464
32	496
32	540
32	557
32	595
32	729
32	754
32	860
32	899
32	904
33	51
33	58
33	70
33	84
33	102
33	133
33	325
33	451
33	453
33	494
33	508
33	545
33	581
33	721
33	766
33	866
33	925
33	948
33	963
34	40
34	52
34	74
34	138
34	160
34	200
34	220
34	224
34	260
34	320
34	322
34	361
34	393
34	464
34	477
34	482
34	581
34	596
34	682
35	46
35	49
35	54
35	61
35	98
35	119
35	121
35	154
35	165
35	283
35	288
35	499
35	581
35	629
35	704
35	731
35	780
35	785
35	802
35	933
35	998
36	68
36	96
36	130
36	137
36	192
36	232
36	271
36	297
36	336
36	338
36	453
36	495
36	525
36	533
36	569
36	736
36	747
36	782
36	800
36	874
36	879
36	966
37	59
37	63
37	72
37	74
37	119
37	153
37	154
37	177
37	200
37	229
37	296
37	341
37	383
37	410
37	546
37	777
37	900
37	923
37	971
38	60
38	81
38	87
38	92
38	97
38	127
38	168
38	193
38	214
38	228
38	236
38	261
38	405
38	416
38	494
38	543
38	548
38	631
38	657
38	748
38	772
39	69
39	75
39	148
39	164
39	244
39	276
39	278
39	504
39	719
39	767
39	775
39	828
39	829
39	835
39	841
39	895
39	940
39	951
39	981
39	993
40	60
40	73
40	100
40	109
40	111
40	170
40	179
40	195
40	294
40	382
40	387
40	452
40	547
40	572
40	588
40	622
40	706
40	738
40	774
40	979
41	92
41	93
41	94
41	99
41	108
41	128
41	146
41	151
41	172
41	480
41	612
41	643
41	645
41	864
41	869
41	926
41	988
42	57
42	112
42	126
42	142
42	191
42	197
42	303
42	401
42	444
42	470
42	519
42	534
42	554
42	616
42	675
42	706
42	763
42	790
42	975
43	73
43	76
43	88
43	141
43	143
43	199
43	223
43	240
43	325
43	483
43	558
43	639
43	653
43	686
43	822
43	884
43	960
43	973
44	48
44	59
44	62
44	99
44	164
44	185
44	242
44	250
44	264
44	333
44	343
44	425
44	437
44	556
44	689
44	691
44	789
44	811
45	115
45	124
45	132
45	140
45	151
45	155
45	157
45	173
45	245
45	283
45	447
45	458
45	467
45	482
45	726
45	762
45	769
45	885
45	949
46	61
46	105
46	181
46	200
46	230
46	284
46	330
46	380
46	400
46	515
46	521
46	560
46	578
46	629
46	666
46	698
46	787
47	69
47	72
47	80
47	107
47	128
47	244
47	309
47	400
47	476
47	544
47	555
47	605
47	670
47	761
47	939
47	968
48	59
48	61
48	95
48	116
48	138
48	149
48	164
48	333
48	339
48	347
48	348
48	366
48	384
48	414
48	561
48	604
48	627
48	759
49	61
49	79
49	119
49	181
49	187
49	256
49	262
49	374
49	406
49	521
49	578
49	666
49	667
49	740
49	833
49	920
49	932
49	958
50	60
50	78
50	111
50	153
50	182
50	195
50	207
50	219
50	240
50	245
50	311
50	345
50	397
50	445
50	671
50	896
50	913
50	994
51	55
51	56
51	131
51	215
51	240
51	246
51	265
51	273
51	300
51	316
51	366
51	427
51	433
51	434
51	468
51	575
51	813
52	74
52	146
52	228
52	317
52	358
52	378
52	462
52	518
52	571
52	585
52	794
52	891
52	894
52	927
52	992
53	56
53	203
53	224
53	239
53	265
53	311
53	317
53	329
53	336
53	449
53	583
53	814
53	857
53	925
54	60
54	100
54	157
54	167
54	179
54	180
54	243
54	264
54	268
54	274
54	294
54	456
54	472
54	694
54	896
54	996
55	56
55	114
55	165
55	285
55	357
55	394
55	398
55	453
55	609
55	645
55	692
55	746
55	886
55	959
55	990
56	102
56	195
56	239
56	247
56	289
56	300
56	353
56	393
56	406
56	568
56	649
56	898
57	67
57	126
57	141
57	158
57	170
57	212
57	326
57	383
57	403
57	611
57	841
57	874
57	878
57	926
57	949
58	62
58	66
58	123
58	149
58	173
58	267
58	579
58	600
58	839
58	843
58	866
58	914
58	935
59	113
59	136
59	209
59	286
59	313
59	377
59	384
59	407
59	511
59	571
59	733
59	792
59	836
59	883
59	936
60	72
60	123
60	195
60	241
60	265
60	294
60	388
60	599
60	620
60	934
60	941
60	962
61	111
61	240
61	278
61	333
61	349
61	400
61	475
61	560
61	590
61	704
61	786
61	875
61	953
62	102
62	104
62	187
62	190
62	238
62	250
62	312
62	489
62	531
62	562
62	805
62	945
63	65
63	200
63	260
63	268
63	307
63	347
63	351
63	354
63	496
63	497
63	836
63	905
64	73
64	96
64	116
64	292
64	310
64	353
64	437
64	563
64	616
64	666
64	809
64	866
64	874
64	922
64	928
64	979
65	144
65	179
65	198
65	207
65	239
65	465
65	514
65	542
65	642
65	812
65	885
65	924
66	75
66	77
66	103
66	147
66	279
66	286
66	318
66	396
66	402
66	414
66	467
66	563
66	791
66	824
67	88
67	126
67	140
67	150
67	185
67	218
67	266
67	300
67	468
67	723
67	818
67	873
67	879
67	929
67	980
68	85
68	110
68	138
68	168
68	280
68	326
68	699
68	710
68	727
68	746
68	787
68	831
68	865
68	867
68	942
69	80
69	173
69	184
69	252
69	259
69	263
69	464
69	572
69	739
69	901
69	909
69	989
70	102
70	168
70	182
70	203
70	209
70	219
70	432
70	492
70	510
70	529
70	608
70	688
70	878
70	969
70	981
71	85
71	133
71	185
71	208
71	253
71	257
71	297
71	370
71	432
71	484
71	633
71	644
71	726
71	793
72	108
72	112
72	145
72	238
72	295
72	390
72	503
72	532
72	588
72	810
72	918
72	946
72	972
73	118
73	134
73	188
73	409
73	595
73	679
73	792
73	862
73	867
74	125
74	180
74	352
74	481
74	511
74	534
74	566
74	822
74	935
75	77
75	130
75	151
75	225
75	257
75	282
75	321
75	389
75	405
75	711
75	889
75	988
76	95
76	113
76	122
76	148
76	181
76	335
76	459
76	535
76	780
76	888
76	908
76	987
77	109
77	140
77	144
77	231
77	288
77	386
77	415
77	438
77	617
77	644
77	651
77	889
77	909
77	931
78	90
78	112
78	210
78	229
78	249
78	270
78	327
78	332
78	350
78	390
78	466
78	548
78	647
78	760
79	121
79	185
79	337
79	468
79	493
79	521
79	592
79	625
79	786
79	794
79	815
79	834
79	921
79	977
80	98
80	107
80	274
80	303
80	327
80	354
80	440
80	546
80	625
80	909
80	951
80	985
80	994
81	104
81	202
81	232
81	264
81	290
81	692
81	881
81	988
82	130
82	154
82	166
82	172
82	290
82	339
82	509
82	521
82	529
82	569
82	649
82	655
82	716
82	830
82	851
83	88
83	154
83	342
83	364
83	371
83	391
83	429
83	446
83	533
83	589
83	623
83	640
83	647
83	876
84	93
84	236
84	265
84	485
84	538
84	567
84	682
84	743
84	796
84	857
84	886
84	956
85	99
85	103
85	213
85	234
85	251
85	257
85	269
85	300
85	329
85	654
85	991
86	111
86	159
86	182
86	270
86	273
86	335
86	390
86	393
86	445
86	674
86	922
86	976
87	108
87	264
87	284
87	342
87	475
87	506
87	540
87	579
87	638
87	688
87	894
87	916
88	150
88	225
88	292
88	320
88	344
88	764
88	766
88	806
88	823
88	962
89	90
89	123
89	134
89	163
89	234
89	263
89	308
89	363
89	404
89	506
89	573
89	820
89	887
89	944
90	114
90	258
90	351
90	494
90	540
90	562
90	681
90	704
90	742
90	845
90	878
90	986
91	108
91	155
91	200
91	267
91	443
91	535
91	547
91	673
91	712
91	771
91	903
91	929
92	130
92	176
92	262
92	317
92	342
92	344
92	410
92	418
92	442
92	484
92	511
92	536
92	995
93	96
93	101
93	137
93	159
93	248
93	318
93	385
93	417
93	607
93	757
93	830
94	121
94	128
94	162
94	176
94	325
94	363
94	404
94	442
94	547
94	626
94	859
94	897
95	109
95	145
95	158
95	206
95	673
95	692
95	820
95	906
95	910
96	101
96	137
96	166
96	230
96	292
96	436
96	580
96	659
96	776
96	791
96	998
97	106
97	184
97	186
97	202
97	265
97	427
97	461
97	489
97	577
97	638
97	731
97	758
97	978
98	107
98	120
98	152
98	169
98	219
98	279
98	296
98	341
98	467
98	498
98	513
99	105
99	169
99	196
99	343
99	430
99	590
99	601
99	630
99	726
99	819
99	865
99	931
100	190
100	195
100	282
100	346
100	424
100	601
100	609
100	620
100	636
100	673
100	810
100	959
101	130
101	148
101	149
101	172
101	359
101	371
101	373
101	476
101	570
101	737
101	757
102	118
102	122
102	306
102	312
102	526
102	621
102	667
102	911
102	997
103	253
103	455
103	530
103	568
103	614
103	770
103	808
103	820
103	873
104	324
104	360
104	457
104	486
104	487
104	529
104	625
104	762
105	119
105	189
105	214
105	220
105	227
105	382
105	561
105	592
105	665
105	667
105	983
106	128
106	275
106	422
106	459
106	499
106	574
106	585
106	795
106	798
106	835
106	882
107	240
107	313
107	480
107	491
107	554
107	730
107	766
107	793
107	895
108	215
108	307
108	541
108	542
108	753
108	821
109	207
109	245
109	283
109	303
109	345
109	574
109	712
109	718
110	121
110	235
110	319
110	386
110	465
110	476
110	528
110	546
110	555
110	693
110	768
110	895
110	968
111	124
111	134
111	143
111	195
111	260
111	336
111	388
111	573
111	724
111	897
112	127
112	188
112	205
112	284
112	297
112	309
112	412
112	419
112	438
112	532
112	548
113	187
113	213
113	280
113	286
113	323
113	541
113	738
113	836
114	121
114	126
114	141
114	165
114	330
114	578
114	650
114	662
114	708
114	790
114	920
115	222
115	233
115	259
115	272
115	375
115	447
115	638
115	675
115	827
115	923
115	945
116	117
116	123
116	153
116	162
116	267
116	322
116	356
116	746
116	817
116	858
116	916
117	127
117	205
117	345
117	384
117	500
117	510
117	543
117	894
117	956
117	988
118	167
118	190
118	227
118	240
118	338
118	348
118	381
118	521
118	606
118	611
118	615
119	228
119	413
119	499
119	605
119	614
119	650
119	667
119	731
120	141
120	148
120	167
120	188
120	300
120	557
120	567
120	632
120	749
121	137
121	251
121	330
121	385
121	490
121	671
121	698
121	707
122	158
122	170
122	175
122	198
122	259
122	526
122	659
122	752
122	912
123	173
123	248
123	280
123	297
123	304
123	478
123	657
123	776
123	876
124	153
124	189
124	314
124	324
124	416
124	428
124	505
124	587
124	598
124	810
124	962
125	126
125	221
125	228
125	316
125	335
125	405
125	481
125	569
125	613
125	688
126	142
126	286
126	332
126	439
126	582
126	607
127	149
127	178
127	205
127	261
127	306
127	314
127	349
127	486
127	639
128	135
128	184
128	290
128	293
128	430
128	531
128	680
128	735
129	193
129	200
129	316
129	417
129	434
129	446
129	502
129	639
129	865
129	920
129	963
130	265
130	392
130	484
130	517
130	616
130	853
130	883
131	190
131	238
131	328
131	334
131	357
131	453
131	597
131	882
131	933
131	982
132	156
132	164
132	217
132	332
132	423
132	514
132	629
132	657
132	781
132	783
133	153
133	183
133	221
133	240
133	343
133	352
133	358
133	402
133	457
134	153
134	211
134	342
134	356
134	379
134	560
134	608
134	631
134	646
135	178
135	219
135	320
135	379
135	490
135	529
135	589
135	669
135	772
135	809
136	149
136	198
136	276
136	286
136	380
136	409
136	433
136	556
136	633
136	777
136	990
137	210
137	312
137	373
137	410
137	655
137	742
137	958
137	995
138	141
138	158
138	363
138	429
138	506
138	659
138	899
138	938
138	952
139	158
139	175
139	201
139	305
139	642
139	665
139	813
139	843
139	849
140	145
140	190
140	207
140	254
140	461
140	501
140	723
141	201
141	464
141	609
141	669
141	774
141	821
142	225
142	293
142	428
142	433
142	457
142	478
142	687
142	751
142	790
142	816
143	171
143	206
143	207
143	217
143	259
143	538
143	559
143	566
143	898
144	285
144	326
144	340
144	504
144	598
144	622
144	736
144	849
145	181
145	291
145	304
145	536
145	601
145	602
145	619
145	640
146	171
146	189
146	291
146	353
146	641
146	675
146	864
146	867
147	159
147	210
147	251
147	298
147	331
147	516
147	579
147	583
147	611
147	730
148	156
148	240
148	252
148	530
148	661
148	734
148	798
149	209
149	227
149	288
149	299
149	380
149	576
149	707
150	177
150	225
150	271
150	466
150	537
150	576
150	670
150	686
150	765
150	980
151	152
151	164
151	192
151	281
151	446
151	788
151	841
151	844
152	175
152	243
152	331
152	385
152	483
152	663
152	708
152	748
152	754
153	241
153	243
153	346
153	508
153	512
153	913
154	284
154	373
154	558
154	623
154	769
154	803
154	901
155	209
155	323
155	350
155	396
155	446
155	709
155	805
155	825
155	845
155	893
156	282
156	423
156	551
156	703
156	829
156	831
157	272
157	310
157	439
157	447
157	589
157	656
157	737
157	738
157	854
158	175
158	206
158	217
158	337
158	340
158	974
159	234
159	417
159	436
159	643
159	653
159	678
159	806
159	830
159	887
160	183
160	211
160	221
160	233
160	302
160	658
160	694
160	881
160	976
161	203
161	273
161	444
161	445
161	546
161	846
161	856
161	936
161	965
162	183
162	247
162	281
162	318
162	479
162	591
162	775
162	834
162	842
162	953
163	207
163	299
163	356
163	420
163	492
163	677
163	717
163	903
163	954
164	242
164	325
164	767
164	805
164	957
164	959
165	171
165	374
165	471
165	524
165	621
165	641
165	666
165	745
165	983
166	243
166	259
166	324
166	377
166	463
166	470
166	509
166	569
166	666
166	707
167	188
167	395
167	519
167	626
167	669
167	685
167	752
167	779
167	843
168	169
168	270
168	284
168	301
168	548
168	606
168	865
169	271
169	279
169	445
169	572
169	575
169	617
169	748
169	947
170	175
170	291
170	340
170	386
170	739
170	938
171	230
171	305
171	374
171	624
171	631
171	715
172	561
172	570
172	584
172	643
172	697
173	298
173	341
173	612
173	660
173	709
173	791
173	912
174	196
174	410
174	485
174	554
174	577
174	630
174	706
174	744
174	918
174	974
175	206
175	290
175	313
175	358
175	993
176	215
176	255
176	272
176	410
176	751
176	840
176	938
177	227
177	266
177	305
177	332
177	431
177	873
177	921
178	301
178	304
178	355
178	429
178	491
178	591
178	652
178	809
178	877
179	367
179	619
179	643
179	831
179	860
179	868
179	937
180	220
180	224
180	324
180	435
180	661
180	682
180	847
180	991
181	202
181	293
181	539
181	618
181	736
181	920
182	277
182	532
182	551
182	575
182	699
182	758
182	760
183	272
183	495
183	632
183	702
183	783
183	924
184	210
184	316
184	323
184	372
184	422
184	507
184	823
184	946
185	193
185	349
185	649
185	687
185	807
185	896
186	277
186	442
186	507
186	509
186	552
186	553
186	575
186	604
187	198
187	557
187	843
187	852
187	869
187	886
187	918
188	226
188	255
188	608
188	799
188	812
189	289
189	374
189	437
189	552
189	722
189	915
190	238
190	879
191	225
191	266
191	342
191	582
191	600
191	732
191	806
191	818
191	877
192	462
192	503
192	516
192	594
192	801
192	971
193	284
193	342
193	377
193	397
193	489
193	837
193	992
194	291
194	309
194	313
194	445
194	458
194	481
194	536
194	549
194	879
194	949
195	388
195	481
195	692
195	712
195	761
196	386
196	515
196	571
196	603
196	647
196	689
196	777
196	811
197	211
197	260
197	352
197	443
197	478
197	615
197	817
197	918
198	372
198	391
198	505
198	755
198	813
199	330
199	339
199	557
199	602
199	730
199	803
199	804
200	398
200	702
200	911
201	209
201	291
201	523
201	850
201	987
202	270
202	599
202	635
202	636
202	643
203	273
203	287
203	433
203	793
203	935
204	272
204	383
204	508
204	596
204	607
204	638
204	724
204	764
204	839
204	840
205	207
205	471
205	683
205	701
205	832
205	846
205	957
206	208
206	218
206	343
206	473
207	278
207	762
207	768
208	239
208	263
208	322
208	593
208	662
209	242
209	263
209	276
209	389
209	765
210	321
210	413
210	627
210	969
211	333
211	358
211	408
211	500
211	568
211	674
212	306
212	320
212	338
212	599
212	640
212	716
213	278
213	497
213	543
213	574
213	671
213	778
214	223
214	283
214	655
214	827
214	838
214	850
214	877
214	939
215	221
215	462
215	494
215	653
215	874
216	254
216	284
216	301
216	304
216	607
216	679
216	700
216	865
216	913
217	245
217	460
217	500
217	839
217	975
217	995
218	338
218	425
218	537
218	812
218	841
218	859
219	418
219	420
219	423
219	432
219	827
219	831
220	359
220	687
220	711
220	814
220	824
220	916
221	276
221	457
221	465
221	652
222	260
222	316
222	382
222	477
222	719
222	942
223	252
223	346
223	378
223	395
223	416
223	544
223	807
224	477
224	492
224	558
224	756
224	893
225	283
225	288
225	323
225	706
225	707
226	321
226	415
226	682
226	728
226	763
226	781
226	903
227	348
227	385
227	691
227	740
227	765
227	957
228	361
228	408
228	587
228	650
229	243
229	452
229	764
229	968
230	417
230	469
230	517
230	685
230	770
230	815
230	952
231	298
231	321
231	350
231	363
231	423
231	451
231	617
231	630
232	353
232	420
232	493
232	607
232	715
232	982
233	264
233	352
233	481
233	581
233	749
233	783
234	357
234	635
234	725
234	796
234	868
234	888
235	309
235	320
235	387
235	458
235	536
235	549
235	669
235	720
236	307
236	368
236	430
236	508
236	636
236	814
236	946
236	990
237	261
237	267
237	507
237	604
237	661
237	671
237	696
237	755
238	277
238	474
238	828
239	297
239	614
239	991
240	979
241	295
241	600
241	811
241	900
241	966
241	999
242	272
242	322
242	433
242	680
242	689
242	923
243	248
243	444
243	864
243	946
244	313
244	330
244	411
244	479
244	628
244	709
245	413
245	530
245	573
245	633
246	289
246	291
246	297
246	735
246	797
246	837
246	888
246	922
247	274
247	450
247	649
247	977
248	250
248	255
248	463
248	545
248	930
249	252
249	254
249	266
249	367
249	634
249	816
249	899
249	937
250	276
250	387
250	424
250	601
250	639
250	734
251	297
251	455
251	922
251	986
252	409
252	543
252	615
252	648
252	714
253	269
253	329
253	350
253	448
253	745
253	797
254	308
254	352
254	674
254	784
254	960
255	654
255	714
255	884
256	323
256	376
256	426
256	434
256	476
256	789
256	893
257	455
257	533
257	592
257	614
257	850
257	955
258	324
258	351
258	364
258	377
258	463
258	583
258	647
258	966
259	472
259	699
259	756
259	923
260	271
260	325
260	877
261	301
261	345
261	360
261	475
261	679
262	422
262	515
262	608
262	681
262	900
263	280
263	377
263	520
263	776
263	892
264	380
264	433
264	515
264	627
265	283
265	565
265	834
266	428
266	488
266	537
266	584
267	408
267	443
267	617
267	768
268	270
268	306
268	522
268	559
268	636
268	743
268	976
269	295
269	337
269	367
269	408
269	796
270	535
270	905
271	346
271	570
271	817
271	848
272	707
272	944
273	357
273	387
273	751
273	785
274	282
274	311
274	390
274	445
274	994
275	290
275	389
275	399
275	642
276	344
276	384
276	792
276	936
277	344
277	404
277	522
277	573
278	448
278	523
278	556
278	740
278	981
279	331
279	423
279	446
279	895
280	329
280	428
280	561
280	657
281	362
281	730
281	747
281	778
281	802
281	825
282	404
282	568
282	588
282	714
282	896
283	944
284	970
285	462
285	597
285	602
285	662
285	755
285	943
285	978
286	371
286	672
287	729
287	737
287	802
287	966
287	981
288	328
288	586
288	709
288	801
289	560
289	622
289	679
289	698
289	708
289	785
290	442
290	463
290	703
290	826
291	319
291	596
292	383
292	505
292	519
292	964
293	336
293	498
293	711
293	876
294	346
294	350
294	367
294	630
295	646
295	844
295	873
295	929
295	958
296	513
296	868
296	897
296	903
296	971
297	411
298	348
298	350
298	518
298	541
298	672
299	353
299	378
299	626
299	881
300	325
300	567
300	931
301	322
301	449
301	600
301	758
302	439
302	453
302	474
302	653
302	769
302	945
303	439
303	450
303	476
303	932
304	537
304	567
304	890
305	570
305	619
305	642
306	513
306	921
306	947
307	484
307	497
307	734
308	362
308	387
308	429
308	622
308	913
309	610
309	739
309	780
310	696
310	701
311	456
311	468
311	676
311	899
311	965
312	366
312	705
312	808
312	852
312	937
313	526
313	610
314	389
314	431
314	838
315	468
315	483
315	690
315	714
315	917
315	952
315	979
316	334
316	620
316	791
317	621
317	711
317	717
317	919
317	965
318	451
318	583
318	700
318	867
319	564
319	597
319	860
319	905
319	998
320	632
320	744
321	384
321	859
322	441
322	727
322	750
323	396
323	402
323	962
324	558
324	998
325	547
326	329
326	593
326	840
327	362
327	454
327	498
327	645
327	741
327	844
328	392
328	501
328	721
328	853
330	926
330	985
331	419
331	454
331	458
331	886
332	333
332	519
332	980
333	811
333	912
333	936
334	379
334	420
334	455
334	732
334	863
335	747
335	902
336	469
336	756
336	848
337	561
337	573
337	658
337	775
337	802
338	360
338	668
338	744
339	390
339	659
339	792
340	520
340	526
340	928
341	350
341	501
341	736
341	889
342	420
342	884
343	422
343	522
343	572
343	826
344	951
344	972
345	361
345	466
345	531
345	837
346	412
346	502
347	435
347	539
347	603
347	691
347	722
347	759
348	425
348	490
348	661
348	733
349	528
349	881
349	987
350	912
351	497
351	564
351	620
351	794
351	907
352	449
352	781
352	877
353	431
353	489
353	734
354	421
354	574
354	617
354	624
354	799
355	387
355	588
355	591
355	689
355	705
356	394
356	444
356	463
356	543
357	450
357	480
358	379
358	581
358	855
359	518
359	569
359	683
359	717
359	941
360	414
360	418
360	457
360	871
360	921
361	376
361	588
361	658
361	822
362	602
362	693
363	368
363	477
364	441
364	460
364	546
364	619
364	946
365	501
365	630
365	633
365	773
365	774
365	818
366	767
366	808
366	814
366	976
367	377
367	443
367	994
368	382
368	412
368	458
369	411
369	722
369	858
369	928
370	394
370	588
370	662
370	820
371	429
371	460
371	502
372	388
372	575
372	753
372	915
372	963
373	441
373	519
373	742
373	853
374	486
374	985
375	463
375	551
375	723
375	880
375	882
375	1000
376	644
376	721
376	754
376	763
376	861
377	428
378	599
378	772
378	953
379	846
380	425
380	892
380	944
381	479
381	585
381	613
381	640
381	728
381	937
382	559
382	628
382	634
383	386
383	401
383	806
384	556
385	512
385	524
385	984
386	580
387	444
388	443
388	999
389	393
389	833
390	560
390	782
391	459
391	648
391	878
391	889
392	495
392	514
392	553
392	975
393	600
393	654
394	824
394	848
394	891
395	401
395	504
395	917
396	516
396	628
396	956
396	984
397	447
397	684
397	743
397	913
398	421
398	635
398	829
399	637
399	656
399	776
399	779
400	456
400	634
400	700
400	969
401	449
401	980
402	485
402	870
403	531
403	540
403	589
403	823
403	845
404	519
404	568
404	683
405	418
405	469
405	745
406	512
406	564
406	590
406	605
406	676
407	524
407	660
407	710
407	770
407	922
408	847
408	858
409	618
409	798
409	904
409	973
410	695
410	700
411	418
411	534
411	591
411	804
412	664
412	782
412	844
412	960
413	562
413	890
413	989
414	537
414	665
414	892
415	485
415	664
415	784
416	456
416	493
416	503
416	884
417	423
417	586
418	527
419	567
419	585
419	749
419	948
419	967
420	595
420	766
421	574
421	825
422	462
422	635
424	430
424	440
424	646
425	618
425	656
426	441
426	471
426	608
426	846
426	954
427	507
427	514
427	575
427	741
428	560
428	580
430	474
430	545
430	803
431	448
431	677
431	753
432	440
432	809
432	878
433	512
434	536
434	743
434	810
435	613
435	686
435	974
436	452
436	550
437	495
437	635
437	773
437	864
438	532
438	644
438	888
438	991
439	468
439	472
440	909
440	927
440	951
441	471
441	800
441	956
442	461
442	974
444	448
444	502
445	452
446	720
446	819
447	510
447	701
448	934
449	715
449	924
450	853
450	901
451	853
451	885
452	597
452	731
453	665
453	948
454	929
455	633
455	782
456	522
456	597
456	795
457	596
459	631
459	681
459	781
460	757
460	831
461	473
461	532
461	551
461	965
462	798
464	520
464	718
465	585
465	891
465	942
466	628
466	663
466	786
467	578
467	917
467	982
469	655
470	799
470	918
472	737
472	987
473	656
473	697
473	784
473	885
474	825
474	828
474	992
475	486
475	595
475	618
477	852
477	961
478	594
478	747
479	577
479	629
479	908
480	484
480	544
482	597
482	737
483	606
483	862
483	1000
485	557
486	488
486	492
487	612
487	659
487	753
488	614
488	688
488	894
489	498
489	883
490	650
490	846
490	855
491	494
491	582
491	926
491	954
492	565
492	855
493	564
493	718
495	533
496	872
497	770
497	872
498	503
498	813
499	512
499	603
499	862
500	716
500	835
500	942
501	892
502	636
503	620
503	973
504	705
505	869
506	786
506	832
507	582
507	758
508	579
508	581
509	525
509	795
509	876
510	527
511	958
511	965
512	674
513	517
513	958
515	576
517	747
518	835
518	940
520	544
521	861
522	610
523	696
523	704
523	800
523	845
524	650
524	788
524	986
525	544
525	558
525	887
525	953
526	667
527	623
527	660
527	728
527	803
528	601
528	624
529	654
529	742
530	555
530	593
531	787
531	814
533	800
533	881
534	674
534	732
534	816
535	741
538	649
538	656
539	634
539	786
539	788
540	727
540	760
541	738
541	849
542	669
542	762
542	888
545	907
546	680
547	644
547	902
548	955
549	800
549	851
550	609
550	690
550	778
551	930
552	696
552	788
553	577
553	851
553	954
554	735
554	924
555	634
555	901
555	985
556	598
556	603
557	611
558	599
559	708
559	875
559	895
561	590
562	610
562	986
563	609
563	699
563	772
563	890
564	733
565	739
565	950
566	813
566	983
567	606
568	694
569	819
570	861
571	883
571	915
574	937
576	603
576	719
576	833
577	593
578	698
579	797
580	827
580	854
583	780
584	795
584	832
584	834
584	857
586	651
586	821
586	830
587	594
587	842
587	967
589	939
590	955
590	964
591	689
592	720
592	725
592	794
593	671
593	917
594	808
595	973
596	724
596	811
598	822
598	955
598	996
599	697
604	804
605	630
605	775
606	821
606	961
607	859
610	769
611	837
612	760
613	647
613	824
613	945
615	787
615	862
616	629
616	789
618	690
618	952
619	642
619	741
620	876
621	866
621	935
622	636
623	626
623	725
624	680
625	736
625	993
626	641
627	805
627	919
627	933
628	903
629	815
631	688
631	916
632	676
632	880
637	701
637	928
638	891
638	950
639	752
639	807
640	778
641	742
641	774
642	668
643	909
645	932
645	939
645	970
646	856
647	728
648	681
648	777
648	897
648	984
649	692
650	662
651	767
651	847
651	880
652	721
652	753
652	756
653	720
654	793
654	969
656	826
657	690
658	697
658	790
658	847
660	764
660	797
660	868
661	908
663	685
663	910
663	912
663	914
664	841
664	929
664	961
668	723
668	779
670	823
672	768
672	836
673	817
675	959
676	679
676	725
677	787
677	942
678	693
678	766
678	897
680	702
681	925
683	978
684	925
684	967
684	997
685	930
685	998
686	711
687	750
687	761
691	944
693	948
693	991
694	760
694	870
695	773
695	978
695	985
696	826
697	880
699	855
700	713
701	829
702	966
703	907
704	933
705	851
705	921
706	715
708	765
710	842
713	960
716	729
717	824
717	911
719	796
721	756
722	773
726	901
727	854
730	870
731	940
732	839
733	765
733	847
735	776
735	868
738	755
739	852
740	771
741	860
743	749
744	815
744	962
746	838
746	972
748	778
749	857
750	927
750	983
751	886
752	927
754	810
757	785
758	854
759	805
761	982
763	987
764	971
767	931
769	941
771	864
771	900
771	902
772	904
775	866
777	792
779	926
784	833
785	883
788	957
789	947
790	879
791	863
794	984
797	900
798	862
799	908
801	934
802	968
804	943
806	964
807	993
808	977
809	1000
812	845
815	938
816	872
818	975
819	971
820	906
821	884
823	859
825	867
828	949
829	856
830	950
832	838
832	849
834	935
835	1000
838	992
840	850
840	893
842	916
851	887
856	967
856	992
861	863
861	932
863	915
870	893
870	967
871	988
875	902
875	977
875	983
882	914
890	972
898	994
899	997
904	917
904	949
914	919
915	925
920	981
927	974
931	950
932	969
933	999
936	980
940	943
940	951
941	996
956	986
957	959
963	990
964	979
