1	2
1	8
1	10
1	25
1	26
1	41
1	45
1	51
1	73
1	123
1	170
1	194
1	228
1	236
1	248
1	250
1	256
1	263
1	301
1	317
1	324
1	341
1	354
1	365
1	382
1	422
1	431
1	449
1	458
1	537
1	554
1	600
1	605
1	619
1	659
1	666
1	726
1	781
1	788
1	802
1	896
1	917
1	935
1	940
1	942
1	944
1	952
1	954
1	957
1	986
2	8
2	10
2	21
2	24
2	25
2	26
2	41
2	45
2	51
2	87
2	93
2	123
2	176
2	191
2	224
2	228
2	236
2	301
2	317
2	319
2	324
2	342
2	382
2	387
2	393
2	422
2	431
2	448
2	460
2	555
2	581
2	584
2	600
2	605
2	619
2	630
2	666
2	688
2	726
2	781
2	802
2	885
2	886
2	912
2	954
2	962
2	963
2	980
2	992
3	6
3	12
3	23
3	34
3	50
3	53
3	78
3	82
3	102
3	107
3	109
3	138
3	139
3	141
3	154
3	165
3	173
3	220
3	226
3	243
3	244
3	270
3	274
3	350
3	388
3	390
3	438
3	442
3	528
3	566
3	569
3	573
3	591
3	597
3	648
3	650
3	651
3	686
3	689
3	701
3	717
3	750
3	751
3	853
3	881
3	909
3	933
3	972
3	984
4	14
4	24
4	33
4	36
4	57
4	67
4	81
4	94
4	101
4	111
4	118
4	120
4	130
4	134
4	158
4	161
4	171
4	203
4	223
4	234
4	235
4	269
4	273
4	283
4	371
4	469
4	486
4	507
4	529
4	538
4	539
4	542
4	546
4	551
4	562
4	579
4	609
4	632
4	660
4	685
4	714
4	773
4	775
4	832
4	837
4	878
4	888
4	970
5	16
5	20
5	35
5	44
5	47
5	61
5	70
5	91
5	96
5	105
5	137
5	146
5	153
5	222
5	225
5	238
5	245
5	246
5	259
5	261
5	272
5	302
5	303
5	304
5	336
5	427
5	459
5	480
5	487
5	502
5	530
5	543
5	560
5	594
5	663
5	670
5	673
5	683
5	720
5	786
5	794
5	824
5	850
5	859
5	910
5	939
5	979
6	23
6	34
6	50
6	53
6	65
6	78
6	82
6	90
6	102
6	122
6	138
6	139
6	154
6	173
6	194
6	244
6	288
6	295
6	297
6	325
6	388
6	418
6	438
6	442
6	444
6	488
6	508
6	519
6	522
6	528
6	541
6	589
6	607
6	650
6	654
6	737
6	748
6	750
6	759
6	785
6	909
6	916
6	922
6	948
6	982
7	15
7	21
7	29
7	30
7	31
7	60
7	64
7	66
7	79
7	140
7	144
7	149
7	183
7	207
7	273
7	287
7	292
7	316
7	330
7	351
7	354
7	355
7	356
7	363
7	381
7	403
7	449
7	462
7	479
7	513
7	514
7	532
7	660
7	664
7	707
7	708
7	729
7	745
7	769
7	799
7	816
7	861
7	884
7	973
7	999
8	10
8	13
8	18
8	25
8	26
8	41
8	45
8	51
8	73
8	122
8	123
8	191
8	195
8	224
8	228
8	236
8	263
8	301
8	317
8	319
8	324
8	355
8	431
8	460
8	467
8	554
8	555
8	581
8	633
8	636
8	649
8	659
8	802
8	825
8	886
8	893
8	935
8	940
8	962
8	973
8	980
8	986
9	13
9	30
9	45
9	49
9	60
9	63
9	104
9	107
9	115
9	129
9	133
9	136
9	144
9	149
9	169
9	205
9	206
9	285
9	288
9	314
9	322
9	327
9	334
9	343
9	359
9	394
9	419
9	434
9	446
9	485
9	550
9	559
9	572
9	598
9	675
9	686
9	731
9	759
9	761
9	784
9	791
9	858
9	861
9	863
10	24
10	25
10	26
10	41
10	45
10	51
10	60
10	73
10	87
10	112
10	122
10	123
10	129
10	170
10	176
10	191
10	194
10	228
10	248
10	251
10	256
10	263
10	317
10	324
10	325
10	365
10	382
10	400
10	422
10	458
10	460
10	537
10	621
10	636
10	688
10	726
10	801
10	885
10	897
10	917
11	31
11	38
11	54
11	58
11	65
11	77
11	85
11	107
11	108
11	123
11	142
11	162
11	167
11	175
11	178
11	184
11	230
11	239
11	344
11	345
11	366
11	369
11	383
11	398
11	401
11	407
11	440
11	453
11	515
11	544
11	595
11	642
11	657
11	671
11	694
11	709
11	743
11	765
11	800
11	811
11	948
11	994
12	17
12	22
12	27
12	43
12	62
12	66
12	98
12	106
12	160
12	183
12	185
12	188
12	189
12	214
12	216
12	229
12	237
12	277
12	340
12	358
12	377
12	426
12	474
12	478
12	536
12	586
12	590
12	626
12	678
12	712
12	749
12	758
12	776
12	798
12	803
12	907
12	919
12	938
12	997
13	22
13	29
13	30
13	95
13	113
13	118
13	129
13	143
13	185
13	191
13	199
13	285
13	286
13	292
13	333
13	343
13	356
13	372
13	394
13	397
13	403
13	439
13	442
13	463
13	466
13	471
13	638
13	653
13	692
13	728
13	730
13	766
13	784
13	838
13	907
13	943
13	955
14	33
14	36
14	57
14	67
14	69
14	81
14	111
14	130
14	134
14	145
14	201
14	234
14	269
14	273
14	283
14	371
14	386
14	396
14	529
14	542
14	546
14	551
14	564
14	579
14	632
14	634
14	660
14	707
14	757
14	773
14	775
14	792
14	866
14	878
14	888
14	905
14	950
14	970
15	72
15	84
15	110
15	117
15	124
15	128
15	131
15	136
15	147
15	150
15	192
15	202
15	217
15	219
15	286
15	296
15	329
15	346
15	360
15	411
15	414
15	425
15	452
15	502
15	505
15	541
15	561
15	603
15	684
15	690
15	706
15	728
15	772
15	810
15	826
15	871
15	911
15	990
16	20
16	28
16	35
16	47
16	61
16	70
16	76
16	83
16	96
16	105
16	115
16	126
16	137
16	153
16	177
16	203
16	246
16	247
16	272
16	274
16	281
16	290
16	302
16	310
16	336
16	437
16	445
16	517
16	530
16	543
16	592
16	608
16	673
16	696
16	698
16	710
16	786
16	870
17	18
17	22
17	27
17	40
17	43
17	62
17	98
17	106
17	113
17	160
17	181
17	183
17	214
17	216
17	221
17	252
17	264
17	277
17	278
17	302
17	305
17	312
17	349
17	353
17	358
17	370
17	375
17	500
17	548
17	626
17	627
17	695
17	708
17	741
17	756
17	789
17	857
18	22
18	43
18	62
18	98
18	104
18	135
18	160
18	163
18	167
18	181
18	188
18	212
18	214
18	216
18	277
18	305
18	339
18	340
18	353
18	375
18	474
18	478
18	586
18	590
18	678
18	695
18	699
18	718
18	754
18	756
18	798
18	806
18	829
18	900
18	961
19	30
19	49
19	52
19	59
19	64
19	68
19	75
19	79
19	116
19	119
19	125
19	132
19	148
19	179
19	193
19	204
19	209
19	242
19	268
19	331
19	347
19	475
19	493
19	509
19	520
19	558
19	588
19	715
19	783
19	833
19	836
19	882
19	901
19	914
19	932
19	995
20	35
20	47
20	61
20	64
20	70
20	76
20	88
20	91
20	92
20	93
20	96
20	97
20	105
20	126
20	137
20	222
20	227
20	246
20	261
20	282
20	335
20	336
20	364
20	379
20	437
20	480
20	543
20	560
20	599
20	624
20	824
20	854
20	915
20	942
21	24
21	37
21	39
21	79
21	110
21	115
21	171
21	196
21	245
21	252
21	277
21	289
21	307
21	333
21	334
21	389
21	399
21	412
21	414
21	451
21	465
21	532
21	552
21	559
21	568
21	686
21	724
21	727
21	795
21	848
21	927
21	953
22	27
22	40
22	62
22	106
22	115
22	155
22	163
22	172
22	186
22	221
22	229
22	237
22	254
22	282
22	284
22	353
22	446
22	500
22	553
22	565
22	590
22	627
22	718
22	747
22	758
22	787
22	789
22	806
22	961
23	34
23	78
23	82
23	90
23	102
23	109
23	139
23	154
23	196
23	220
23	243
23	253
23	270
23	288
23	336
23	350
23	374
23	388
23	392
23	421
23	438
23	508
23	512
23	566
23	606
23	629
23	645
23	701
23	736
23	913
23	971
24	25
24	29
24	30
24	36
24	44
24	55
24	64
24	90
24	100
24	112
24	129
24	151
24	188
24	196
24	206
24	275
24	308
24	315
24	330
24	362
24	495
24	523
24	644
24	891
24	898
24	903
24	958
24	999
25	37
25	41
25	45
25	51
25	63
25	73
25	87
25	123
25	170
25	176
25	236
25	251
25	256
25	341
25	365
25	382
25	387
25	393
25	460
25	467
25	537
25	555
25	578
25	605
25	633
25	825
25	952
26	45
26	51
26	122
26	123
26	170
26	191
26	224
26	256
26	317
26	341
26	351
26	400
26	422
26	431
26	489
26	572
26	600
26	621
26	649
26	704
26	890
26	893
26	929
26	940
26	942
26	988
26	992
27	98
27	113
27	135
27	188
27	189
27	207
27	212
27	221
27	237
27	264
27	277
27	282
27	291
27	312
27	370
27	430
27	499
27	526
27	586
27	597
27	604
27	627
27	747
27	754
27	756
27	776
27	787
27	966
28	35
28	61
28	76
28	83
28	88
28	91
28	92
28	96
28	97
28	126
28	137
28	153
28	177
28	215
28	238
28	247
28	281
28	364
28	440
28	530
28	535
28	608
28	662
28	670
28	691
28	698
28	771
28	786
28	823
28	824
29	39
29	40
29	60
29	75
29	79
29	100
29	104
29	107
29	133
29	157
29	161
29	205
29	210
29	265
29	309
29	363
29	434
29	450
29	514
29	563
29	571
29	598
29	653
29	675
29	846
29	926
29	967
29	988
30	57
30	63
30	64
30	93
30	99
30	102
30	104
30	143
30	171
30	199
30	234
30	278
30	316
30	394
30	416
30	419
30	439
30	471
30	510
30	517
30	637
30	733
30	862
30	974
30	995
31	32
31	42
31	48
31	55
31	74
31	86
31	235
31	287
31	321
31	322
31	399
31	423
31	453
31	468
31	477
31	567
31	596
31	656
31	657
31	661
31	697
31	713
31	805
31	855
31	880
31	903
31	926
32	38
32	42
32	48
32	65
32	71
32	85
32	89
32	114
32	178
32	187
32	213
32	239
32	257
32	287
32	313
32	315
32	322
32	404
32	405
32	415
32	423
32	464
32	468
32	580
32	646
32	760
32	883
32	999
33	36
33	57
33	69
33	101
33	107
33	120
33	145
33	158
33	205
33	223
33	235
33	273
33	441
33	482
33	529
33	538
33	542
33	564
33	703
33	707
33	773
33	775
33	888
33	905
33	931
33	960
33	978
34	50
34	53
34	78
34	102
34	109
34	111
34	138
34	139
34	243
34	270
34	295
34	350
34	392
34	476
34	528
34	541
34	573
34	589
34	591
34	607
34	648
34	650
34	651
34	768
34	809
34	881
35	44
35	61
35	76
35	83
35	91
35	97
35	115
35	146
35	153
35	238
35	335
35	364
35	367
35	417
35	445
35	447
35	480
35	496
35	594
35	601
35	611
35	665
35	742
35	817
35	847
36	57
36	69
36	94
36	111
36	118
36	134
36	158
36	201
36	269
36	283
36	298
36	432
36	441
36	472
36	486
36	562
36	676
36	685
36	705
36	723
36	739
36	764
36	792
36	832
36	970
37	48
37	53
37	68
37	79
37	80
37	99
37	103
37	112
37	115
37	143
37	151
37	175
37	226
37	245
37	306
37	325
37	328
37	331
37	368
37	384
37	431
37	433
37	472
37	484
37	671
37	792
37	970
38	48
38	58
38	74
38	85
38	86
38	89
38	140
38	141
38	142
38	190
38	239
38	241
38	280
38	295
38	321
38	337
38	450
38	491
38	524
38	630
38	724
38	804
38	808
38	831
38	877
38	946
39	60
39	63
39	66
39	80
39	149
39	197
39	207
39	245
39	307
39	339
39	344
39	363
39	383
39	403
39	436
39	484
39	559
39	596
39	665
39	676
39	711
39	731
39	770
39	862
39	967
39	973
40	43
40	95
40	113
40	160
40	163
40	181
40	189
40	216
40	229
40	249
40	284
40	291
40	312
40	474
40	548
40	590
40	604
40	627
40	655
40	712
40	741
40	776
40	846
40	869
41	45
41	51
41	87
41	98
41	122
41	123
41	171
41	191
41	194
41	195
41	236
41	248
41	256
41	263
41	318
41	341
41	621
41	633
41	788
41	801
41	886
41	986
42	46
42	64
42	77
42	100
42	140
42	267
42	280
42	313
42	315
42	344
42	366
42	380
42	401
42	521
42	524
42	622
42	669
42	732
42	812
42	839
42	842
42	873
42	908
42	946
42	948
43	62
43	106
43	107
43	163
43	172
43	183
43	216
43	229
43	254
43	375
43	378
43	426
43	451
43	470
43	565
43	626
43	627
43	635
43	695
43	700
43	846
43	872
43	997
44	47
44	70
44	76
44	83
44	97
44	137
44	225
44	255
44	259
44	290
44	364
44	445
44	447
44	560
44	594
44	599
44	630
44	663
44	696
44	834
44	854
44	874
44	979
45	73
45	123
45	149
45	195
45	228
45	248
45	263
45	319
45	365
45	400
45	600
45	649
45	781
45	795
45	801
45	896
45	935
46	48
46	55
46	58
46	65
46	71
46	74
46	167
46	213
46	232
46	316
46	322
46	335
46	349
46	383
46	406
46	415
46	567
46	582
46	602
46	639
46	677
46	930
46	948
46	977
47	70
47	76
47	79
47	92
47	177
47	186
47	335
47	336
47	436
47	496
47	513
47	594
47	624
47	652
47	662
47	663
47	668
47	698
47	720
47	766
47	874
48	58
48	65
48	140
48	141
48	208
48	260
48	266
48	311
48	321
48	345
48	450
48	540
48	544
48	628
48	646
48	800
48	877
48	880
48	883
48	903
49	56
49	116
49	119
49	121
49	148
49	156
49	180
49	204
49	268
49	326
49	357
49	384
49	409
49	454
49	494
49	531
49	556
49	588
49	727
49	828
49	914
49	924
49	967
50	82
50	99
50	102
50	109
50	139
50	226
50	243
50	262
50	274
50	350
50	374
50	444
50	528
50	549
50	629
50	654
50	717
50	753
50	898
50	922
50	933
50	983
51	52
51	87
51	122
51	170
51	393
51	422
51	462
51	537
51	555
51	561
51	578
51	600
51	619
51	691
51	781
51	896
51	929
51	954
52	59
52	68
52	103
52	152
52	159
52	179
52	180
52	231
52	268
52	357
52	421
52	471
52	545
52	556
52	693
52	694
52	820
52	879
52	889
52	920
52	965
52	969
53	90
53	104
53	109
53	154
53	175
53	226
53	243
53	295
53	416
53	418
53	438
53	444
53	519
53	522
53	549
53	566
53	651
53	750
53	853
53	982
54	55
54	58
54	71
54	85
54	89
54	187
54	190
54	213
54	232
54	249
54	313
54	315
54	401
54	464
54	495
54	534
54	540
54	574
54	647
54	657
54	709
54	782
54	839
55	58
55	85
55	86
55	141
55	142
55	167
55	184
55	190
55	213
55	257
55	323
55	391
55	398
55	642
55	811
55	842
55	845
55	875
55	895
55	994
56	68
56	119
56	125
56	132
56	152
56	179
56	180
56	197
56	242
56	276
56	294
56	331
56	351
56	494
56	509
56	520
56	531
56	557
56	664
56	932
56	937
56	957
56	975
57	67
57	69
57	81
57	94
57	101
57	118
57	158
57	201
57	235
57	298
57	320
57	432
57	472
57	483
57	564
57	664
57	703
57	764
57	931
58	86
58	167
58	178
58	190
58	199
58	213
58	438
58	450
58	491
58	596
58	618
58	622
58	647
58	711
58	818
58	838
58	946
58	987
59	75
59	103
59	116
59	121
59	127
59	132
59	148
59	180
59	209
59	231
59	255
59	325
59	326
59	331
59	361
59	363
59	820
59	865
59	889
59	917
59	965
59	996
60	95
60	99
60	124
60	129
60	132
60	152
60	313
60	325
60	327
60	339
60	354
60	445
60	462
60	581
60	587
60	617
60	745
60	842
60	987
61	70
61	88
61	91
61	97
61	105
61	153
61	177
61	222
61	238
61	261
61	455
61	517
61	611
61	652
61	771
61	860
61	906
61	915
62	63
62	98
62	155
62	163
62	186
62	188
62	189
62	221
62	277
62	343
62	378
62	474
62	497
62	635
62	718
62	758
62	806
62	939
63	79
63	133
63	163
63	250
63	271
63	316
63	361
63	362
63	372
63	397
63	403
63	479
63	547
63	616
63	664
63	704
63	705
63	897
64	95
64	104
64	112
64	249
64	343
64	381
64	439
64	446
64	498
64	573
64	577
64	635
64	653
64	671
64	743
64	791
64	843
65	89
65	114
65	142
65	178
65	208
65	213
65	232
65	239
65	293
65	343
65	385
65	534
65	567
65	618
65	799
65	830
65	895
65	945
66	100
66	112
66	170
66	206
66	289
66	309
66	328
66	362
66	394
66	552
66	586
66	598
66	604
66	640
66	665
66	666
66	738
66	770
66	908
67	69
67	81
67	93
67	101
67	111
67	145
67	201
67	203
67	269
67	320
67	332
67	432
67	441
67	483
67	546
67	577
67	634
67	685
67	837
68	103
68	156
68	159
68	193
68	209
68	233
68	267
68	279
68	308
68	409
68	504
68	557
68	558
68	615
68	637
68	813
68	882
68	957
69	81
69	94
69	101
69	118
69	120
69	158
69	216
69	223
69	269
69	283
69	332
69	432
69	463
69	482
69	866
69	950
70	91
70	114
70	146
70	222
70	227
70	281
70	413
70	440
70	447
70	480
70	511
70	683
70	698
70	742
70	847
71	74
71	77
71	95
71	140
71	178
71	187
71	190
71	280
71	323
71	391
71	510
71	544
71	641
71	657
71	692
71	738
71	904
71	994
72	80
72	84
72	110
72	117
72	124
72	136
72	166
72	217
72	219
72	286
72	314
72	329
72	352
72	481
72	527
72	684
72	687
72	767
72	780
72	934
73	87
73	91
73	122
73	194
73	195
73	248
73	319
73	372
73	431
73	458
73	537
73	636
73	659
73	912
73	929
73	954
74	86
74	174
74	208
74	260
74	345
74	410
74	468
74	515
74	521
74	535
74	580
74	618
74	628
74	646
74	677
74	735
74	831
75	132
75	148
75	152
75	164
75	197
75	209
75	218
75	231
75	268
75	347
75	494
75	519
75	531
75	727
75	833
75	974
75	993
75	995
76	83
76	97
76	211
76	272
76	290
76	304
76	356
76	445
76	459
76	467
76	480
76	594
76	611
76	786
76	850
77	140
77	141
77	178
77	184
77	239
77	267
77	321
77	322
77	435
77	453
77	532
77	574
77	596
77	697
77	760
77	811
77	904
77	945
78	90
78	165
78	243
78	244
78	274
78	388
78	390
78	429
78	512
78	525
78	566
78	620
78	650
78	759
78	801
78	913
79	90
79	143
79	237
79	249
79	265
79	285
79	406
79	484
79	540
79	675
79	740
79	886
79	975
80	84
80	110
80	117
80	136
80	150
80	168
80	192
80	217
80	240
80	360
80	414
80	452
80	502
80	550
80	613
80	658
80	990
81	94
81	107
81	120
81	130
81	134
81	201
81	234
81	270
81	332
81	371
81	482
81	546
81	551
81	634
81	739
82	85
82	90
82	102
82	109
82	154
82	165
82	220
82	288
82	297
82	388
82	392
82	508
82	573
82	650
82	717
82	925
83	146
83	281
83	367
83	379
83	427
83	447
83	455
83	625
83	640
83	680
83	771
83	793
83	794
83	797
83	834
84	147
84	150
84	161
84	182
84	219
84	240
84	329
84	338
84	346
84	550
84	561
84	571
84	603
84	772
84	790
84	815
84	990
85	89
85	114
85	141
85	142
85	280
85	293
85	315
85	323
85	330
85	468
85	516
85	620
85	713
85	812
86	141
86	143
86	260
86	293
86	322
86	354
86	383
86	391
86	401
86	423
86	515
86	641
86	732
86	743
86	844
87	228
87	236
87	334
87	387
87	422
87	458
87	463
87	578
87	584
87	659
87	691
87	929
87	952
87	980
88	91
88	96
88	105
88	126
88	153
88	247
88	250
88	272
88	336
88	379
88	409
88	417
88	440
88	793
88	817
88	827
88	834
89	108
89	142
89	162
89	167
89	232
89	267
89	383
89	401
89	464
89	563
89	574
89	641
89	735
89	764
90	253
90	297
90	390
90	476
90	489
90	512
90	519
90	566
90	591
90	701
90	753
90	860
91	126
91	137
91	153
91	177
91	217
91	222
91	227
91	367
91	608
91	774
91	870
92	96
92	137
92	146
92	166
92	225
92	227
92	247
92	281
92	427
92	480
92	683
92	696
92	725
92	827
92	850
92	906
93	143
93	144
93	149
93	151
93	161
93	166
93	169
93	246
93	330
93	343
93	526
93	605
93	816
93	857
93	858
94	111
94	120
94	145
94	242
94	269
94	271
94	298
94	396
94	432
94	469
94	564
94	925
94	931
94	949
95	133
95	210
95	249
95	250
95	401
95	436
95	479
95	501
95	535
95	575
95	616
95	681
95	725
95	866
96	143
96	210
96	246
96	290
96	336
96	364
96	447
96	599
96	673
96	679
96	852
96	854
96	915
97	211
97	247
97	310
97	334
97	335
97	427
97	459
97	710
97	720
97	742
97	766
97	774
97	999
98	113
98	172
98	181
98	229
98	291
98	376
98	377
98	412
98	718
98	749
98	900
98	936
99	100
99	107
99	193
99	206
99	217
99	271
99	292
99	327
99	354
99	446
99	503
99	671
99	733
99	943
100	150
100	169
100	171
100	246
100	303
100	334
100	568
100	585
100	597
100	644
100	778
100	891
100	947
101	111
101	120
101	145
101	158
101	203
101	281
101	396
101	538
101	539
101	542
101	562
101	739
101	931
102	173
102	220
102	253
102	392
102	418
102	442
102	489
102	490
102	528
102	909
102	933
103	125
103	127
103	179
103	198
103	204
103	233
103	276
103	294
103	342
103	359
103	361
103	493
103	702
103	914
104	144
104	153
104	166
104	210
104	278
104	296
104	368
104	395
104	444
104	568
104	617
104	820
105	137
105	222
105	225
105	335
105	437
105	522
105	608
105	625
105	673
105	823
105	824
105	827
105	906
106	155
106	160
106	181
106	185
106	189
106	212
106	216
106	221
106	474
106	553
106	700
106	712
106	869
106	1000
107	125
107	135
107	307
107	325
107	711
107	756
107	793
107	797
107	851
107	968
108	144
108	167
108	190
108	239
108	311
108	313
108	391
108	398
108	402
108	490
108	563
108	620
108	669
108	873
108	985
108	991
109	139
109	154
109	165
109	173
109	301
109	390
109	461
109	689
109	748
109	791
109	860
109	972
110	136
110	202
110	314
110	352
110	360
110	403
110	457
110	466
110	687
110	690
110	762
110	767
110	780
110	826
111	118
111	120
111	203
111	469
111	486
111	507
111	665
111	714
111	832
111	878
111	925
112	151
112	205
112	265
112	292
112	294
112	333
112	356
112	711
112	758
112	856
112	976
112	986
113	172
113	186
113	189
113	216
113	254
113	264
113	312
113	376
113	377
113	426
113	678
113	814
114	162
114	174
114	178
114	230
114	241
114	267
114	300
114	735
114	812
114	818
114	839
114	864
114	987
115	129
115	151
115	207
115	303
115	339
115	362
115	575
115	588
115	775
115	862
115	892
116	132
116	152
116	156
116	193
116	204
116	233
116	275
116	428
116	433
116	813
116	828
116	947
116	993
116	998
117	124
117	128
117	136
117	303
117	330
117	338
117	411
117	570
117	674
117	706
117	730
117	780
117	810
117	990
118	130
118	134
118	149
118	203
118	441
118	469
118	538
118	551
118	609
118	773
118	832
119	125
119	164
119	193
119	198
119	255
119	357
119	420
119	454
119	693
119	729
119	734
119	836
119	968
119	993
120	130
120	283
120	371
120	372
120	403
120	469
120	482
120	757
120	905
120	949
121	151
121	193
121	198
121	268
121	361
121	409
121	420
121	443
121	493
121	556
121	557
121	740
121	865
121	920
121	959
122	126
122	176
122	194
122	251
122	263
122	448
122	537
122	584
122	649
123	170
123	191
123	194
123	605
123	704
123	897
123	917
124	128
124	168
124	192
124	202
124	258
124	329
124	338
124	339
124	457
124	505
124	603
124	730
125	159
125	204
125	279
125	359
125	384
125	420
125	557
125	615
125	779
125	841
125	964
126	153
126	177
126	367
126	445
126	449
126	487
126	530
126	624
126	625
126	673
127	132
127	164
127	198
127	268
127	279
127	409
127	443
127	504
127	520
127	533
127	557
127	828
127	928
127	965
128	136
128	144
128	147
128	150
128	166
128	168
128	219
128	414
128	452
128	457
128	603
128	767
128	843
129	220
129	333
129	339
129	342
129	355
129	386
129	439
129	630
129	704
129	955
130	145
130	200
130	201
130	234
130	269
130	276
130	332
130	432
130	539
130	703
130	867
131	150
131	168
131	182
131	192
131	286
131	296
131	346
131	452
131	457
131	502
131	550
131	616
131	658
131	728
131	810
132	357
132	384
132	420
132	443
132	493
132	494
132	520
132	901
132	965
133	171
133	224
133	278
133	327
133	330
133	463
133	612
133	614
133	713
133	795
133	884
133	951
134	211
134	223
134	234
134	235
134	283
134	482
134	483
134	562
134	565
134	660
134	867
135	155
135	172
135	212
135	277
135	291
135	309
135	377
135	378
135	430
135	470
135	518
135	887
135	900
136	147
136	150
136	219
136	258
136	687
136	690
136	911
136	923
137	211
137	310
137	459
137	513
137	559
137	668
137	794
138	154
138	265
138	297
138	461
138	508
138	645
138	689
138	701
138	751
138	860
138	901
138	971
139	154
139	262
139	266
139	270
139	451
139	476
139	508
139	512
139	984
140	174
140	345
140	410
140	450
140	524
140	692
140	782
140	822
140	831
141	205
141	213
141	287
141	506
141	804
141	856
141	883
141	985
142	213
142	260
142	299
142	380
142	521
142	582
142	639
142	805
142	863
143	293
143	324
143	568
143	733
143	835
143	841
143	979
143	1000
144	239
144	302
144	316
144	370
144	451
144	610
144	638
144	671
144	814
145	178
145	223
145	235
145	283
145	432
145	507
145	529
145	703
145	751
146	211
146	225
146	238
146	246
146	417
146	456
146	559
146	667
146	786
146	834
147	202
147	219
147	240
147	258
147	314
147	505
147	527
147	550
147	597
147	687
147	911
148	242
148	331
148	359
148	421
148	454
148	498
148	504
148	681
148	779
148	892
148	969
149	207
149	215
149	327
149	501
149	511
149	516
149	612
149	686
149	835
150	240
150	502
150	527
150	547
150	674
150	849
150	871
150	899
151	174
151	180
151	200
151	302
151	449
151	503
151	627
151	807
152	156
152	180
152	209
152	242
152	255
152	275
152	420
152	702
152	937
153	247
153	304
153	365
153	459
153	667
154	274
154	503
154	519
154	522
154	736
154	809
155	186
155	277
155	430
155	435
155	503
155	655
155	699
155	741
155	776
155	966
156	204
156	215
156	348
156	409
156	454
156	504
156	558
156	746
156	820
156	836
157	174
157	311
157	345
157	407
157	506
157	540
157	567
157	587
157	713
157	777
157	808
157	811
157	926
158	332
158	381
158	396
158	564
158	609
158	757
158	950
158	960
159	180
159	233
159	294
159	308
159	421
159	428
159	473
159	533
159	681
159	715
159	921
160	181
160	189
160	277
160	305
160	375
160	433
160	565
160	586
160	682
161	185
161	289
161	408
161	481
161	484
161	559
161	610
161	688
161	808
161	934
162	169
162	230
162	366
162	415
162	510
162	595
162	639
162	752
162	855
162	946
162	977
163	214
163	305
163	340
163	435
163	500
163	565
163	902
163	981
164	218
164	308
164	409
164	473
164	493
164	615
164	716
164	813
164	914
164	953
164	969
165	169
165	226
165	253
165	442
165	461
165	489
165	512
165	768
165	972
165	982
166	175
166	250
166	339
166	343
166	451
166	572
166	598
166	877
166	951
167	187
167	369
167	506
167	580
167	760
167	873
167	904
168	192
168	219
168	338
168	414
168	527
168	572
168	603
168	762
168	810
168	849
169	196
169	265
169	271
169	368
169	397
169	412
169	511
169	827
169	853
170	301
170	324
170	556
170	581
170	649
170	691
170	885
171	205
171	265
171	306
171	333
171	485
171	501
171	535
171	933
172	181
172	212
172	375
172	536
172	614
172	700
172	776
172	789
172	833
173	229
173	270
173	416
173	429
173	488
173	525
173	569
173	589
173	654
173	982
174	184
174	187
174	305
174	323
174	383
174	492
174	524
174	830
175	197
175	213
175	229
175	241
175	386
175	419
175	436
175	717
175	859
176	207
176	228
176	248
176	365
176	554
176	636
176	666
176	893
176	897
177	211
177	310
177	336
177	363
177	379
177	668
177	771
178	184
178	208
178	232
178	366
178	380
179	198
179	475
179	558
179	562
179	637
179	715
179	959
179	974
179	996
180	209
180	276
180	331
180	348
180	498
180	882
181	205
181	214
181	245
181	252
181	375
181	907
182	192
182	202
182	258
182	286
182	338
182	346
182	570
182	613
182	763
182	821
182	826
183	370
183	378
183	426
183	500
183	635
183	695
183	699
183	749
183	941
184	196
184	311
184	369
184	391
184	410
184	777
184	822
184	873
185	303
185	362
185	463
185	593
185	705
185	814
185	819
185	955
185	981
186	349
186	435
186	708
186	749
186	907
186	919
186	939
186	981
187	208
187	313
187	385
187	404
187	425
187	661
187	808
187	831
188	189
188	237
188	306
188	349
188	375
188	430
188	966
188	997
189	700
189	819
189	848
189	869
189	961
190	280
190	450
190	567
190	622
190	729
190	777
190	894
191	194
191	301
191	365
191	845
191	942
191	944
192	217
192	346
192	352
192	360
192	550
192	772
192	878
193	204
193	347
193	593
193	716
193	836
193	918
193	937
194	224
194	320
194	382
194	935
194	980
195	228
195	263
195	317
195	324
195	365
195	619
195	814
195	940
196	307
196	398
196	484
196	643
196	720
196	919
196	973
197	204
197	209
197	384
197	443
197	545
197	557
197	702
197	937
198	204
198	231
198	326
198	408
198	475
198	556
198	993
199	290
199	368
199	436
199	523
199	525
199	547
199	623
199	845
199	956
200	215
200	278
200	339
200	354
200	362
200	397
200	451
200	527
200	839
200	956
201	298
201	529
201	660
201	723
201	960
201	976
202	411
202	466
202	706
202	707
202	728
202	826
202	871
203	273
203	332
203	486
203	539
203	578
203	703
204	218
204	279
204	465
205	207
205	210
205	289
205	303
205	501
206	232
206	318
206	326
206	560
206	724
206	791
206	836
206	841
207	327
207	388
207	616
207	641
207	999
208	299
208	330
208	369
208	410
208	516
208	725
208	738
209	242
209	355
209	556
209	615
209	734
210	221
210	327
210	412
210	616
210	643
210	835
210	985
211	272
211	310
211	517
211	592
211	668
211	679
212	254
212	340
212	351
212	353
212	370
212	378
212	518
213	300
213	491
213	534
214	252
214	291
214	376
214	499
214	803
214	825
214	829
215	283
215	292
215	302
215	360
215	449
215	571
215	740
215	953
216	229
216	254
216	626
216	682
217	258
217	296
217	601
217	790
217	815
217	871
218	433
218	454
218	558
218	576
218	693
218	865
218	920
218	932
218	969
219	258
219	314
219	601
219	780
219	855
220	288
220	350
220	416
220	461
220	606
220	909
221	282
221	284
221	376
221	497
221	708
222	272
222	307
222	367
222	517
222	667
223	227
223	273
223	542
223	551
223	634
223	764
224	248
224	460
224	636
224	726
224	912
224	980
225	261
225	290
225	459
225	670
225	852
225	892
226	270
226	751
226	785
226	809
226	922
226	984
227	246
227	272
227	364
227	437
227	667
227	670
228	256
228	721
228	952
229	291
229	499
229	936
230	299
230	337
230	404
230	423
230	425
230	470
230	492
230	602
231	275
231	361
231	372
231	421
231	615
231	920
231	964
232	366
232	369
232	402
232	563
232	991
233	255
233	275
233	428
233	583
233	593
233	783
233	964
234	235
234	371
234	714
234	792
234	949
235	371
235	486
235	542
235	632
236	369
236	381
236	460
236	912
236	963
237	353
237	470
237	518
237	614
237	936
237	981
238	290
238	310
238	364
238	535
238	560
238	859
239	398
239	631
239	677
239	873
240	346
240	613
240	767
240	778
240	899
240	923
240	934
241	385
241	387
241	398
241	401
241	407
241	424
241	875
241	904
242	255
242	308
242	326
242	494
242	734
243	508
243	569
243	722
243	737
243	916
244	262
244	390
244	476
244	481
244	541
244	736
244	759
244	971
245	265
245	284
245	318
245	436
245	597
245	610
246	247
246	440
246	455
247	307
247	456
247	459
247	529
248	400
248	458
248	465
248	788
249	392
249	434
249	526
249	535
249	575
249	863
250	257
250	342
250	653
250	746
250	959
251	263
251	422
251	659
251	688
251	721
251	935
251	988
252	264
252	478
252	536
252	682
252	708
252	961
253	355
253	374
253	528
253	566
253	737
253	913
254	305
254	435
254	676
254	682
254	789
255	331
255	384
255	475
255	865
256	365
256	944
256	963
256	968
257	344
257	369
257	622
257	713
257	838
257	880
257	991
258	296
258	728
258	778
258	826
259	304
259	517
259	599
259	608
259	667
259	696
259	766
259	894
260	267
260	287
260	404
260	516
260	830
260	848
261	304
261	355
261	417
261	456
261	513
261	817
262	295
262	448
262	606
262	629
262	809
262	982
262	984
263	372
263	788
264	305
264	434
264	548
264	635
264	699
264	941
265	285
265	704
265	847
266	424
266	521
266	595
266	656
266	661
266	844
266	946
266	977
267	293
267	344
267	450
267	752
268	366
268	504
268	975
268	996
269	299
269	551
269	723
270	295
270	753
270	809
271	386
271	397
271	412
271	518
271	701
271	951
272	434
272	447
272	859
273	396
273	472
273	888
273	925
274	522
274	701
274	750
274	853
274	913
275	420
275	428
275	473
275	498
275	593
276	473
276	576
276	693
276	833
276	928
276	957
277	358
278	351
278	357
278	449
278	501
278	865
279	421
279	509
279	568
279	576
279	716
279	727
280	453
280	477
280	492
280	639
280	784
281	290
281	513
281	517
281	744
282	291
282	340
282	358
282	470
282	655
282	900
283	507
283	960
284	377
284	518
284	536
284	548
284	902
284	919
285	356
285	397
285	495
285	719
285	823
285	858
286	314
286	329
286	457
286	527
286	899
287	299
287	300
287	464
287	692
287	709
288	438
288	444
288	569
288	916
288	972
289	395
289	465
289	837
289	840
289	848
289	938
290	440
290	496
291	721
291	887
291	900
292	318
292	358
292	665
292	733
292	851
293	323
293	385
293	450
293	656
294	421
294	443
294	475
294	557
294	998
295	461
295	591
295	751
296	352
296	360
296	728
296	730
297	390
297	547
297	569
297	607
297	983
298	332
298	395
298	538
298	634
298	950
299	313
299	399
299	425
299	515
300	315
300	321
300	322
300	495
300	506
300	510
301	324
301	448
301	896
302	319
302	623
302	729
303	333
303	394
303	796
304	413
304	496
304	817
304	824
305	553
305	869
306	318
306	342
306	363
306	478
306	746
306	770
307	575
307	638
307	898
308	716
308	964
308	974
308	989
309	407
309	511
309	648
309	857
309	936
309	956
310	679
310	823
310	847
311	407
311	419
311	492
311	563
311	839
312	426
312	427
312	754
312	872
312	997
313	399
313	765
314	570
314	684
314	923
315	468
315	534
315	618
316	351
316	363
316	532
316	736
317	387
317	555
317	917
318	413
318	433
318	773
318	951
319	467
319	581
319	605
319	893
320	332
320	396
320	507
320	538
320	539
320	905
321	407
321	415
321	424
321	987
322	587
322	646
323	669
323	677
323	875
323	968
324	555
325	496
325	867
325	955
326	357
326	531
326	715
326	879
327	506
327	558
328	329
328	362
328	658
328	733
328	821
328	884
328	953
329	338
329	613
329	690
330	395
330	864
331	588
331	918
332	925
333	611
333	680
333	745
334	436
334	473
334	821
334	845
335	336
335	445
335	652
337	401
337	410
337	515
337	642
337	675
337	822
337	838
338	706
338	730
338	871
339	415
340	405
340	682
340	819
340	846
341	393
341	448
341	545
341	890
341	963
342	373
342	408
342	725
342	858
343	644
343	778
344	402
344	453
344	622
344	904
345	510
345	577
345	697
345	880
346	502
346	561
346	790
347	348
347	421
347	533
347	672
347	932
347	989
348	533
348	545
348	761
348	889
348	918
348	947
349	376
349	430
349	590
349	604
349	936
350	418
350	573
350	681
350	868
351	479
351	807
351	964
352	561
352	631
352	684
352	849
352	990
353	370
353	375
353	465
353	590
354	476
354	725
354	816
355	403
355	514
355	680
356	653
356	722
356	740
356	1000
357	693
357	937
357	969
358	586
358	699
358	787
358	806
359	428
359	828
359	901
359	947
359	989
360	570
360	674
360	690
361	443
361	920
361	921
361	998
362	734
362	857
363	424
363	795
364	487
364	894
366	506
366	760
366	880
367	395
367	480
367	487
367	673
368	393
368	497
368	704
368	707
368	943
369	477
369	582
370	426
370	756
371	447
371	757
372	670
372	724
373	395
373	403
373	511
373	532
373	675
373	706
373	816
374	388
374	573
374	881
374	922
374	984
376	377
376	741
376	876
377	500
377	731
378	787
378	938
378	992
379	594
379	608
379	696
379	744
380	398
380	567
380	656
380	677
380	875
381	446
381	533
381	543
381	693
382	393
382	485
382	633
383	582
383	587
384	556
384	833
385	432
385	620
385	646
385	831
386	535
386	746
386	908
386	989
387	633
387	886
387	897
388	512
389	446
389	514
389	613
389	640
389	761
389	892
389	926
390	853
390	927
391	618
391	774
391	804
392	429
392	629
392	736
393	400
393	666
394	462
394	600
394	621
395	572
395	862
396	495
396	529
397	405
397	602
398	424
399	453
399	516
399	534
399	842
400	537
400	681
400	962
402	521
402	574
402	639
402	844
402	864
404	544
404	585
404	641
404	864
405	575
405	585
405	711
405	746
405	898
406	425
406	492
406	661
406	735
406	812
406	844
407	602
407	661
408	412
408	430
408	769
408	772
408	781
409	921
410	620
410	672
410	977
411	452
411	658
411	762
411	810
411	843
412	612
412	769
413	511
413	597
413	722
413	724
413	884
414	561
414	601
414	687
415	631
415	877
415	985
416	525
416	541
416	971
416	983
417	445
417	652
417	710
417	724
418	573
418	762
418	785
418	916
419	463
419	504
419	722
419	967
420	593
420	976
422	571
423	631
423	697
423	705
423	752
424	738
424	799
424	805
425	468
425	510
425	516
426	798
426	835
427	437
427	513
427	910
428	475
428	637
428	959
429	488
429	525
429	591
429	648
429	726
430	499
430	803
431	448
431	467
433	532
433	745
433	794
434	441
434	662
434	671
435	604
435	846
435	869
436	841
437	440
437	823
437	868
438	519
438	689
439	481
439	501
439	523
439	672
440	667
441	546
441	551
441	837
442	508
442	606
442	651
443	471
443	734
444	490
444	717
444	737
446	740
446	778
447	455
448	584
448	962
449	719
449	796
451	479
451	715
452	505
452	610
452	763
453	883
453	910
454	498
454	533
454	655
455	456
455	797
455	854
456	543
456	663
456	676
457	463
457	466
458	659
458	807
460	802
461	654
461	841
462	514
462	632
462	804
464	477
464	491
464	799
465	609
465	676
466	601
466	815
466	934
467	691
467	726
468	822
469	685
469	723
470	604
470	678
471	485
471	733
471	761
472	483
472	507
472	579
473	583
473	947
474	536
474	678
475	924
476	525
476	868
477	602
477	743
477	777
478	497
478	499
478	806
479	526
479	628
481	617
481	638
481	861
482	538
482	564
483	579
483	685
483	739
484	495
484	592
485	672
485	721
485	908
486	837
486	888
487	662
487	729
487	774
488	489
488	522
488	569
488	684
489	648
489	748
490	566
490	753
490	913
490	922
491	492
491	647
491	895
492	945
493	623
493	889
494	545
494	828
495	682
496	652
496	744
497	518
497	819
497	872
498	779
498	813
499	655
499	892
500	747
500	966
501	612
502	505
503	686
503	918
503	972
504	928
505	570
505	644
506	661
507	832
509	879
509	889
509	924
509	989
510	657
511	894
512	569
513	852
514	532
514	630
515	580
515	680
516	855
518	754
519	528
520	558
520	863
520	995
521	544
521	639
522	651
523	552
523	625
523	719
523	770
524	732
524	812
524	856
525	717
526	571
526	638
526	898
527	911
530	592
530	611
530	910
531	576
531	779
531	899
533	734
534	676
534	808
536	754
536	981
539	714
539	978
540	647
540	732
540	945
541	629
541	648
542	714
543	679
543	742
544	582
544	642
545	583
545	593
546	562
546	867
547	707
547	755
547	769
548	708
548	712
548	829
549	591
549	607
549	645
549	891
549	971
550	780
552	653
552	769
552	796
552	955
553	749
553	876
553	887
553	919
554	666
554	929
554	944
554	988
555	908
559	1000
560	744
560	797
561	674
562	609
563	641
563	709
564	723
565	758
565	840
567	692
568	675
568	719
570	616
570	790
571	584
571	695
572	579
572	680
574	587
574	672
574	930
575	577
576	879
576	924
577	891
577	951
578	619
578	688
579	878
580	595
580	838
581	688
582	669
583	727
583	813
583	959
584	825
585	610
585	617
585	861
587	991
588	702
588	716
589	748
589	881
589	916
592	662
592	854
595	642
595	799
596	631
596	765
598	617
598	686
599	668
599	755
601	674
602	732
603	956
606	736
606	976
607	640
607	768
609	970
610	711
611	874
612	731
612	927
613	763
614	699
614	840
614	902
615	783
617	958
618	800
619	944
620	782
621	893
621	992
622	694
623	681
623	731
623	927
624	679
624	771
624	835
625	744
625	852
626	840
626	902
628	669
628	697
628	743
629	689
630	884
631	713
632	792
632	931
633	801
634	660
635	718
636	638
637	993
637	995
640	731
640	851
642	842
643	683
643	796
643	815
643	849
644	709
644	729
645	650
645	768
645	983
646	875
647	760
647	994
649	943
651	737
652	710
654	656
654	785
655	938
656	818
657	732
658	815
658	923
662	874
663	683
663	698
664	807
664	821
665	949
668	859
669	738
670	847
672	994
674	934
677	830
678	968
679	794
680	705
683	797
684	762
685	822
687	843
689	770
690	763
691	896
692	930
694	709
694	818
694	977
695	966
696	720
697	903
698	817
700	819
700	923
702	715
702	975
703	978
705	803
706	772
710	723
710	910
712	784
712	887
714	757
716	727
718	829
719	761
719	848
720	827
721	852
721	858
722	851
722	914
725	927
730	911
735	895
735	926
737	753
738	800
739	866
739	905
741	941
742	979
745	795
747	907
747	938
748	814
750	868
752	811
752	844
755	774
755	834
755	915
759	868
763	906
764	978
765	805
765	991
766	793
767	843
768	861
775	949
777	804
779	943
782	856
782	864
783	851
783	882
784	894
785	983
787	872
788	962
789	876
790	978
791	816
793	870
796	963
798	829
798	840
800	818
802	954
803	939
805	945
807	953
820	921
821	845
825	942
830	958
849	899
850	870
850	906
855	987
856	883
857	973
860	933
862	956
863	879
866	960
867	950
870	874
872	958
876	887
876	997
877	895
881	909
882	928
885	890
885	992
890	952
890	986
891	902
901	974
903	930
912	988
915	979
918	965
921	928
924	998
930	967
932	996
939	941
940	1000
941	961
948	985
957	996
958	976
975	998
