1	2
1	8
1	12
1	20
1	29
1	50
1	51
1	52
1	68
1	75
1	78
1	121
1	128
1	176
1	193
1	204
1	224
1	243
1	245
1	273
1	293
1	326
1	327
1	331
1	342
1	359
1	383
1	408
1	447
1	450
1	457
1	510
1	525
1	532
1	536
1	565
1	576
1	577
1	604
1	626
1	672
1	680
1	734
1	772
1	825
1	867
1	911
1	963
1	997
1	1000
2	5
2	17
2	21
2	32
2	37
2	47
2	48
2	76
2	89
2	92
2	93
2	100
2	101
2	102
2	111
2	114
2	115
2	116
2	121
2	123
2	163
2	215
2	219
2	252
2	253
2	278
2	315
2	317
2	377
2	419
2	452
2	455
2	467
2	491
2	542
2	593
2	628
2	689
2	748
2	753
2	760
2	795
2	855
2	873
2	877
2	947
2	964
2	969
3	6
3	7
3	12
3	22
3	25
3	43
3	44
3	49
3	68
3	72
3	80
3	86
3	109
3	114
3	134
3	145
3	152
3	157
3	169
3	199
3	209
3	229
3	277
3	365
3	371
3	388
3	427
3	466
3	477
3	478
3	484
3	526
3	529
3	546
3	562
3	587
3	590
3	615
3	632
3	693
3	704
3	729
3	827
3	863
3	881
3	900
3	906
3	960
4	11
4	17
4	36
4	52
4	54
4	63
4	77
4	88
4	110
4	120
4	140
4	150
4	157
4	166
4	171
4	177
4	206
4	228
4	236
4	238
4	249
4	261
4	275
4	277
4	281
4	286
4	317
4	372
4	417
4	421
4	456
4	475
4	621
4	644
4	664
4	689
4	693
4	717
4	751
4	754
4	769
4	792
4	825
4	826
4	873
4	955
4	965
4	996
5	9
5	10
5	12
5	13
5	23
5	44
5	62
5	74
5	83
5	95
5	123
5	149
5	168
5	177
5	239
5	286
5	293
5	297
5	313
5	397
5	404
5	454
5	461
5	463
5	476
5	539
5	584
5	632
5	756
5	762
5	778
5	812
5	847
5	867
5	868
5	874
5	887
5	916
5	926
5	947
5	950
5	964
5	988
5	993
6	9
6	13
6	18
6	27
6	66
6	67
6	87
6	89
6	111
6	116
6	127
6	151
6	162
6	258
6	279
6	325
6	343
6	347
6	356
6	358
6	386
6	421
6	435
6	462
6	466
6	477
6	524
6	552
6	563
6	570
6	593
6	623
6	647
6	658
6	828
6	860
6	892
6	894
6	921
6	970
7	23
7	25
7	47
7	48
7	56
7	90
7	103
7	104
7	132
7	155
7	179
7	202
7	207
7	248
7	277
7	308
7	358
7	390
7	396
7	419
7	470
7	496
7	514
7	522
7	524
7	650
7	657
7	675
7	690
7	736
7	739
7	784
7	793
7	837
7	871
7	890
7	893
7	949
7	978
8	9
8	10
8	12
8	14
8	26
8	41
8	43
8	48
8	58
8	66
8	92
8	139
8	151
8	158
8	204
8	211
8	214
8	243
8	256
8	270
8	326
8	336
8	405
8	431
8	438
8	445
8	452
8	492
8	553
8	583
8	602
8	677
8	692
8	719
8	756
8	765
8	766
8	810
8	968
9	17
9	26
9	29
9	32
9	43
9	57
9	64
9	74
9	83
9	98
9	99
9	107
9	113
9	124
9	128
9	131
9	143
9	194
9	201
9	206
9	277
9	282
9	300
9	320
9	369
9	386
9	407
9	453
9	462
9	484
9	566
9	580
9	582
9	632
9	721
9	805
9	913
10	12
10	22
10	25
10	44
10	51
10	57
10	71
10	73
10	80
10	110
10	144
10	164
10	172
10	200
10	267
10	333
10	374
10	401
10	419
10	424
10	477
10	618
10	626
10	645
10	671
10	744
10	776
10	787
10	821
10	848
10	912
10	994
11	28
11	30
11	39
11	45
11	52
11	55
11	66
11	68
11	98
11	104
11	133
11	190
11	225
11	270
11	327
11	385
11	393
11	394
11	434
11	474
11	501
11	532
11	560
11	568
11	637
11	689
11	705
11	719
11	798
11	808
11	871
11	922
12	14
12	32
12	41
12	42
12	50
12	51
12	62
12	70
12	91
12	101
12	214
12	219
12	283
12	285
12	286
12	308
12	337
12	358
12	415
12	455
12	626
12	714
12	786
12	796
12	846
12	947
12	991
13	63
13	64
13	65
13	74
13	82
13	99
13	105
13	107
13	119
13	148
13	167
13	176
13	203
13	208
13	223
13	233
13	252
13	275
13	281
13	317
13	325
13	440
13	461
13	515
13	664
13	855
13	934
13	977
13	982
14	20
14	43
14	53
14	55
14	60
14	62
14	70
14	71
14	75
14	95
14	126
14	158
14	170
14	175
14	239
14	286
14	292
14	330
14	418
14	427
14	431
14	547
14	577
14	654
14	738
14	811
14	813
14	918
14	979
15	35
15	38
15	39
15	42
15	51
15	65
15	115
15	127
15	129
15	144
15	160
15	221
15	252
15	255
15	273
15	287
15	300
15	324
15	330
15	369
15	467
15	538
15	559
15	597
15	630
15	640
15	659
15	697
15	723
15	766
15	778
16	26
16	30
16	59
16	65
16	84
16	104
16	114
16	129
16	132
16	148
16	157
16	160
16	201
16	263
16	270
16	278
16	284
16	304
16	394
16	401
16	445
16	448
16	469
16	645
16	685
16	710
16	820
16	887
16	918
16	975
16	979
17	18
17	21
17	36
17	59
17	73
17	76
17	96
17	159
17	251
17	329
17	352
17	365
17	404
17	427
17	557
17	617
17	690
17	753
17	796
17	815
17	849
17	855
17	868
17	880
17	888
17	998
17	999
18	22
18	25
18	39
18	44
18	72
18	84
18	86
18	101
18	116
18	176
18	179
18	185
18	203
18	268
18	304
18	322
18	339
18	516
18	531
18	568
18	594
18	599
18	611
18	643
18	648
18	799
18	866
19	27
19	35
19	48
19	53
19	78
19	107
19	110
19	121
19	123
19	135
19	140
19	161
19	205
19	206
19	224
19	291
19	322
19	337
19	342
19	391
19	474
19	484
19	502
19	515
19	696
19	711
19	712
19	848
19	899
20	38
20	61
20	65
20	67
20	74
20	96
20	105
20	250
20	266
20	268
20	272
20	284
20	316
20	328
20	401
20	433
20	479
20	569
20	669
20	801
20	817
20	854
20	890
20	895
20	913
20	982
20	997
21	25
21	37
21	41
21	71
21	73
21	75
21	105
21	113
21	143
21	196
21	201
21	258
21	284
21	290
21	329
21	356
21	378
21	427
21	473
21	476
21	558
21	610
21	613
21	751
21	871
21	919
22	35
22	41
22	42
22	59
22	77
22	99
22	161
22	176
22	209
22	215
22	220
22	237
22	261
22	304
22	375
22	438
22	496
22	549
22	637
22	674
22	856
22	872
22	945
23	40
23	54
23	63
23	67
23	161
23	163
23	175
23	256
23	266
23	277
23	376
23	431
23	457
23	509
23	522
23	545
23	546
23	551
23	564
23	708
23	717
23	834
23	890
23	901
24	48
24	67
24	71
24	79
24	90
24	129
24	148
24	216
24	241
24	249
24	298
24	346
24	420
24	432
24	453
24	538
24	555
24	609
24	625
24	693
24	696
24	725
24	727
24	852
24	874
25	38
25	60
25	103
25	221
25	262
25	286
25	289
25	300
25	335
25	430
25	641
25	652
25	668
25	755
25	783
25	814
25	922
25	955
25	983
25	995
26	39
26	83
26	84
26	175
26	179
26	184
26	225
26	259
26	264
26	286
26	317
26	509
26	516
26	555
26	606
26	634
26	642
26	650
26	710
26	794
26	833
27	37
27	47
27	81
27	114
27	116
27	121
27	148
27	157
27	179
27	221
27	276
27	310
27	314
27	401
27	402
27	422
27	445
27	449
27	550
27	634
27	648
27	969
28	53
28	72
28	171
28	178
28	197
28	208
28	287
28	306
28	308
28	312
28	369
28	386
28	419
28	453
28	473
28	512
28	566
28	621
28	634
28	749
28	785
28	789
28	851
29	32
29	57
29	77
29	78
29	116
29	128
29	132
29	163
29	168
29	169
29	253
29	255
29	366
29	505
29	588
29	593
29	632
29	668
29	708
29	771
29	814
29	957
30	37
30	76
30	85
30	91
30	100
30	128
30	133
30	190
30	208
30	271
30	336
30	343
30	413
30	521
30	545
30	593
30	649
30	714
30	795
30	804
30	865
31	36
31	38
31	81
31	90
31	108
31	119
31	124
31	135
31	262
31	341
31	359
31	446
31	505
31	516
31	518
31	526
31	538
31	571
31	724
31	730
31	774
31	841
31	853
32	33
32	49
32	83
32	132
32	210
32	218
32	260
32	288
32	300
32	321
32	366
32	407
32	527
32	691
32	739
32	745
32	866
32	940
33	58
33	95
33	215
33	238
33	268
33	291
33	349
33	374
33	426
33	432
33	433
33	480
33	511
33	536
33	608
33	615
33	718
33	749
33	761
33	815
33	967
34	53
34	98
34	120
34	154
34	195
34	200
34	237
34	271
34	288
34	315
34	360
34	388
34	400
34	406
34	498
34	525
34	586
34	841
34	879
34	883
34	914
34	976
35	96
35	117
35	185
35	192
35	198
35	203
35	305
35	320
35	340
35	379
35	414
35	444
35	585
35	681
35	740
35	879
35	906
35	985
35	995
36	75
36	158
36	170
36	217
36	236
36	244
36	249
36	276
36	358
36	370
36	411
36	416
36	426
36	520
36	544
36	664
36	665
36	882
37	76
37	83
37	160
37	168
37	214
37	218
37	229
37	267
37	284
37	355
37	485
37	564
37	651
37	787
37	829
37	985
37	990
38	47
38	101
38	114
38	156
38	233
38	299
38	302
38	371
38	402
38	443
38	534
38	548
38	654
38	695
38	776
38	988
38	990
39	52
39	65
39	164
39	171
39	191
39	198
39	199
39	216
39	298
39	340
39	431
39	457
39	559
39	713
39	805
39	830
39	917
40	61
40	88
40	96
40	109
40	148
40	194
40	196
40	210
40	281
40	335
40	347
40	368
40	569
40	592
40	619
40	770
40	838
40	881
40	923
40	980
41	49
41	75
41	91
41	214
41	229
41	258
41	263
41	331
41	420
41	436
41	483
41	605
41	831
41	873
41	901
41	927
42	61
42	86
42	118
42	200
42	245
42	327
42	347
42	395
42	436
42	464
42	562
42	595
42	598
42	782
42	813
42	875
42	920
43	62
43	74
43	75
43	77
43	78
43	109
43	137
43	213
43	222
43	281
43	460
43	562
43	633
43	756
43	805
43	860
44	96
44	102
44	122
44	170
44	273
44	411
44	420
44	444
44	471
44	481
44	529
44	631
44	698
44	802
44	804
44	823
45	108
45	121
45	135
45	137
45	142
45	161
45	171
45	174
45	205
45	367
45	471
45	548
45	617
45	676
45	784
45	809
45	842
45	849
45	892
46	73
46	85
46	113
46	164
46	265
46	296
46	300
46	311
46	333
46	361
46	386
46	439
46	552
46	570
46	604
46	642
46	699
46	829
46	944
46	982
47	132
47	135
47	163
47	189
47	203
47	299
47	316
47	332
47	345
47	370
47	413
47	486
47	523
47	623
47	704
47	820
48	54
48	67
48	114
48	127
48	138
48	156
48	252
48	301
48	327
48	451
48	551
48	602
48	798
48	911
48	987
49	58
49	65
49	73
49	98
49	113
49	132
49	173
49	247
49	283
49	329
49	458
49	479
49	590
49	594
49	601
49	632
49	832
50	74
50	109
50	125
50	286
50	293
50	294
50	328
50	399
50	417
50	488
50	612
50	629
50	742
50	824
50	829
50	941
50	989
50	993
51	53
51	64
51	65
51	73
51	78
51	88
51	90
51	102
51	128
51	186
51	352
51	437
51	597
51	618
51	623
52	79
52	99
52	181
52	235
52	243
52	283
52	311
52	348
52	479
52	611
52	614
52	714
52	788
52	938
52	956
53	111
53	113
53	399
53	439
53	483
53	565
53	611
53	616
53	643
53	832
53	877
53	901
53	939
53	945
54	82
54	93
54	144
54	147
54	152
54	162
54	213
54	238
54	275
54	295
54	370
54	455
54	507
54	828
54	866
54	937
55	66
55	69
55	75
55	81
55	103
55	125
55	156
55	240
55	244
55	323
55	362
55	488
55	594
55	651
55	658
55	836
55	877
56	67
56	79
56	134
56	168
56	350
56	353
56	375
56	384
56	400
56	596
56	634
56	653
56	714
56	740
56	821
56	907
56	948
56	966
57	62
57	82
57	87
57	115
57	155
57	186
57	217
57	451
57	493
57	546
57	595
57	640
57	836
57	861
57	880
58	167
58	171
58	181
58	436
58	456
58	486
58	598
58	638
58	652
58	785
58	832
58	833
58	859
58	951
58	989
59	64
59	103
59	107
59	121
59	137
59	143
59	291
59	502
59	526
59	540
59	645
59	678
59	842
59	876
59	886
60	74
60	82
60	102
60	118
60	147
60	421
60	436
60	451
60	452
60	468
60	546
60	602
60	654
60	868
60	883
60	978
61	71
61	91
61	102
61	145
61	175
61	237
61	267
61	343
61	420
61	599
61	677
61	701
61	727
61	910
61	920
62	75
62	114
62	134
62	139
62	184
62	458
62	526
62	565
62	646
62	718
62	867
62	919
63	68
63	99
63	153
63	208
63	236
63	270
63	317
63	361
63	523
63	547
63	697
63	773
63	827
63	960
64	104
64	117
64	142
64	210
64	226
64	274
64	352
64	540
64	630
64	631
64	665
64	666
64	685
65	175
65	269
65	299
65	327
65	328
65	491
65	535
65	661
65	854
65	894
66	77
66	81
66	237
66	364
66	435
66	452
66	581
66	597
66	656
66	704
66	797
66	803
66	806
67	127
67	159
67	162
67	210
67	282
67	304
67	327
67	461
67	663
67	832
67	903
68	88
68	136
68	166
68	186
68	189
68	292
68	329
68	418
68	433
68	448
68	506
68	815
69	93
69	96
69	140
69	143
69	165
69	234
69	347
69	352
69	397
69	460
69	472
69	624
69	649
69	788
69	922
70	74
70	75
70	78
70	204
70	242
70	257
70	259
70	408
70	468
70	627
70	688
70	722
70	838
70	888
71	74
71	76
71	82
71	130
71	175
71	447
71	542
71	847
71	862
71	901
71	996
72	103
72	117
72	141
72	218
72	269
72	289
72	369
72	374
72	417
72	448
72	592
72	689
72	915
73	100
73	105
73	212
73	222
73	251
73	315
73	398
73	418
73	472
73	630
74	236
74	455
74	502
74	520
74	761
74	818
74	970
75	120
75	218
75	231
75	454
75	729
75	764
75	861
76	119
76	123
76	272
76	281
76	289
76	377
76	392
76	586
76	655
76	884
76	939
77	125
77	155
77	159
77	207
77	267
77	307
77	559
77	589
77	619
77	721
77	807
78	104
78	108
78	143
78	263
78	406
78	576
78	655
78	898
78	978
78	996
79	87
79	166
79	192
79	253
79	269
79	270
79	480
79	524
79	564
79	616
79	620
79	796
80	121
80	215
80	261
80	335
80	378
80	414
80	417
80	441
80	549
80	670
80	751
80	890
80	931
81	89
81	100
81	166
81	248
81	353
81	520
81	531
81	587
81	606
81	915
81	959
82	94
82	149
82	193
82	242
82	418
82	548
82	575
82	651
82	853
82	990
83	273
83	321
83	504
83	510
83	606
83	773
83	780
83	840
83	941
83	959
84	137
84	201
84	203
84	258
84	279
84	305
84	306
84	331
84	434
84	613
84	708
84	822
85	99
85	120
85	296
85	314
85	320
85	384
85	418
85	423
85	627
85	631
85	714
85	879
85	949
86	88
86	167
86	191
86	193
86	220
86	237
86	271
86	281
86	282
86	768
86	830
86	945
87	95
87	105
87	108
87	112
87	435
87	634
87	639
87	661
87	715
87	813
87	824
87	863
88	205
88	260
88	282
88	283
88	288
88	337
88	610
88	633
88	897
88	965
89	180
89	278
89	399
89	412
89	428
89	443
89	497
89	706
89	780
89	920
89	973
90	114
90	234
90	236
90	266
90	272
90	276
90	288
90	368
90	446
90	971
91	112
91	167
91	183
91	294
91	463
91	556
91	602
91	842
91	888
91	947
92	143
92	165
92	205
92	251
92	264
92	325
92	428
92	432
92	623
92	725
92	937
92	970
93	138
93	144
93	214
93	236
93	237
93	244
93	508
93	574
93	921
93	964
93	980
94	144
94	173
94	198
94	278
94	305
94	495
94	620
94	673
94	707
94	747
94	766
94	767
94	872
95	103
95	141
95	274
95	287
95	305
95	362
95	381
95	495
95	819
95	951
96	119
96	249
96	344
96	377
96	528
96	573
96	788
96	950
97	105
97	150
97	232
97	234
97	257
97	321
97	378
97	452
97	572
97	746
97	772
97	933
97	972
97	978
98	138
98	155
98	207
98	248
98	387
98	404
98	450
98	789
98	935
98	985
99	108
99	154
99	250
99	254
99	297
99	465
99	654
99	902
100	130
100	171
100	392
100	407
100	417
100	579
100	686
100	766
100	953
100	968
101	121
101	126
101	261
101	351
101	419
101	539
101	583
101	691
101	803
101	883
102	115
102	143
102	202
102	217
102	428
102	761
102	786
102	858
102	877
103	148
103	184
103	350
103	477
103	499
103	562
103	851
103	998
104	202
104	306
104	310
104	331
104	356
104	514
104	574
104	863
104	897
105	268
105	383
105	404
105	463
105	485
105	668
105	719
105	921
106	124
106	158
106	262
106	273
106	277
106	289
106	294
106	349
106	404
106	561
106	675
106	708
106	924
106	991
107	173
107	244
107	315
107	322
107	346
107	424
107	459
107	568
107	735
107	759
108	217
108	237
108	260
108	466
108	503
108	668
108	695
108	791
108	992
109	110
109	170
109	223
109	226
109	276
109	326
109	672
109	682
109	876
109	982
110	134
110	152
110	220
110	337
110	356
110	476
110	660
110	682
110	763
110	821
111	180
111	316
111	321
111	348
111	443
111	484
111	571
111	590
111	923
111	983
112	137
112	181
112	184
112	226
112	478
112	529
112	562
112	572
112	646
112	724
112	925
113	198
113	206
113	295
113	504
113	530
113	654
113	662
113	936
114	240
114	355
114	436
114	707
114	784
115	182
115	350
115	429
115	515
115	542
115	625
115	701
115	709
115	856
116	197
116	260
116	365
116	378
116	511
116	591
116	603
116	637
117	161
117	188
117	201
117	220
117	232
117	334
117	500
117	503
117	532
117	889
118	181
118	353
118	374
118	429
118	464
118	475
118	504
118	534
118	542
118	791
118	919
119	160
119	188
119	202
119	301
119	598
119	703
119	727
119	749
119	844
120	125
120	132
120	220
120	406
120	489
120	711
120	823
120	850
120	966
121	192
121	367
121	540
121	752
121	959
122	126
122	177
122	183
122	228
122	230
122	315
122	380
122	472
122	752
122	825
122	889
122	898
123	128
123	167
123	183
123	447
123	479
123	603
123	811
123	882
123	917
124	210
124	246
124	367
124	532
124	650
124	721
124	739
124	864
124	924
124	968
125	174
125	247
125	289
125	290
125	446
125	599
125	779
125	819
125	866
126	193
126	199
126	291
126	343
126	434
126	498
126	577
126	586
126	899
127	172
127	323
127	373
127	487
127	555
127	799
127	889
127	996
128	132
128	155
128	573
128	672
128	840
128	874
129	182
129	382
129	584
129	621
129	741
129	776
129	966
129	983
129	987
130	131
130	159
130	256
130	373
130	448
130	478
130	521
130	544
130	579
130	601
131	138
131	151
131	241
131	326
131	368
131	472
131	518
131	660
131	670
131	963
132	176
132	215
132	309
132	622
133	177
133	317
133	377
133	520
133	569
133	601
133	662
133	674
133	910
133	979
134	156
134	334
134	362
134	374
134	421
134	513
134	542
134	771
135	163
135	235
135	389
135	430
135	450
135	639
135	699
135	857
136	146
136	157
136	167
136	224
136	235
136	402
136	468
136	473
136	830
136	860
136	1000
137	139
137	184
137	213
137	405
137	519
137	782
137	884
138	253
138	366
138	415
138	642
138	673
138	790
138	937
138	950
139	150
139	184
139	235
139	312
139	383
139	406
139	475
139	777
139	878
140	164
140	228
140	415
140	420
140	479
140	563
140	642
140	656
140	940
141	162
141	255
141	380
141	416
141	513
141	657
141	683
141	940
141	948
141	957
142	189
142	227
142	236
142	319
142	341
142	494
142	610
142	663
142	687
142	857
143	157
143	512
143	815
143	858
143	891
144	319
144	465
144	516
144	588
144	610
144	699
144	726
145	149
145	159
145	369
145	395
145	422
145	584
145	631
145	773
145	874
145	939
146	165
146	172
146	212
146	279
146	295
146	309
146	501
146	533
146	578
146	726
146	827
147	153
147	248
147	298
147	315
147	365
147	402
147	412
147	426
147	626
147	830
148	422
148	566
148	579
148	583
148	761
148	998
149	168
149	212
149	328
149	493
149	512
149	575
149	690
149	947
149	991
150	174
150	274
150	288
150	365
150	373
150	444
150	447
150	787
151	201
151	208
151	224
151	494
151	575
151	589
151	725
151	974
152	200
152	272
152	314
152	367
152	372
152	527
152	556
152	915
153	216
153	227
153	299
153	524
153	652
153	682
153	800
153	925
153	971
154	160
154	209
154	295
154	355
154	406
154	470
154	559
154	561
154	986
155	188
155	312
155	388
155	492
155	940
155	987
156	192
156	607
156	728
156	852
156	857
156	993
156	995
157	225
157	268
157	319
157	613
157	946
158	227
158	466
158	509
158	531
158	789
158	808
158	906
159	375
159	404
159	533
159	543
159	612
159	845
160	185
160	234
160	235
160	702
160	813
160	882
161	176
161	185
161	250
161	355
161	546
161	807
162	220
162	252
162	259
162	449
162	496
162	638
162	972
163	262
163	430
163	462
163	464
163	606
163	827
164	280
164	313
164	350
164	618
164	636
164	639
164	963
165	171
165	249
165	267
165	270
165	384
165	886
165	890
165	909
166	181
166	271
166	280
166	342
166	412
166	451
166	785
167	194
167	366
167	407
167	410
167	758
168	244
168	257
168	330
168	818
168	906
168	950
169	184
169	346
169	411
169	461
169	475
169	513
169	629
169	704
169	785
170	186
170	200
170	285
170	305
170	378
170	502
170	968
171	178
171	459
171	471
171	494
172	183
172	287
172	417
172	496
172	687
172	723
172	804
172	878
173	221
173	242
173	296
173	404
173	411
173	439
173	577
174	178
174	288
174	359
174	422
174	859
174	926
174	992
175	231
175	389
175	535
175	576
176	561
176	672
176	777
176	897
177	183
177	192
177	264
177	541
177	615
177	745
178	249
178	275
178	344
178	345
178	482
178	733
178	971
179	227
179	458
179	582
179	591
179	617
179	916
180	233
180	314
180	436
180	441
180	637
180	910
180	956
180	979
181	206
181	392
181	520
181	684
181	845
182	306
182	334
182	345
182	443
182	637
182	706
182	806
182	818
183	267
183	394
183	499
183	639
183	889
184	213
184	301
184	579
185	198
185	280
185	385
185	691
185	756
185	771
186	239
186	414
186	455
186	490
186	840
186	908
187	191
187	232
187	400
187	456
187	495
187	567
187	747
187	757
187	872
187	949
188	271
188	287
188	354
188	458
188	587
188	652
188	972
189	205
189	371
189	680
189	716
189	817
189	857
189	875
190	245
190	283
190	302
190	386
190	474
190	500
190	614
190	791
191	324
191	466
191	478
191	571
191	596
191	706
191	734
192	339
192	396
192	467
192	486
192	508
193	337
193	426
193	759
193	928
193	961
193	965
194	231
194	430
194	484
194	582
194	679
194	912
194	914
195	238
195	351
195	358
195	492
195	523
195	532
195	536
195	747
195	835
196	320
196	323
196	441
196	442
196	465
196	519
196	903
196	937
197	217
197	219
197	244
197	290
197	553
197	643
197	696
197	740
198	248
198	305
198	622
198	930
198	987
199	335
199	513
199	576
199	600
199	644
199	675
199	793
200	319
200	381
200	558
200	567
200	754
201	324
201	537
201	731
201	953
202	229
202	332
202	518
202	630
202	741
202	997
203	281
203	425
203	470
203	500
203	540
204	223
204	325
204	490
204	507
204	537
204	614
204	738
205	492
205	578
205	614
205	758
205	844
206	214
206	376
206	568
206	747
206	904
207	339
207	381
207	424
207	643
207	701
207	730
207	799
208	246
208	607
208	628
208	896
208	1000
209	336
209	707
209	712
209	728
209	752
209	946
209	988
210	366
210	427
210	440
210	511
210	617
211	225
211	242
211	328
211	388
211	430
211	456
211	660
211	831
211	895
212	232
212	334
212	702
212	709
212	743
212	755
212	813
213	398
213	577
213	657
213	865
213	882
213	899
214	414
214	655
214	693
214	850
215	217
215	271
215	442
215	655
215	875
216	313
216	326
216	472
216	591
216	627
216	885
216	923
217	495
217	658
217	870
218	365
218	448
218	487
218	687
218	886
219	329
219	410
219	683
219	717
219	723
219	874
220	322
220	718
220	922
221	283
221	441
221	498
221	758
221	952
222	225
222	252
222	285
222	318
222	360
222	459
222	587
223	287
223	367
223	545
223	652
223	733
223	820
224	279
224	499
224	627
224	649
224	944
225	235
225	628
225	723
225	885
226	250
226	325
226	363
226	592
226	600
226	806
227	457
227	695
227	797
227	846
227	882
228	238
228	354
228	370
228	473
228	695
228	1000
229	298
229	338
229	422
229	483
229	915
230	245
230	255
230	567
230	582
230	766
230	883
230	931
230	936
231	232
231	500
231	589
231	616
231	791
231	841
232	322
232	414
232	426
232	563
233	447
233	487
233	590
233	615
233	646
233	904
234	410
234	566
234	661
234	678
234	834
235	260
235	617
235	757
236	454
236	604
237	262
237	638
238	475
238	858
238	929
238	985
239	256
239	398
239	712
239	958
239	962
239	998
240	323
240	487
240	564
240	768
240	769
240	839
240	850
241	480
241	521
241	529
241	716
241	736
241	801
241	820
242	657
242	836
242	845
242	888
242	889
243	258
243	456
243	485
243	520
243	727
243	737
244	667
244	933
244	974
245	261
245	529
245	576
245	618
245	647
246	273
246	303
246	321
246	428
246	469
246	712
246	767
247	284
247	302
247	311
247	340
247	585
247	793
247	807
248	400
248	624
248	702
248	999
249	570
249	863
249	954
250	265
250	312
250	320
250	750
250	753
251	267
251	282
251	619
251	677
251	688
251	934
252	572
252	958
252	979
253	304
253	583
253	588
253	744
253	936
254	285
254	319
254	510
254	522
254	615
254	620
254	755
254	870
255	433
255	440
255	514
255	878
255	984
256	309
256	556
256	565
256	779
256	862
257	342
257	709
257	801
257	864
257	879
257	926
258	334
258	584
258	697
258	862
259	382
259	600
259	660
259	896
259	944
259	997
260	432
260	595
260	686
260	960
261	591
261	686
261	904
261	961
262	341
262	344
262	761
262	958
263	360
263	403
263	424
263	558
263	942
263	974
264	276
264	500
264	658
264	681
264	807
264	809
265	293
265	337
265	418
265	551
265	626
265	834
265	841
266	554
266	577
266	789
266	855
266	950
266	967
267	527
267	665
268	457
268	734
268	824
268	835
269	332
269	359
269	401
269	674
269	853
269	972
270	569
270	737
270	948
271	294
271	533
271	920
272	644
272	762
272	772
272	800
272	924
273	280
273	518
273	894
274	292
274	317
274	413
274	497
274	645
274	925
275	476
275	600
275	613
275	833
275	916
276	279
276	450
276	703
276	958
277	482
277	648
277	649
278	398
278	603
278	660
278	697
278	839
279	347
279	506
279	961
279	986
280	314
280	396
280	768
280	796
280	981
281	335
281	415
282	440
282	458
282	554
282	622
283	627
283	837
283	996
284	343
284	381
284	737
284	844
285	403
285	449
285	549
285	715
285	744
286	657
286	834
287	876
287	932
288	749
288	840
289	607
289	746
289	888
290	366
290	391
290	841
290	918
290	943
291	582
291	692
291	707
291	907
292	306
292	611
292	673
292	758
292	835
293	519
293	701
293	948
293	994
294	346
294	432
294	594
294	929
295	331
295	468
295	549
295	639
296	488
296	595
296	676
296	770
296	975
297	440
297	460
297	665
297	764
297	822
297	980
298	351
298	397
298	636
298	822
299	503
299	525
299	685
299	831
300	329
300	591
300	915
301	342
301	442
301	581
301	709
301	981
302	338
302	460
302	644
302	810
302	913
303	330
303	347
303	385
303	406
303	469
303	597
303	790
304	381
304	402
304	420
305	341
305	748
306	719
306	734
306	938
307	309
307	371
307	382
307	598
307	779
307	798
307	904
308	324
308	650
308	682
308	739
308	812
309	463
309	778
309	780
309	864
310	333
310	353
310	674
310	780
310	814
310	845
311	348
311	419
311	482
311	607
311	823
312	393
312	541
312	808
312	991
313	361
313	393
313	710
313	735
313	971
314	331
314	634
314	777
315	409
315	531
316	394
316	782
316	896
316	905
316	956
317	908
318	409
318	571
318	575
318	588
318	629
318	802
318	969
319	490
319	596
319	640
320	640
320	666
320	906
321	494
321	505
321	780
322	517
322	545
322	605
323	401
323	448
323	628
323	893
324	351
324	368
324	475
324	934
325	556
325	757
325	836
326	499
326	590
326	598
327	421
327	519
328	350
328	765
328	903
329	343
329	574
330	343
330	669
330	777
330	802
331	454
331	580
332	553
332	560
332	898
332	931
332	953
333	334
333	496
333	631
333	661
333	938
334	497
334	528
335	499
335	603
335	651
336	469
336	604
336	624
336	949
336	967
337	489
337	583
338	361
338	617
338	735
338	778
338	783
338	861
339	349
339	396
339	452
339	551
339	990
340	425
340	653
340	716
340	774
340	944
341	402
341	407
341	726
341	769
342	398
342	650
342	685
343	983
344	443
344	667
344	774
344	790
344	825
345	568
345	603
345	713
345	784
345	981
346	391
346	441
346	838
346	975
347	352
347	759
348	396
348	412
348	445
348	541
348	736
349	357
349	387
349	517
349	728
349	956
350	416
350	541
350	960
351	376
351	620
351	941
351	992
352	585
352	763
352	774
353	834
353	871
353	994
353	998
354	363
354	377
354	390
354	608
354	962
354	973
355	393
355	837
355	905
355	995
356	424
356	432
356	497
356	849
357	655
357	664
357	733
357	954
357	957
357	965
358	814
358	969
359	466
359	843
359	847
360	433
360	550
360	574
360	635
361	384
361	809
361	921
362	607
362	663
362	669
362	929
363	434
363	692
363	696
363	752
363	971
364	392
364	526
364	658
364	722
364	755
364	865
365	372
366	447
367	465
367	790
368	550
368	829
368	957
369	435
369	638
370	659
370	666
370	880
371	393
371	428
371	553
372	460
372	464
372	488
372	537
373	609
373	699
373	797
373	916
374	379
374	462
375	388
375	423
375	561
375	897
376	481
376	549
376	692
376	741
377	690
377	805
378	600
378	706
379	506
379	542
379	626
379	671
379	717
380	383
380	595
380	679
380	819
380	917
381	464
381	839
382	410
382	439
382	527
382	691
383	572
383	687
383	970
384	596
384	631
384	741
385	388
385	411
385	547
385	839
386	895
386	982
387	421
387	510
387	589
387	625
387	703
388	572
389	538
389	579
389	648
389	891
389	992
390	468
390	718
390	720
390	732
390	892
391	747
391	844
391	908
391	958
392	425
392	665
392	781
393	711
393	822
394	816
394	839
394	955
395	633
395	651
395	676
395	810
395	858
396	483
396	525
397	547
397	635
397	674
397	785
398	884
398	914
399	438
399	470
399	632
399	657
400	614
400	738
400	763
401	861
402	587
403	534
403	602
403	806
403	878
403	946
405	522
405	544
405	635
405	885
405	973
406	835
407	630
407	808
408	493
408	526
408	662
408	914
408	927
409	548
409	678
409	779
409	848
409	868
410	523
410	545
410	922
411	593
411	860
412	480
412	665
412	722
413	580
413	775
413	913
413	964
414	837
414	977
415	416
415	559
415	682
416	543
416	641
416	801
417	515
418	614
419	715
420	803
421	438
422	826
422	975
423	624
423	670
423	891
423	928
423	931
424	776
424	833
425	444
425	458
425	557
425	942
426	427
426	748
427	726
428	512
428	907
429	436
429	778
429	913
429	945
429	952
430	681
430	909
431	668
431	694
431	934
432	574
433	442
433	580
434	482
434	911
434	983
435	547
435	823
435	848
437	511
437	608
437	732
437	895
437	896
437	939
438	481
438	528
438	696
439	609
439	832
439	976
440	762
440	829
441	753
441	943
442	530
442	712
442	872
443	688
443	850
444	671
444	703
444	713
445	481
445	976
445	995
446	610
446	689
446	853
446	907
447	509
448	743
449	604
449	660
449	752
449	775
450	612
450	750
450	880
451	501
451	519
451	811
452	606
453	568
453	636
453	670
453	742
454	479
454	642
454	935
455	460
455	812
456	767
456	798
457	791
457	816
458	770
459	517
459	768
459	847
459	885
460	984
461	467
461	700
461	772
462	510
462	756
462	800
463	537
463	759
463	927
464	641
464	646
465	518
465	750
465	999
466	769
467	563
467	628
467	794
468	779
468	943
469	556
469	578
469	876
470	563
470	775
470	817
471	494
471	561
471	794
471	801
472	524
472	573
473	731
473	762
473	805
474	562
474	662
474	733
474	880
475	733
476	488
476	707
476	860
477	495
477	751
477	807
478	616
478	704
478	759
479	517
480	503
480	555
481	775
481	816
482	551
482	612
483	508
483	798
484	540
485	550
485	557
485	768
486	601
486	656
486	881
487	528
487	809
488	656
489	590
489	640
489	654
489	746
490	601
490	760
490	851
491	493
491	581
491	720
491	887
492	671
492	738
493	656
493	705
494	554
495	591
496	935
497	537
497	675
498	621
498	795
498	833
499	683
500	552
501	543
501	817
501	929
502	564
502	919
503	664
503	941
504	622
504	640
504	911
505	539
505	686
505	864
506	775
506	838
506	952
507	544
507	569
507	666
507	713
508	528
508	700
508	943
509	736
509	840
510	700
511	653
511	676
512	638
512	666
513	799
513	847
514	565
514	744
514	967
515	569
515	581
516	892
516	899
517	748
517	949
518	878
519	986
521	620
521	842
521	909
522	557
522	900
523	595
523	715
524	729
525	824
525	837
527	536
527	557
528	750
529	732
530	609
530	720
530	763
530	796
531	546
531	567
532	638
533	585
533	597
533	670
534	605
534	639
534	663
535	661
535	688
535	786
535	903
536	740
536	777
537	549
538	610
538	730
539	700
539	931
539	1000
540	553
541	566
541	609
543	580
543	783
543	945
544	573
544	649
545	914
547	972
548	619
548	793
550	757
550	773
551	613
552	613
552	735
552	815
553	973
554	788
554	901
554	980
555	653
555	754
556	857
557	809
558	863
558	898
558	954
559	842
560	655
560	793
560	926
560	955
561	792
563	909
564	797
565	856
566	886
567	724
567	984
570	745
570	894
570	933
571	728
571	771
572	641
573	797
573	910
574	760
575	821
575	952
576	735
578	588
578	589
578	820
579	959
580	737
581	586
581	645
582	596
583	687
584	938
584	964
585	608
585	831
586	611
586	698
587	918
588	722
589	862
592	594
592	705
592	989
593	870
594	608
596	630
597	905
598	703
599	675
599	732
599	935
600	669
601	893
602	633
603	783
604	999
605	618
605	636
605	730
606	802
607	623
608	644
609	771
611	622
612	871
612	927
615	851
616	715
616	977
618	973
619	688
619	811
620	784
621	653
621	792
622	870
623	678
624	758
624	782
625	743
625	905
625	960
627	868
628	849
629	908
629	932
629	938
633	852
633	865
635	879
635	932
635	959
636	669
636	782
637	936
641	653
641	800
642	953
643	730
643	838
644	765
645	690
646	680
646	930
647	719
647	877
647	886
647	956
648	930
648	993
649	962
650	974
651	683
652	951
656	909
658	677
659	661
659	751
659	854
659	896
662	734
662	978
663	667
663	818
664	826
667	786
667	924
671	737
672	852
673	828
673	861
676	804
677	928
678	845
679	710
679	928
679	991
680	808
680	923
681	891
681	976
683	899
684	806
684	812
684	967
684	989
685	762
686	869
691	918
692	902
693	694
694	745
694	867
694	930
695	760
697	745
698	765
698	767
698	933
699	993
700	907
701	952
702	821
702	988
705	892
705	985
706	986
708	869
709	859
710	898
711	885
711	984
713	955
716	846
716	876
717	903
718	912
720	764
720	843
721	826
721	827
722	988
723	742
724	831
724	851
725	743
725	848
726	754
727	981
728	803
729	875
729	905
731	819
731	894
731	940
732	997
736	746
738	875
739	855
740	917
741	935
742	757
742	930
743	764
744	830
746	939
748	911
749	794
750	869
753	999
754	787
755	884
760	942
763	770
764	776
765	937
767	819
769	926
770	925
772	954
773	902
774	916
781	887
781	893
781	925
781	932
783	912
786	856
787	961
788	900
789	853
790	900
792	912
792	962
794	854
795	828
795	974
799	994
800	870
802	881
803	970
804	811
810	873
810	968
812	873
814	965
816	921
816	976
817	869
818	884
822	846
823	994
824	843
825	897
826	942
828	883
835	981
836	902
843	904
843	917
844	961
846	980
849	941
850	862
852	946
854	856
858	992
859	953
859	962
864	927
865	893
866	910
867	936
869	902
872	951
881	924
887	963
891	990
895	986
900	975
908	954
919	977
920	989
923	984
928	987
929	944
932	946
933	934
942	951
943	963
948	957
966	969
966	977
