1	4
2	5
3	6
4	2
5	8
6	2
7	3
8	3
9	9
10	6
11	6
12	2
13	6
14	8
15	10
16	2
17	2
18	8
19	1
20	2
21	2
22	2
23	2
24	2
25	3
26	2
27	11
28	11
29	2
30	7
31	6
32	7
33	3
34	3
35	8
36	2
37	2
38	2
39	4
40	5
41	3
42	7
43	4
44	8
45	10
46	4
47	5
48	1
49	6
50	5
51	10
52	7
53	3
54	7
55	5
56	5
57	8
58	2
59	11
60	3
61	3
62	5
63	5
64	11
65	9
66	6
67	8
68	7
69	2
70	11
71	8
72	2
73	9
74	4
75	9
76	3
77	5
78	3
79	7
80	2
81	5
82	6
83	1
84	9
85	10
86	10
87	5
88	7
89	7
90	7
91	2
92	2
93	3
94	4
95	6
96	4
97	3
98	5
99	5
100	10
101	3
102	11
103	2
104	10
105	7
106	4
107	2
108	1
109	6
110	5
111	2
112	2
113	6
114	4
115	6
116	3
117	2
118	7
119	2
120	7
121	1
122	11
123	6
124	9
125	5
126	3
127	1
128	3
129	2
130	4
131	8
132	9
133	10
134	2
135	7
136	9
137	6
138	1
139	2
140	1
141	3
142	9
143	4
144	6
145	11
146	10
147	4
148	8
149	8
150	3
151	3
152	3
153	5
154	11
155	9
156	2
157	10
158	4
159	7
160	2
161	7
162	11
163	7
164	2
165	3
166	1
167	8
168	9
169	2
170	8
171	2
172	3
173	9
174	5
175	2
176	3
177	7
178	4
179	1
180	6
181	5
182	3
183	5
184	2
185	2
186	6
187	8
188	11
189	2
190	11
191	4
192	8
193	7
194	7
195	1
196	6
197	10
198	5
199	11
200	5
201	3
202	2
203	9
204	2
205	9
206	2
207	6
208	6
209	4
210	5
211	2
212	6
213	2
214	10
215	1
216	8
217	10
218	4
219	8
220	3
221	2
222	2
223	2
224	7
225	2
226	1
227	2
228	7
229	8
230	7
231	7
232	6
233	7
234	1
235	4
236	2
237	2
238	11
239	8
240	9
241	2
242	5
243	6
244	7
245	5
246	6
247	2
248	6
249	6
250	11
251	2
252	5
253	6
254	5
255	6
256	10
257	9
258	11
259	8
260	7
261	11
262	9
263	2
264	3
265	2
266	4
267	5
268	2
269	5
270	5
271	4
272	6
273	3
274	9
275	11
276	5
277	2
278	6
279	5
280	2
281	10
282	3
283	3
284	7
285	1
286	4
287	6
288	10
289	9
290	3
291	10
292	11
293	2
294	3
295	2
296	7
297	7
298	3
299	10
300	5
301	5
302	1
303	2
304	6
305	5
306	7
307	4
308	7
309	7
310	2
311	7
312	5
313	5
314	5
315	10
316	4
317	7
318	2
319	11
320	11
321	10
322	2
323	5
324	11
325	1
326	7
327	5
328	11
329	10
330	6
331	10
332	4
333	2
334	3
335	1
336	10
337	7
338	2
339	3
340	1
341	7
342	6
343	5
344	1
345	8
346	5
347	11
348	10
349	6
350	6
351	6
352	5
353	2
354	2
355	9
356	9
357	5
358	2
359	2
360	5
361	2
362	6
363	10
364	3
365	2
366	1
367	3
368	11
369	6
370	2
371	4
372	3
373	2
374	6
375	5
376	8
377	11
378	5
379	4
380	5
381	2
382	2
383	9
384	4
385	6
386	3
387	10
388	2
389	2
390	4
391	2
392	11
393	2
394	5
395	5
396	11
397	6
398	5
399	6
400	5
401	2
402	2
403	5
404	7
405	2
406	3
407	10
408	10
409	7
410	4
411	5
412	11
413	5
414	1
415	2
416	6
417	2
418	5
419	2
420	10
421	3
422	2
423	7
424	4
425	2
426	8
427	7
428	1
429	5
430	10
431	2
432	8
433	9
434	2
435	8
436	8
437	11
438	5
439	3
440	4
441	2
442	2
443	10
444	5
445	4
446	6
447	6
448	11
449	7
450	7
451	3
452	6
453	6
454	7
455	2
456	6
457	4
458	4
459	6
460	11
461	3
462	11
463	3
464	7
465	2
466	10
467	2
468	6
469	11
470	7
471	1
472	4
473	2
474	5
475	5
476	8
477	5
478	9
479	8
480	2
481	2
482	3
483	2
484	11
485	11
486	8
487	8
488	3
489	4
490	11
491	5
492	10
493	8
494	4
495	4
496	5
497	2
498	10
499	6
500	8
501	3
502	4
503	2
504	11
505	6
506	9
507	5
508	7
509	8
510	7
511	3
512	8
513	1
514	2
515	9
516	7
517	1
518	11
519	2
520	10
521	3
522	2
523	5
524	6
525	7
526	8
527	5
528	8
529	11
530	6
531	6
532	2
533	4
534	4
535	7
536	7
537	3
538	2
539	9
540	2
541	3
542	9
543	3
544	4
545	6
546	3
547	3
548	3
549	1
550	1
551	5
552	2
553	9
554	1
555	5
556	8
557	2
558	8
559	5
560	2
561	5
562	6
563	3
564	8
565	7
566	8
567	9
568	1
569	8
570	2
571	5
572	3
573	10
574	4
575	6
576	4
577	6
578	2
579	3
580	7
581	10
582	6
583	8
584	6
585	10
586	7
587	3
588	11
589	4
590	7
591	11
592	11
593	11
594	2
595	6
596	7
597	10
598	7
599	10
600	7
601	3
602	1
603	2
604	3
605	10
606	8
607	5
608	2
609	3
610	7
611	2
612	8
613	2
614	7
615	10
616	1
617	5
618	3
619	8
620	6
621	1
622	4
623	1
624	4
625	8
626	7
627	9
628	8
629	11
630	10
631	4
632	2
633	3
634	3
635	10
636	10
637	2
638	5
639	8
640	8
641	2
642	2
643	9
644	3
645	1
646	8
647	6
648	8
649	5
650	5
651	11
652	2
653	3
654	4
655	9
656	5
657	7
658	5
659	5
660	9
661	2
662	8
663	5
664	2
665	3
666	5
667	9
668	5
669	7
670	2
671	10
672	2
673	6
674	3
675	7
676	10
677	10
678	10
679	3
680	4
681	4
682	7
683	4
684	7
685	8
686	3
687	5
688	2
689	4
690	9
691	2
692	7
693	7
694	9
695	5
696	7
697	10
698	5
699	9
700	8
701	2
702	2
703	10
704	9
705	8
706	2
707	6
708	4
709	11
710	5
711	10
712	7
713	3
714	7
715	3
716	6
717	5
718	2
719	5
720	4
721	4
722	2
723	5
724	1
725	10
726	2
727	4
728	10
729	8
730	4
731	2
732	6
733	10
734	3
735	8
736	10
737	9
738	11
739	9
740	9
741	2
742	1
743	4
744	4
745	7
746	4
747	2
748	4
749	5
750	9
751	2
752	2
753	3
754	2
755	2
756	8
757	2
758	8
759	3
760	3
761	8
762	3
763	7
764	5
765	9
766	10
767	7
768	3
769	7
770	2
771	11
772	7
773	7
774	11
775	2
776	11
777	9
778	9
779	6
780	1
781	8
782	8
783	2
784	2
785	2
786	4
787	10
788	3
789	11
790	8
791	3
792	4
793	5
794	4
795	10
796	6
797	9
798	11
799	11
800	2
801	3
802	5
803	7
804	4
805	6
806	3
807	3
808	7
809	1
810	10
811	7
812	3
813	3
814	2
815	3
816	2
817	8
818	11
819	4
820	11
821	1
822	3
823	2
824	10
825	1
826	1
827	10
828	2
829	4
830	5
831	6
832	2
833	4
834	5
835	3
836	7
837	5
838	11
839	6
840	4
841	9
842	8
843	2
844	9
845	2
846	4
847	2
848	11
849	8
850	4
851	3
852	5
853	5
854	7
855	2
856	7
857	11
858	10
859	10
860	8
861	10
862	7
863	3
864	1
865	3
866	2
867	1
868	2
869	11
870	6
871	6
872	4
873	9
874	4
875	4
876	2
877	7
878	8
879	5
880	10
881	11
882	7
883	11
884	9
885	8
886	7
887	3
888	2
889	6
890	5
891	6
892	4
893	10
894	1
895	3
896	8
897	2
898	3
899	6
900	2
901	10
902	11
903	3
904	6
905	9
906	2
907	3
908	5
909	2
910	5
911	5
912	9
913	5
914	1
915	4
916	2
917	3
918	10
919	10
920	8
921	5
922	3
923	10
924	6
925	8
926	2
927	5
928	1
929	1
930	3
931	2
932	5
933	7
934	3
935	9
936	8
937	11
938	10
939	4
940	2
941	2
942	3
943	1
944	10
945	3
946	5
947	5
948	4
949	11
950	9
951	7
952	10
953	9
954	4
955	3
956	3
957	9
958	10
959	5
960	7
961	11
962	10
963	6
964	3
965	3
966	8
967	2
968	1
969	3
970	2
971	9
972	9
973	6
974	9
975	5
976	5
977	3
978	7
979	5
980	6
981	8
982	10
983	10
984	5
985	6
986	3
987	5
988	2
989	10
990	4
991	4
992	10
993	7
994	5
995	10
996	8
997	3
998	11
999	8
1000	7
1001	6
1002	8
1003	7
1004	4
1005	2
1006	5
1007	6
1008	3
1009	3
1010	9
1011	2
1012	2
1013	7
1014	2
1015	8
1016	4
1017	11
1018	9
1019	4
1020	2
1021	3
1022	9
1023	2
1024	1
1025	9
1026	4
1027	3
1028	3
1029	2
1030	8
1031	5
1032	7
1033	9
1034	10
1035	11
1036	5
1037	5
1038	2
1039	3
1040	6
1041	7
1042	10
1043	2
1044	2
1045	6
1046	5
1047	1
1048	2
1049	3
1050	11
1051	10
1052	2
1053	3
1054	5
1055	4
1056	10
1057	7
1058	11
1059	6
1060	3
1061	2
1062	9
1063	5
1064	1
1065	2
1066	3
1067	2
1068	11
1069	4
1070	10
1071	11
1072	2
1073	10
1074	9
1075	1
1076	6
1077	7
1078	7
1079	11
1080	4
1081	4
1082	2
1083	8
1084	6
1085	11
1086	3
1087	3
1088	4
1089	6
1090	8
1091	9
1092	1
1093	9
1094	11
1095	7
1096	5
1097	11
1098	6
1099	5
1100	7
1101	2
1102	9
1103	6
1104	5
1105	7
1106	2
1107	2
1108	9
1109	6
1110	10
1111	3
1112	4
1113	10
1114	3
1115	5
1116	3
1117	2
1118	4
1119	6
1120	3
1121	4
1122	9
1123	10
1124	3
1125	5
1126	7
1127	8
1128	10
1129	3
1130	5
1131	4
1132	4
1133	9
1134	10
1135	7
1136	3
1137	8
1138	10
1139	2
1140	6
1141	10
1142	5
1143	4
1144	2
1145	5
1146	7
1147	9
1148	10
1149	4
1150	9
1151	10
1152	5
1153	3
1154	11
1155	10
1156	10
1157	3
1158	4
1159	3
1160	2
1161	2
1162	1
1163	11
1164	2
1165	1
1166	5
1167	7
1168	11
1169	3
1170	3
1171	10
1172	2
1173	3
1174	2
1175	3
1176	3
1177	5
1178	7
1179	5
1180	9
1181	5
1182	3
1183	4
1184	4
1185	8
1186	10
1187	2
1188	4
1189	5
1190	1
1191	2
1192	11
1193	2
1194	7
1195	7
1196	7
1197	6
1198	10
1199	5
1200	7
1201	2
1202	2
1203	9
1204	8
1205	7
1206	10
1207	2
1208	4
1209	7
1210	6
1211	5
1212	4
1213	2
1214	11
1215	2
1216	9
1217	9
1218	11
1219	4
1220	7
1221	5
1222	3
1223	9
1224	10
1225	6
1226	7
1227	2
1228	2
1229	3
1230	4
1231	5
1232	2
1233	3
1234	6
1235	5
1236	5
1237	2
1238	2
1239	6
1240	9
1241	1
1242	9
1243	2
1244	11
1245	4
1246	4
1247	3
1248	3
1249	1
1250	9
1251	2
1252	2
1253	3
1254	6
1255	4
1256	3
1257	3
1258	4
1259	5
1260	2
1261	4
1262	5
1263	1
1264	2
1265	4
1266	11
1267	4
1268	7
1269	2
1270	8
1271	8
1272	4
1273	2
1274	3
1275	6
1276	5
1277	2
1278	11
1279	4
1280	9
1281	5
1282	7
1283	3
1284	3
1285	10
1286	2
1287	2
1288	2
1289	7
1290	7
1291	2
1292	2
1293	2
1294	4
1295	7
1296	2
1297	11
1298	10
1299	3
1300	11
1301	3
1302	4
1303	9
1304	2
1305	6
1306	6
1307	9
1308	10
1309	8
1310	4
1311	1
1312	3
1313	7
1314	8
1315	4
1316	5
1317	11
1318	4
1319	3
1320	2
1321	3
1322	6
1323	7
1324	6
1325	4
1326	8
1327	2
1328	6
1329	2
1330	2
1331	4
1332	2
1333	9
1334	9
1335	3
1336	3
1337	4
1338	2
1339	2
1340	5
1341	10
1342	2
1343	3
1344	10
1345	5
1346	11
1347	9
1348	4
1349	3
1350	4
1351	7
1352	8
1353	7
1354	1
1355	11
1356	7
1357	1
1358	8
1359	1
1360	3
1361	4
1362	8
1363	5
1364	3
1365	5
1366	9
1367	5
1368	8
1369	4
1370	3
1371	9
1372	1
1373	5
1374	5
1375	11
1376	1
1377	4
1378	8
1379	9
1380	3
1381	5
1382	3
1383	2
1384	11
1385	5
1386	10
1387	2
1388	1
1389	10
1390	8
1391	9
1392	6
1393	11
1394	3
1395	6
1396	3
1397	3
1398	3
1399	5
1400	9
1401	7
1402	4
1403	2
1404	2
1405	2
1406	2
1407	4
1408	11
1409	3
1410	11
1411	6
1412	3
1413	2
1414	11
1415	8
1416	2
1417	6
1418	3
1419	3
1420	10
1421	4
1422	2
1423	9
1424	11
1425	3
1426	2
1427	4
1428	2
1429	9
1430	8
1431	7
1432	1
1433	9
1434	4
1435	11
1436	10
1437	2
1438	11
1439	3
1440	9
1441	7
1442	3
1443	8
1444	9
1445	11
1446	2
1447	8
1448	5
1449	6
1450	11
1451	2
1452	11
1453	9
1454	2
1455	5
1456	1
1457	7
1458	3
1459	6
1460	3
1461	7
1462	6
1463	3
1464	2
1465	4
1466	10
1467	4
1468	2
1469	5
1470	2
1471	8
1472	3
1473	1
1474	3
1475	2
1476	5
1477	7
1478	3
1479	4
1480	3
1481	11
1482	1
1483	7
1484	9
1485	8
1486	4
1487	8
1488	6
1489	2
1490	7
1491	4
1492	6
1493	4
1494	5
1495	5
1496	3
1497	9
1498	2
1499	2
1500	2
1501	9
1502	8
1503	8
1504	4
1505	4
1506	4
1507	9
1508	3
1509	10
1510	4
1511	4
1512	2
1513	1
1514	7
1515	3
1516	7
1517	3
1518	5
1519	3
1520	9
1521	2
1522	6
1523	2
1524	7
1525	3
1526	2
1527	3
1528	5
1529	11
1530	1
1531	6
1532	4
1533	4
1534	2
1535	5
1536	2
1537	9
1538	2
1539	2
1540	7
1541	3
1542	5
1543	3
1544	2
1545	8
1546	2
1547	10
1548	5
1549	5
1550	7
1551	6
1552	11
1553	2
1554	11
1555	3
1556	2
1557	1
1558	11
1559	11
1560	2
1561	5
1562	3
1563	2
1564	2
1565	10
1566	8
1567	3
1568	10
1569	3
1570	3
1571	8
1572	3
1573	6
1574	7
1575	7
1576	3
1577	2
1578	6
1579	6
1580	3
1581	6
1582	3
1583	9
1584	7
1585	2
1586	6
1587	7
1588	11
1589	6
1590	1
1591	5
1592	8
1593	10
1594	5
1595	2
1596	7
1597	1
1598	2
1599	4
1600	5
1601	5
1602	10
1603	2
1604	1
1605	7
1606	1
1607	3
1608	3
1609	11
1610	2
1611	9
1612	7
1613	11
1614	3
1615	1
1616	6
1617	6
1618	3
1619	5
1620	6
1621	3
1622	3
1623	4
1624	5
1625	10
1626	2
1627	8
1628	10
1629	4
1630	1
1631	4
1632	8
1633	5
1634	6
1635	3
1636	2
1637	3
1638	2
1639	11
1640	4
1641	4
1642	3
1643	2
1644	2
1645	5
1646	10
1647	9
1648	2
1649	10
1650	5
1651	3
1652	2
1653	1
1654	4
1655	3
1656	5
1657	5
1658	2
1659	4
1660	3
1661	2
1662	4
1663	3
1664	1
1665	7
1666	9
1667	2
1668	3
1669	7
1670	9
1671	5
1672	4
1673	8
1674	2
1675	3
1676	4
1677	2
1678	5
1679	3
1680	5
1681	2
1682	6
1683	4
1684	2
1685	9
1686	4
1687	11
1688	1
1689	1
1690	4
1691	1
1692	5
1693	11
1694	3
1695	11
1696	2
1697	6
1698	3
1699	9
1700	1
1701	2
1702	2
1703	5
1704	5
1705	3
1706	9
1707	4
1708	6
1709	5
1710	2
1711	9
1712	1
1713	6
1714	9
1715	9
1716	8
1717	3
1718	11
1719	2
1720	11
1721	2
1722	7
1723	8
1724	5
1725	2
1726	4
1727	2
1728	6
1729	6
1730	10
1731	2
1732	6
1733	11
1734	2
1735	3
1736	4
1737	2
1738	5
1739	5
1740	6
1741	6
1742	7
1743	4
1744	10
1745	2
1746	11
1747	7
1748	2
1749	9
1750	8
1751	4
1752	4
1753	8
1754	4
1755	11
1756	3
1757	6
1758	10
1759	2
1760	10
1761	6
1762	4
1763	2
1764	10
1765	10
1766	6
1767	7
1768	6
1769	11
1770	8
1771	11
1772	9
1773	1
1774	1
1775	7
1776	8
1777	10
1778	10
1779	2
1780	2
1781	5
1782	1
1783	2
1784	3
1785	9
1786	2
1787	3
1788	2
1789	7
1790	2
1791	4
1792	10
1793	4
1794	4
1795	7
1796	2
1797	10
1798	6
1799	4
1800	7
1801	3
1802	2
1803	7
1804	8
1805	11
1806	3
1807	3
1808	8
1809	6
1810	2
1811	2
1812	11
1813	2
1814	2
1815	3
1816	7
1817	2
1818	10
1819	5
1820	6
1821	5
1822	10
1823	11
1824	3
1825	9
1826	6
1827	4
1828	8
1829	5
1830	9
1831	8
1832	2
1833	3
1834	4
1835	6
1836	11
1837	10
1838	5
1839	3
1840	9
1841	8
1842	2
1843	11
1844	11
1845	2
1846	3
1847	7
1848	5
1849	9
1850	5
1851	7
1852	10
1853	8
1854	5
1855	3
1856	6
1857	1
1858	11
1859	3
1860	5
1861	3
1862	3
1863	4
1864	2
1865	4
1866	1
1867	6
1868	4
1869	5
1870	2
1871	6
1872	5
1873	10
1874	4
1875	5
1876	9
1877	3
1878	6
1879	9
1880	4
1881	6
1882	6
1883	2
1884	5
1885	4
1886	5
1887	4
1888	2
1889	1
1890	6
1891	2
1892	6
1893	3
1894	5
1895	2
1896	4
1897	2
1898	6
1899	4
1900	7
1901	8
1902	10
1903	8
1904	2
1905	11
1906	4
1907	7
1908	7
1909	11
1910	4
1911	4
1912	8
1913	3
1914	2
1915	8
1916	6
1917	7
1918	4
1919	11
1920	3
1921	4
1922	6
1923	2
1924	7
1925	10
1926	10
1927	3
1928	11
1929	5
1930	1
1931	1
1932	5
1933	2
1934	8
1935	8
1936	2
1937	2
1938	4
1939	1
1940	4
1941	7
1942	3
1943	2
1944	8
1945	8
1946	10
1947	11
1948	2
1949	11
1950	2
1951	2
1952	4
1953	9
1954	6
1955	2
1956	6
1957	2
1958	3
1959	10
1960	6
1961	8
1962	7
1963	6
1964	2
1965	8
1966	2
1967	5
1968	10
1969	3
1970	3
1971	8
1972	2
1973	4
1974	1
1975	10
1976	2
1977	7
1978	11
1979	3
1980	6
1981	2
1982	2
1983	1
1984	10
1985	11
1986	9
1987	11
1988	11
1989	7
1990	7
1991	3
1992	3
1993	7
1994	10
1995	3
1996	3
1997	5
1998	2
1999	3
2000	1
2001	11
2002	6
2003	8
2004	5
2005	6
2006	9
2007	11
2008	2
2009	6
2010	10
2011	3
2012	3
2013	2
2014	4
2015	7
2016	9
2017	3
2018	5
2019	3
2020	10
2021	3
2022	2
2023	6
2024	11
2025	8
2026	4
2027	3
2028	5
2029	2
2030	7
2031	2
2032	8
2033	2
2034	2
2035	1
2036	6
2037	11
2038	2
2039	3
2040	3
2041	2
2042	2
2043	8
2044	3
2045	4
2046	7
2047	11
2048	9
2049	3
2050	2
2051	7
2052	9
2053	6
2054	11
2055	5
2056	7
2057	3
2058	7
2059	11
2060	7
2061	5
2062	4
2063	9
2064	7
2065	8
2066	5
2067	3
2068	8
2069	8
2070	2
2071	5
2072	8
2073	6
2074	10
2075	2
2076	5
2077	11
2078	1
2079	2
2080	6
2081	7
2082	9
2083	6
2084	2
2085	8
2086	8
2087	6
2088	5
2089	10
2090	2
2091	3
2092	10
2093	4
2094	5
2095	8
2096	3
2097	11
2098	7
2099	8
2100	4
2101	5
2102	7
2103	6
2104	10
2105	2
2106	7
2107	11
2108	11
2109	9
2110	8
2111	2
2112	5
2113	3
2114	8
2115	4
2116	4
2117	6
2118	5
2119	6
2120	2
2121	5
2122	2
2123	4
2124	2
2125	6
2126	6
2127	2
2128	11
2129	1
2130	2
2131	1
2132	6
2133	9
2134	9
2135	5
2136	3
2137	6
2138	2
2139	3
2140	5
2141	7
2142	5
2143	8
2144	7
2145	10
2146	9
2147	8
2148	2
2149	2
2150	2
2151	7
2152	5
2153	2
2154	3
2155	2
2156	5
2157	7
2158	6
2159	2
2160	2
2161	10
2162	3
2163	6
2164	7
2165	9
2166	9
2167	4
2168	3
2169	4
2170	3
2171	11
2172	3
2173	8
2174	3
2175	9
2176	3
2177	2
2178	9
2179	10
2180	9
2181	6
2182	2
2183	2
2184	11
2185	9
2186	3
2187	3
2188	7
2189	2
2190	5
2191	6
2192	5
2193	11
2194	11
2195	2
2196	11
2197	6
2198	3
2199	6
2200	2
2201	3
2202	4
2203	2
2204	2
2205	8
2206	1
2207	3
2208	2
2209	1
2210	10
2211	2
2212	2
2213	5
2214	3
2215	2
2216	7
2217	4
2218	10
2219	3
2220	3
2221	10
2222	5
2223	2
2224	8
2225	4
2226	4
2227	3
2228	10
2229	6
2230	2
2231	6
2232	2
2233	4
2234	1
2235	10
2236	8
2237	10
2238	4
2239	8
2240	4
2241	1
2242	11
2243	3
2244	9
2245	2
2246	11
2247	3
2248	7
2249	3
2250	2
2251	10
2252	8
2253	6
2254	9
2255	11
2256	6
2257	3
2258	2
2259	2
2260	3
2261	3
2262	8
2263	10
2264	8
2265	7
2266	10
2267	2
2268	7
2269	10
2270	10
2271	2
2272	10
2273	9
2274	5
2275	10
2276	7
2277	3
2278	4
2279	2
2280	5
2281	6
2282	9
2283	4
2284	2
2285	2
2286	10
2287	3
2288	3
2289	10
2290	6
2291	3
2292	3
2293	10
2294	5
2295	2
2296	11
2297	2
2298	3
2299	5
2300	2
2301	2
2302	2
2303	10
2304	1
2305	9
2306	2
2307	3
2308	10
2309	3
2310	2
2311	4
2312	9
2313	3
2314	3
2315	10
2316	2
2317	2
2318	6
2319	2
2320	11
2321	7
2322	6
2323	6
2324	5
2325	6
2326	1
2327	9
2328	11
2329	3
2330	3
2331	3
2332	9
2333	8
2334	4
2335	2
2336	9
2337	3
2338	2
2339	9
2340	7
2341	2
2342	6
2343	9
2344	2
2345	2
2346	2
2347	11
2348	4
2349	7
2350	3
2351	8
2352	3
2353	2
2354	1
2355	7
2356	1
2357	7
2358	4
2359	6
2360	3
2361	4
2362	5
2363	7
2364	8
2365	2
2366	4
2367	5
2368	5
2369	10
2370	11
2371	7
2372	10
2373	4
2374	6
2375	11
2376	5
2377	6
2378	6
2379	8
2380	9
2381	2
2382	11
2383	5
2384	4
2385	3
2386	6
2387	1
2388	1
2389	3
2390	3
2391	2
2392	2
2393	11
2394	2
2395	11
2396	10
2397	2
2398	11
2399	7
2400	3
2401	2
2402	1
2403	4
2404	6
2405	4
2406	2
2407	2
2408	3
2409	3
2410	2
2411	11
2412	7
2413	5
2414	6
2415	6
2416	1
2417	2
2418	10
2419	6
2420	3
2421	5
2422	3
2423	4
2424	2
2425	5
2426	3
2427	9
2428	8
2429	2
2430	9
2431	3
2432	3
2433	10
2434	2
2435	9
2436	8
2437	4
2438	11
2439	5
2440	2
2441	2
2442	3
2443	11
2444	3
2445	1
2446	5
2447	1
2448	4
2449	7
2450	4
2451	8
2452	8
2453	10
2454	3
2455	4
2456	3
2457	3
2458	9
2459	6
2460	1
2461	3
2462	11
2463	3
2464	9
2465	6
2466	3
2467	3
2468	11
2469	2
2470	5
2471	4
2472	3
2473	5
2474	11
2475	7
2476	5
2477	10
2478	9
2479	6
2480	2
2481	7
2482	2
2483	5
2484	7
2485	11
2486	11
2487	6
2488	8
2489	4
2490	7
2491	3
2492	10
2493	2
2494	9
2495	11
2496	10
2497	8
2498	7
2499	3
2500	2
2501	2
2502	6
2503	8
2504	4
2505	7
2506	4
2507	7
2508	8
2509	2
2510	2
2511	2
2512	2
2513	4
2514	2
2515	2
2516	1
2517	3
2518	8
2519	11
2520	2
2521	11
2522	6
2523	2
2524	2
2525	3
2526	3
2527	9
2528	1
2529	8
2530	8
2531	4
2532	8
2533	2
2534	2
2535	2
2536	5
2537	3
2538	4
2539	8
2540	5
2541	3
2542	8
2543	1
2544	10
2545	2
2546	6
2547	11
2548	3
2549	7
2550	5
2551	3
2552	2
2553	1
2554	2
2555	6
2556	3
2557	3
2558	3
2559	9
2560	7
2561	6
2562	11
2563	3
2564	10
2565	5
2566	4
2567	4
2568	5
2569	10
2570	3
2571	7
2572	6
2573	10
2574	5
2575	4
2576	5
2577	6
2578	3
2579	11
2580	7
2581	5
2582	3
2583	8
2584	2
2585	2
2586	3
2587	11
2588	8
2589	2
2590	10
2591	6
2592	10
2593	11
2594	8
2595	2
2596	3
2597	9
2598	6
2599	2
2600	2
2601	10
2602	8
2603	2
2604	2
2605	9
2606	11
2607	4
2608	2
2609	4
2610	7
2611	11
2612	2
2613	1
2614	8
2615	7
2616	8
2617	4
2618	7
2619	2
2620	4
2621	9
2622	9
2623	7
2624	7
2625	3
2626	4
2627	1
2628	11
2629	7
2630	2
2631	2
2632	6
2633	3
2634	2
2635	2
2636	2
2637	3
2638	4
2639	11
2640	3
2641	7
2642	3
2643	5
2644	8
2645	4
2646	2
2647	6
2648	8
2649	7
2650	2
2651	10
2652	10
2653	3
2654	6
2655	5
2656	2
2657	3
2658	10
2659	3
2660	4
2661	5
2662	9
2663	5
2664	2
2665	7
2666	9
2667	1
2668	6
2669	1
2670	9
2671	3
2672	5
2673	8
2674	2
2675	3
2676	2
2677	10
2678	2
2679	1
2680	3
2681	5
2682	7
2683	2
2684	2
2685	9
2686	4
2687	11
2688	7
2689	1
2690	11
2691	8
2692	2
2693	3
2694	1
2695	5
2696	3
2697	4
2698	3
2699	5
2700	9
2701	4
2702	4
2703	5
2704	2
2705	2
2706	2
2707	8
2708	9
2709	3
2710	11
2711	10
2712	6
2713	5
2714	3
2715	5
2716	7
2717	4
2718	3
2719	10
2720	10
2721	9
2722	2
2723	6
2724	1
2725	4
2726	9
2727	8
2728	11
2729	7
2730	10
2731	6
2732	2
2733	8
2734	7
2735	10
2736	9
2737	2
2738	5
2739	1
2740	5
2741	1
2742	11
2743	8
2744	2
2745	10
2746	1
2747	3
2748	1
2749	2
2750	5
2751	3
2752	5
2753	11
2754	7
2755	1
2756	6
2757	11
2758	3
2759	7
2760	7
2761	8
2762	2
2763	5
2764	4
2765	6
2766	3
2767	7
2768	1
2769	3
2770	5
2771	2
2772	3
2773	7
2774	2
2775	4
2776	8
2777	5
2778	6
2779	7
2780	11
2781	4
2782	3
2783	7
2784	2
2785	2
2786	10
2787	5
2788	4
2789	2
2790	2
2791	2
2792	6
2793	8
2794	1
2795	3
2796	9
2797	8
2798	7
2799	1
2800	5
2801	8
2802	7
2803	5
2804	2
2805	6
2806	10
2807	2
2808	4
2809	8
2810	6
2811	9
2812	3
2813	7
2814	5
2815	1
2816	2
2817	5
2818	7
2819	2
2820	8
2821	9
2822	6
2823	5
2824	8
2825	3
2826	2
2827	6
2828	9
2829	2
2830	3
2831	7
2832	1
2833	11
2834	3
2835	11
2836	2
2837	7
2838	3
2839	10
2840	6
2841	4
2842	2
2843	8
2844	2
2845	5
2846	2
2847	7
2848	9
2849	5
2850	3
2851	1
2852	2
2853	11
2854	4
2855	1
2856	9
2857	11
2858	6
2859	7
2860	10
2861	3
2862	8
2863	11
2864	7
2865	5
2866	5
2867	7
2868	2
2869	2
2870	3
2871	9
2872	3
2873	4
2874	3
2875	2
2876	7
2877	5
2878	3
2879	3
2880	7
2881	2
2882	6
2883	7
2884	9
2885	3
2886	7
2887	3
2888	9
2889	6
2890	6
2891	4
2892	2
2893	5
2894	3
2895	10
2896	3
2897	2
2898	2
2899	2
2900	7
2901	2
2902	5
2903	7
2904	11
2905	4
2906	2
2907	7
2908	11
2909	4
2910	2
2911	6
2912	3
2913	4
2914	5
2915	9
2916	1
2917	3
2918	5
2919	9
2920	11
2921	4
2922	3
2923	4
2924	4
2925	4
2926	10
2927	2
2928	7
2929	8
2930	10
2931	6
2932	4
2933	6
2934	2
2935	4
2936	6
2937	7
2938	3
2939	4
2940	3
2941	10
2942	10
2943	6
2944	3
2945	4
2946	6
2947	11
2948	10
2949	6
2950	1
2951	2
2952	2
2953	2
2954	2
2955	8
2956	7
2957	4
2958	5
2959	2
2960	4
2961	2
2962	5
2963	1
2964	6
2965	8
2966	9
2967	6
2968	9
2969	10
2970	3
2971	4
2972	8
2973	4
2974	8
2975	2
2976	2
2977	10
2978	7
2979	3
2980	8
2981	6
2982	1
2983	4
2984	7
2985	4
2986	5
2987	11
2988	2
2989	4
2990	8
2991	1
2992	5
2993	1
2994	6
2995	8
2996	2
2997	11
2998	9
2999	6
3000	1
3001	4
3002	2
3003	6
3004	6
3005	1
3006	6
3007	6
3008	3
3009	6
3010	2
3011	2
3012	5
3013	2
3014	11
3015	7
3016	5
3017	6
3018	4
3019	2
3020	10
3021	4
3022	11
3023	2
3024	10
3025	2
3026	2
3027	10
3028	3
3029	2
3030	3
3031	2
3032	4
3033	1
3034	2
3035	5
3036	2
3037	3
3038	4
3039	3
3040	1
3041	9
3042	2
3043	2
3044	10
3045	8
3046	9
3047	2
3048	2
3049	8
3050	4
3051	9
3052	2
3053	11
3054	1
3055	7
3056	9
3057	1
3058	5
3059	2
3060	2
3061	10
3062	2
3063	2
3064	1
3065	11
3066	3
3067	11
3068	5
3069	7
3070	5
3071	5
3072	11
3073	2
3074	8
3075	4
3076	3
3077	11
3078	4
3079	4
3080	6
3081	11
3082	4
3083	6
3084	4
3085	3
3086	11
3087	2
3088	4
3089	10
3090	4
3091	11
3092	10
3093	7
3094	9
3095	8
3096	10
3097	3
3098	3
3099	10
3100	5
3101	1
3102	5
3103	4
3104	4
3105	2
3106	6
3107	2
3108	11
3109	5
3110	2
3111	6
3112	5
3113	2
3114	1
3115	9
3116	9
3117	8
3118	9
3119	11
3120	5
3121	3
3122	10
3123	6
3124	10
3125	4
3126	2
3127	2
3128	3
3129	5
3130	3
3131	2
3132	4
3133	4
3134	4
3135	8
3136	6
3137	6
3138	10
3139	4
3140	5
3141	2
3142	3
3143	3
3144	7
3145	11
3146	4
3147	3
3148	3
3149	11
3150	2
3151	2
3152	2
3153	11
3154	2
3155	4
3156	1
3157	5
3158	4
3159	9
3160	11
3161	7
3162	2
3163	6
3164	5
3165	5
3166	1
3167	7
3168	3
3169	10
3170	7
3171	1
3172	8
3173	8
3174	6
3175	5
3176	2
3177	1
3178	11
3179	8
3180	5
3181	3
3182	2
3183	11
3184	3
3185	7
3186	2
3187	5
3188	2
3189	2
3190	4
3191	9
3192	3
3193	5
3194	3
3195	5
3196	3
3197	7
3198	8
3199	6
3200	6
3201	11
3202	9
3203	3
3204	6
3205	6
3206	2
3207	10
3208	2
3209	7
3210	1
3211	7
3212	5
3213	3
3214	3
3215	3
3216	1
3217	5
3218	5
3219	2
3220	3
3221	9
3222	4
3223	2
3224	7
3225	3
3226	8
3227	3
3228	8
3229	5
3230	8
3231	8
3232	6
3233	7
3234	2
3235	4
3236	1
3237	2
3238	10
3239	6
3240	1
3241	7
3242	4
3243	9
3244	7
3245	4
3246	11
3247	3
3248	7
3249	6
3250	10
3251	11
3252	1
3253	2
3254	9
3255	5
3256	8
3257	8
3258	1
3259	6
3260	6
3261	4
3262	1
3263	1
3264	3
3265	10
3266	6
3267	1
3268	5
3269	4
3270	3
3271	4
3272	2
3273	2
3274	2
3275	5
3276	11
3277	1
3278	7
3279	5
3280	6
3281	3
3282	6
3283	6
3284	7
3285	3
3286	11
3287	4
3288	2
3289	4
3290	10
3291	3
3292	10
3293	3
3294	2
3295	3
3296	3
3297	6
3298	10
3299	5
3300	7
3301	8
3302	7
3303	10
3304	2
3305	3
3306	7
3307	4
3308	11
3309	3
3310	6
3311	2
3312	11
3313	6
3314	2
3315	2
3316	7
3317	9
3318	4
3319	2
3320	6
3321	5
3322	4
3323	2
3324	5
3325	2
3326	8
3327	9
3328	3
3329	9
3330	6
3331	6
3332	10
3333	3
3334	4
3335	2
3336	6
3337	10
3338	1
3339	10
3340	8
3341	11
3342	6
3343	3
3344	10
3345	3
3346	2
3347	10
3348	4
3349	8
3350	7
3351	8
3352	3
3353	6
3354	3
3355	2
3356	5
3357	5
3358	7
3359	11
3360	8
3361	3
3362	9
3363	2
3364	9
3365	4
3366	10
3367	6
3368	2
3369	4
3370	10
3371	2
3372	7
3373	3
3374	4
3375	9
3376	10
3377	7
3378	10
3379	2
3380	8
3381	3
3382	3
3383	3
3384	2
3385	8
3386	9
3387	2
3388	11
3389	2
3390	5
3391	2
3392	9
3393	2
3394	3
3395	8
3396	2
3397	10
3398	8
3399	3
3400	3
3401	9
3402	3
3403	2
3404	10
3405	6
3406	6
3407	2
3408	6
3409	4
3410	1
3411	6
3412	9
3413	7
3414	9
3415	7
3416	4
3417	6
3418	2
3419	2
3420	4
3421	4
3422	8
3423	3
3424	2
3425	2
3426	2
3427	8
3428	5
3429	4
3430	6
3431	2
3432	2
3433	5
3434	3
3435	1
3436	7
3437	4
3438	2
3439	3
3440	10
3441	11
3442	10
3443	9
3444	2
3445	10
3446	2
3447	3
3448	3
3449	1
3450	5
3451	4
3452	5
3453	6
3454	8
3455	7
3456	2
3457	5
3458	9
3459	8
3460	7
3461	3
3462	3
3463	10
3464	3
3465	6
3466	7
3467	2
3468	6
3469	1
3470	11
3471	8
3472	3
3473	11
3474	9
3475	6
3476	7
3477	7
3478	3
3479	3
3480	2
3481	4
3482	5
3483	6
3484	1
3485	9
3486	4
3487	3
3488	7
3489	7
3490	2
3491	2
3492	6
3493	6
3494	9
3495	3
3496	5
3497	11
3498	3
3499	4
3500	8
3501	7
3502	3
3503	2
3504	8
3505	10
3506	2
3507	11
3508	2
3509	2
3510	3
3511	4
3512	9
3513	5
3514	2
3515	6
3516	2
3517	6
3518	7
3519	9
3520	6
3521	5
3522	3
3523	6
3524	2
3525	3
3526	9
3527	9
3528	5
3529	2
3530	2
3531	5
3532	5
3533	2
3534	10
3535	5
3536	11
3537	2
3538	5
3539	2
3540	3
3541	3
3542	3
3543	10
3544	7
3545	7
3546	3
3547	1
3548	6
3549	9
3550	5
3551	8
3552	5
3553	4
3554	4
3555	5
3556	10
3557	3
3558	3
3559	5
3560	6
3561	2
3562	11
3563	5
3564	6
3565	7
3566	10
3567	1
3568	11
3569	10
3570	10
3571	4
3572	2
3573	1
3574	2
3575	3
3576	2
3577	1
3578	3
3579	8
3580	3
3581	7
3582	1
3583	11
3584	4
3585	4
3586	2
3587	3
3588	6
3589	4
3590	10
3591	1
3592	6
3593	1
3594	9
3595	6
3596	7
3597	7
3598	11
3599	10
3600	11
3601	9
3602	10
3603	4
3604	7
3605	7
3606	11
3607	9
3608	3
3609	9
3610	4
3611	5
3612	4
3613	2
3614	3
3615	2
3616	9
3617	3
3618	11
3619	6
3620	8
3621	7
3622	2
3623	3
3624	7
3625	11
3626	11
3627	3
3628	4
3629	5
3630	6
3631	2
3632	9
3633	7
3634	5
3635	2
3636	3
3637	2
3638	1
3639	1
3640	9
3641	8
3642	8
3643	8
3644	6
3645	9
3646	9
3647	10
3648	1
3649	11
3650	11
3651	4
3652	2
3653	2
3654	3
3655	4
3656	7
3657	5
3658	2
3659	11
3660	9
3661	10
3662	4
3663	5
3664	2
3665	3
3666	4
3667	2
3668	4
3669	3
3670	11
3671	4
3672	8
3673	9
3674	1
3675	2
3676	5
3677	8
3678	7
3679	11
3680	2
3681	3
3682	5
3683	2
3684	5
3685	4
3686	6
3687	3
3688	1
3689	8
3690	9
3691	5
3692	3
3693	6
3694	6
3695	3
3696	7
3697	4
3698	2
3699	4
3700	4
3701	4
3702	7
3703	7
3704	1
3705	3
3706	4
3707	3
3708	2
3709	2
3710	5
3711	3
3712	7
3713	7
3714	4
3715	3
3716	2
3717	10
3718	7
3719	2
3720	3
3721	2
3722	5
3723	2
3724	8
3725	8
3726	6
3727	3
3728	2
3729	5
3730	2
3731	4
3732	11
3733	9
3734	4
3735	3
3736	11
3737	3
3738	7
3739	6
3740	6
3741	6
3742	2
3743	4
3744	8
3745	1
3746	9
3747	9
3748	8
3749	3
3750	9
3751	8
3752	2
3753	2
3754	6
3755	3
3756	3
3757	11
3758	5
3759	1
3760	9
3761	8
3762	2
3763	5
3764	10
3765	3
3766	5
3767	7
3768	3
3769	11
3770	2
3771	11
3772	6
3773	6
3774	11
3775	4
3776	3
3777	6
3778	6
3779	2
3780	2
3781	3
3782	6
3783	2
3784	7
3785	2
3786	6
3787	6
3788	7
3789	9
3790	3
3791	6
3792	2
3793	2
3794	11
3795	11
3796	6
3797	4
3798	10
3799	9
3800	8
3801	3
3802	2
3803	3
3804	5
3805	11
3806	5
3807	11
3808	2
3809	9
3810	11
3811	6
3812	3
3813	2
3814	11
3815	6
3816	2
3817	2
3818	3
3819	6
3820	4
3821	5
3822	4
3823	11
3824	2
3825	10
3826	3
3827	1
3828	7
3829	7
3830	2
3831	11
3832	2
3833	7
3834	11
3835	11
3836	11
3837	2
3838	4
3839	2
3840	4
3841	2
3842	3
3843	8
3844	7
3845	7
3846	3
3847	11
3848	9
3849	7
3850	11
3851	6
3852	9
3853	4
3854	6
3855	6
3856	11
3857	9
3858	6
3859	5
3860	8
3861	5
3862	2
3863	3
3864	3
3865	2
3866	7
3867	3
3868	3
3869	9
3870	4
3871	4
3872	2
3873	1
3874	5
3875	6
3876	2
3877	4
3878	3
3879	7
3880	10
3881	3
3882	8
3883	3
3884	3
3885	2
3886	3
3887	4
3888	6
3889	6
3890	11
3891	4
3892	6
3893	1
3894	3
3895	2
3896	3
3897	8
3898	4
3899	7
3900	3
3901	1
3902	7
3903	7
3904	2
3905	3
3906	3
3907	7
3908	9
3909	2
3910	7
3911	11
3912	2
3913	7
3914	1
3915	10
3916	2
3917	7
3918	9
3919	3
3920	6
3921	7
3922	4
3923	5
3924	2
3925	9
3926	7
3927	5
3928	10
3929	7
3930	7
3931	6
3932	6
3933	5
3934	4
3935	2
3936	3
3937	2
3938	4
3939	3
3940	6
3941	10
3942	3
3943	3
3944	8
3945	3
3946	2
3947	7
3948	2
3949	2
3950	2
3951	2
3952	6
3953	11
3954	2
3955	6
3956	11
3957	8
3958	4
3959	4
3960	1
3961	4
3962	5
3963	11
3964	7
3965	1
3966	9
3967	4
3968	4
3969	4
3970	2
3971	10
3972	4
3973	4
3974	1
3975	9
3976	5
3977	2
3978	7
3979	5
3980	3
3981	1
3982	6
3983	2
3984	3
3985	2
3986	4
3987	2
3988	5
3989	2
3990	4
3991	5
3992	1
3993	3
3994	5
3995	4
3996	8
3997	9
3998	7
3999	7
4000	6
4001	8
4002	4
4003	2
4004	2
4005	9
4006	8
4007	11
4008	10
4009	4
4010	10
4011	4
4012	4
4013	5
4014	5
4015	7
4016	3
4017	3
4018	7
4019	7
4020	7
4021	5
4022	7
4023	10
4024	11
4025	7
4026	4
4027	3
4028	3
4029	6
4030	10
4031	4
4032	4
4033	5
4034	2
4035	5
4036	10
4037	4
4038	10
4039	5
4040	2
4041	3
4042	2
4043	4
4044	7
4045	10
4046	9
4047	2
4048	5
4049	2
4050	10
4051	2
4052	9
4053	5
4054	7
4055	4
4056	3
4057	4
4058	10
4059	2
4060	6
4061	2
4062	3
4063	11
4064	3
4065	5
4066	2
4067	1
4068	2
4069	3
4070	2
4071	5
4072	1
4073	2
4074	4
4075	1
4076	7
4077	2
4078	7
4079	6
4080	2
4081	9
4082	7
4083	7
4084	8
4085	3
4086	4
4087	11
4088	2
4089	7
4090	8
4091	7
4092	3
4093	8
4094	9
4095	11
4096	2
4097	3
4098	9
4099	4
4100	2
4101	4
4102	2
4103	5
4104	2
4105	2
4106	8
4107	3
4108	11
4109	11
4110	6
4111	8
4112	7
4113	10
4114	1
4115	7
4116	4
4117	2
4118	2
4119	3
4120	7
4121	7
4122	6
4123	1
4124	9
4125	2
4126	2
4127	9
4128	3
4129	3
4130	2
4131	8
4132	10
4133	9
4134	10
4135	2
4136	2
4137	10
4138	3
4139	8
4140	8
4141	6
4142	10
4143	6
4144	9
4145	1
4146	9
4147	3
4148	6
4149	2
4150	3
4151	5
4152	2
4153	6
4154	3
4155	6
4156	6
4157	4
4158	6
4159	4
4160	2
4161	3
4162	11
4163	4
4164	4
4165	2
4166	8
4167	2
4168	3
4169	3
4170	7
4171	5
4172	4
4173	2
4174	5
4175	5
4176	6
4177	5
4178	7
4179	5
4180	7
4181	4
4182	11
4183	10
4184	8
4185	3
4186	4
4187	2
4188	7
4189	4
4190	8
4191	9
4192	9
4193	2
4194	5
4195	4
4196	3
4197	1
4198	2
4199	9
4200	2
4201	2
4202	10
4203	3
4204	2
4205	5
4206	1
4207	6
4208	2
4209	9
4210	3
4211	2
4212	11
4213	3
4214	11
4215	4
4216	10
4217	7
4218	2
4219	10
4220	2
4221	3
4222	10
4223	7
4224	8
4225	10
4226	3
4227	3
4228	3
4229	5
4230	11
4231	7
4232	2
4233	5
4234	3
4235	8
4236	10
4237	6
4238	3
4239	3
4240	5
4241	3
4242	3
4243	9
4244	10
4245	2
4246	7
4247	1
4248	4
4249	11
4250	2
4251	2
4252	7
4253	9
4254	10
4255	9
4256	1
4257	10
4258	2
4259	10
4260	3
4261	8
4262	10
4263	3
4264	2
4265	9
4266	2
4267	7
4268	6
4269	8
4270	5
4271	2
4272	8
4273	2
4274	2
4275	8
4276	4
4277	7
4278	3
4279	1
4280	11
4281	6
4282	8
4283	2
4284	2
4285	3
4286	1
4287	2
4288	2
4289	9
4290	6
4291	3
4292	10
4293	6
4294	11
4295	6
4296	2
4297	11
4298	2
4299	9
4300	7
4301	10
4302	7
4303	1
4304	8
4305	2
4306	3
4307	11
4308	5
4309	2
4310	3
4311	2
4312	2
4313	5
4314	3
4315	8
4316	2
4317	3
4318	5
4319	2
4320	5
4321	4
4322	6
4323	3
4324	8
4325	2
4326	6
4327	3
4328	11
4329	11
4330	3
4331	9
4332	1
4333	5
4334	9
4335	11
4336	10
4337	4
4338	9
4339	1
4340	7
4341	4
4342	1
4343	3
4344	9
4345	8
4346	9
4347	3
4348	5
4349	11
4350	2
4351	11
4352	5
4353	9
4354	7
4355	2
4356	1
4357	11
4358	5
4359	2
4360	4
4361	10
4362	9
4363	2
4364	7
4365	1
4366	2
4367	2
4368	7
4369	5
4370	8
4371	10
4372	2
4373	6
4374	4
4375	7
4376	4
4377	10
4378	1
4379	11
4380	6
4381	4
4382	9
4383	2
4384	5
4385	2
4386	5
4387	7
4388	2
4389	2
4390	2
4391	11
4392	10
4393	5
4394	6
4395	6
4396	3
4397	7
4398	1
4399	9
4400	11
4401	1
4402	2
4403	3
4404	8
4405	7
4406	9
4407	3
4408	9
4409	5
4410	7
4411	2
4412	9
4413	2
4414	9
4415	2
4416	9
4417	8
4418	5
4419	9
4420	2
4421	11
4422	11
4423	1
4424	6
4425	2
4426	5
4427	8
4428	6
4429	9
4430	10
4431	11
4432	5
4433	7
4434	5
4435	10
4436	5
4437	9
4438	4
4439	8
4440	2
4441	2
4442	2
4443	7
4444	5
4445	11
4446	11
4447	2
4448	3
4449	8
4450	6
4451	8
4452	5
4453	5
4454	5
4455	7
4456	3
4457	6
4458	9
4459	11
4460	2
4461	2
4462	11
4463	8
4464	2
4465	2
4466	3
4467	8
4468	10
4469	2
4470	8
4471	2
4472	11
4473	4
4474	3
4475	4
4476	9
4477	11
4478	9
4479	2
4480	4
4481	2
4482	2
4483	2
4484	1
4485	7
4486	11
4487	9
4488	2
4489	3
4490	9
4491	2
4492	4
4493	7
4494	3
4495	4
4496	11
4497	2
4498	5
4499	9
4500	5
4501	11
4502	2
4503	7
4504	1
4505	3
4506	1
4507	11
4508	6
4509	3
4510	7
4511	9
4512	6
4513	10
4514	1
4515	5
4516	4
4517	3
4518	5
4519	3
4520	6
4521	2
4522	2
4523	10
4524	2
4525	4
4526	5
4527	4
4528	3
4529	10
4530	2
4531	3
4532	5
4533	1
4534	2
4535	7
4536	1
4537	5
4538	4
4539	11
4540	10
4541	6
4542	7
4543	3
4544	10
4545	5
4546	7
4547	10
4548	5
4549	9
4550	2
4551	10
4552	4
4553	8
4554	5
4555	8
4556	11
4557	7
4558	2
4559	6
4560	5
4561	3
4562	8
4563	4
4564	9
4565	11
4566	11
4567	5
4568	9
4569	8
4570	11
4571	8
4572	4
4573	1
4574	8
4575	1
4576	3
4577	11
4578	8
4579	8
4580	8
4581	3
4582	3
4583	2
4584	10
4585	10
4586	5
4587	4
4588	3
4589	2
4590	3
4591	6
4592	3
4593	3
4594	3
4595	2
4596	3
4597	11
4598	2
4599	10
4600	11
4601	4
4602	3
4603	1
4604	8
4605	4
4606	11
4607	2
4608	5
4609	2
4610	2
4611	2
4612	8
4613	5
4614	6
4615	8
4616	8
4617	1
4618	10
4619	3
4620	5
4621	4
4622	2
4623	2
4624	3
4625	3
4626	5
4627	5
4628	2
4629	8
4630	3
4631	1
4632	2
4633	5
4634	5
4635	4
4636	7
4637	2
4638	2
4639	8
4640	5
4641	7
4642	8
4643	5
4644	7
4645	2
4646	7
4647	9
4648	11
4649	10
4650	1
4651	7
4652	5
4653	4
4654	9
4655	8
4656	3
4657	8
4658	4
4659	3
4660	10
4661	2
4662	2
4663	1
4664	2
4665	9
4666	5
4667	3
4668	4
4669	6
4670	11
4671	3
4672	5
4673	8
4674	3
4675	4
4676	2
4677	11
4678	8
4679	4
4680	1
4681	1
4682	3
4683	2
4684	3
4685	4
4686	10
4687	2
4688	4
4689	2
4690	10
4691	8
4692	4
4693	2
4694	1
4695	9
4696	4
4697	7
4698	4
4699	11
4700	8
4701	7
4702	8
4703	3
4704	9
4705	7
4706	7
4707	1
4708	10
4709	3
4710	2
4711	3
4712	5
4713	8
4714	2
4715	6
4716	6
4717	5
4718	4
4719	1
4720	5
4721	2
4722	6
4723	5
4724	5
4725	8
4726	4
4727	4
4728	3
4729	9
4730	7
4731	7
4732	4
4733	3
4734	10
4735	3
4736	7
4737	2
4738	3
4739	9
4740	9
4741	2
4742	9
4743	2
4744	5
4745	5
4746	9
4747	2
4748	4
4749	9
4750	2
4751	1
4752	7
4753	9
4754	3
4755	5
4756	6
4757	7
4758	6
4759	11
4760	2
4761	4
4762	4
4763	8
4764	6
4765	7
4766	4
4767	3
4768	7
4769	4
4770	4
4771	11
4772	4
4773	9
4774	7
4775	4
4776	1
4777	7
4778	10
4779	2
4780	4
4781	8
4782	2
4783	8
4784	6
4785	6
4786	2
4787	10
4788	2
4789	2
4790	7
4791	6
4792	5
4793	9
4794	8
4795	10
4796	2
4797	6
4798	4
4799	5
4800	2
4801	5
4802	1
4803	2
4804	5
4805	4
4806	2
4807	6
4808	4
4809	2
4810	2
4811	9
4812	6
4813	9
4814	3
4815	3
4816	11
4817	2
4818	8
4819	5
4820	7
4821	3
4822	9
4823	5
4824	2
4825	8
4826	4
4827	7
4828	2
4829	2
4830	7
4831	5
4832	9
4833	7
4834	5
4835	11
4836	4
4837	3
4838	7
4839	9
4840	4
4841	9
4842	11
4843	7
4844	5
4845	3
4846	2
4847	3
4848	3
4849	2
4850	10
4851	5
4852	11
4853	2
4854	11
4855	3
4856	8
4857	1
4858	8
4859	1
4860	11
4861	7
4862	9
4863	7
4864	2
4865	3
4866	2
4867	9
4868	6
4869	2
4870	6
4871	7
4872	11
4873	2
4874	7
4875	10
4876	11
4877	8
4878	7
4879	2
4880	2
4881	7
4882	11
4883	10
4884	4
4885	4
4886	8
4887	1
4888	7
4889	4
4890	9
4891	6
4892	2
4893	5
4894	6
4895	7
4896	5
4897	2
4898	2
4899	5
4900	6
4901	2
4902	2
4903	9
4904	1
4905	2
4906	10
4907	4
4908	5
4909	9
4910	8
4911	5
4912	2
4913	2
4914	4
4915	5
4916	1
4917	8
4918	11
4919	2
4920	3
4921	5
4922	4
4923	2
4924	9
4925	3
4926	2
4927	1
4928	3
4929	7
4930	3
4931	8
4932	3
4933	4
4934	5
4935	6
4936	6
4937	10
4938	3
4939	6
4940	1
4941	7
4942	4
4943	7
4944	11
4945	2
4946	1
4947	11
4948	1
4949	2
4950	6
4951	6
4952	3
4953	3
4954	9
4955	10
4956	7
4957	5
4958	2
4959	5
4960	2
4961	3
4962	11
4963	1
4964	2
4965	7
4966	8
4967	3
4968	7
4969	8
4970	5
4971	9
4972	10
4973	1
4974	6
4975	2
4976	7
4977	2
4978	11
4979	5
4980	8
4981	8
4982	8
4983	9
4984	4
4985	3
4986	5
4987	11
4988	8
4989	2
4990	2
4991	8
4992	6
4993	3
4994	3
4995	10
4996	4
4997	3
4998	9
4999	8
5000	10
5001	4
5002	8
5003	2
5004	3
5005	3
5006	3
5007	8
5008	2
5009	5
5010	11
5011	2
5012	10
5013	11
5014	4
5015	5
5016	9
5017	8
5018	2
5019	4
5020	6
5021	6
5022	3
5023	3
5024	5
5025	2
5026	2
5027	10
5028	9
5029	2
5030	3
5031	2
5032	1
5033	2
5034	5
5035	5
5036	11
5037	5
5038	7
5039	11
5040	4
5041	7
5042	2
5043	3
5044	3
5045	10
5046	6
5047	7
5048	7
5049	7
5050	6
5051	4
5052	4
5053	2
5054	9
5055	3
5056	2
5057	6
5058	3
5059	3
5060	11
5061	8
5062	9
5063	4
5064	9
5065	9
5066	5
5067	2
5068	11
5069	1
5070	5
5071	10
5072	9
5073	2
5074	5
5075	11
5076	3
5077	4
5078	8
5079	3
5080	1
5081	2
5082	4
5083	3
5084	9
5085	5
5086	5
5087	3
5088	2
5089	6
5090	7
5091	4
5092	2
5093	11
5094	10
5095	6
5096	5
5097	5
5098	3
5099	2
5100	2
5101	1
5102	6
5103	4
5104	2
5105	5
5106	2
5107	3
5108	2
5109	11
5110	2
5111	7
5112	7
5113	3
5114	9
5115	11
5116	3
5117	10
5118	8
5119	9
5120	1
5121	5
5122	4
5123	10
5124	8
5125	4
5126	4
5127	1
5128	3
5129	10
5130	3
5131	7
5132	6
5133	8
5134	4
5135	8
5136	4
5137	8
5138	4
5139	2
5140	9
5141	10
5142	4
5143	8
5144	8
5145	10
5146	2
5147	1
5148	3
5149	7
5150	3
5151	7
5152	3
5153	10
5154	9
5155	11
5156	3
5157	5
5158	5
5159	5
5160	10
5161	3
5162	10
5163	8
5164	1
5165	4
5166	1
5167	2
5168	5
5169	2
5170	8
5171	2
5172	9
5173	4
5174	7
5175	2
5176	9
5177	2
5178	9
5179	4
5180	6
5181	9
5182	4
5183	7
5184	10
5185	8
5186	3
5187	6
5188	7
5189	3
5190	4
5191	1
5192	7
5193	6
5194	9
5195	4
5196	4
5197	7
5198	2
5199	8
5200	6
5201	7
5202	5
5203	2
5204	10
5205	1
5206	4
5207	8
5208	7
5209	6
5210	7
5211	3
5212	5
5213	9
5214	2
5215	6
5216	10
5217	2
5218	3
5219	2
5220	3
5221	9
5222	3
5223	3
5224	3
5225	4
5226	7
5227	3
5228	11
5229	5
5230	8
5231	9
5232	4
5233	8
5234	2
5235	2
5236	6
5237	6
5238	5
5239	9
5240	1
5241	5
5242	4
5243	5
5244	2
5245	6
5246	3
5247	5
5248	9
5249	5
5250	3
5251	11
5252	9
5253	4
5254	4
5255	4
5256	6
5257	4
5258	7
5259	9
5260	5
5261	10
5262	9
5263	4
5264	8
5265	3
5266	10
5267	6
5268	9
5269	2
5270	1
5271	2
5272	2
5273	6
5274	7
5275	8
5276	3
5277	2
5278	2
5279	6
5280	2
5281	5
5282	10
5283	4
5284	5
5285	7
5286	3
5287	5
5288	8
5289	11
5290	4
5291	2
5292	1
5293	5
5294	5
5295	2
5296	4
5297	1
5298	4
5299	2
5300	3
5301	11
5302	6
5303	8
5304	8
5305	6
5306	5
5307	3
5308	3
5309	2
5310	5
5311	7
5312	7
5313	7
5314	10
5315	2
5316	5
5317	2
5318	2
5319	2
5320	4
5321	4
5322	8
5323	2
5324	4
5325	1
5326	11
5327	6
5328	9
5329	6
5330	4
5331	6
5332	4
5333	3
5334	3
5335	6
5336	3
5337	4
5338	2
5339	2
5340	5
5341	4
5342	4
5343	4
5344	7
5345	10
5346	2
5347	3
5348	6
5349	3
5350	10
5351	10
5352	11
5353	5
5354	8
5355	8
5356	6
5357	3
5358	6
5359	2
5360	7
5361	5
5362	10
5363	1
5364	2
5365	5
5366	3
5367	1
5368	8
5369	2
5370	11
5371	1
5372	3
5373	3
5374	2
5375	3
5376	2
5377	2
5378	9
5379	10
5380	2
5381	7
5382	10
5383	11
5384	5
5385	9
5386	2
5387	2
5388	2
5389	7
5390	6
5391	2
5392	9
5393	7
5394	3
5395	6
5396	7
5397	5
5398	2
5399	5
5400	5
5401	7
5402	2
5403	2
5404	9
5405	1
5406	10
5407	2
5408	9
5409	5
5410	2
5411	2
5412	3
5413	6
5414	2
5415	2
5416	3
5417	6
5418	6
5419	6
5420	11
5421	3
5422	9
5423	1
5424	3
5425	11
5426	5
5427	7
5428	6
5429	6
5430	11
5431	6
5432	3
5433	8
5434	6
5435	3
5436	10
5437	7
5438	3
5439	4
5440	1
5441	9
5442	8
5443	2
5444	11
5445	3
5446	7
5447	5
5448	7
5449	6
5450	9
5451	10
5452	4
5453	2
5454	4
5455	4
5456	2
5457	4
5458	9
5459	8
5460	3
5461	7
5462	8
5463	2
5464	10
5465	4
5466	10
5467	2
5468	8
5469	3
5470	6
5471	7
5472	6
5473	7
5474	5
5475	3
5476	3
5477	1
5478	2
5479	5
5480	10
5481	11
5482	3
5483	8
5484	11
5485	10
5486	5
5487	2
5488	4
5489	8
5490	3
5491	4
5492	2
5493	8
5494	3
5495	5
5496	8
5497	11
5498	6
5499	9
5500	4
5501	2
5502	6
5503	3
5504	6
5505	9
5506	6
5507	2
5508	1
5509	9
5510	10
5511	1
5512	2
5513	11
5514	2
5515	4
5516	6
5517	2
5518	2
5519	3
5520	5
5521	2
5522	5
5523	8
5524	3
5525	8
5526	9
5527	2
5528	1
5529	11
5530	6
5531	6
5532	9
5533	3
5534	2
5535	8
5536	9
5537	4
5538	7
5539	9
5540	2
5541	8
5542	8
5543	6
5544	2
5545	11
5546	2
5547	4
5548	6
5549	3
5550	1
5551	4
5552	4
5553	4
5554	2
5555	10
5556	8
5557	5
5558	8
5559	2
5560	9
5561	11
5562	5
5563	5
5564	9
5565	5
5566	7
5567	11
5568	2
5569	7
5570	1
5571	2
5572	6
5573	11
5574	6
5575	2
5576	6
5577	11
5578	6
5579	2
5580	10
5581	3
5582	10
5583	10
5584	10
5585	2
5586	2
5587	9
5588	7
5589	6
5590	4
5591	3
5592	6
5593	1
5594	9
5595	9
5596	8
5597	2
5598	3
5599	8
5600	9
5601	2
5602	5
5603	11
5604	5
5605	6
5606	9
5607	10
5608	6
5609	3
5610	8
5611	6
5612	11
5613	4
5614	9
5615	1
5616	4
5617	2
5618	9
5619	8
5620	5
5621	2
5622	9
5623	1
5624	1
5625	5
5626	2
5627	4
5628	8
5629	3
5630	2
5631	4
5632	1
5633	11
5634	11
5635	8
5636	11
5637	11
5638	6
5639	7
5640	2
5641	6
5642	1
5643	4
5644	10
5645	9
5646	2
5647	9
5648	9
5649	3
5650	1
5651	5
5652	2
5653	2
5654	7
5655	8
5656	7
5657	11
5658	6
5659	3
5660	3
5661	3
5662	7
5663	10
5664	1
5665	7
5666	9
5667	6
5668	8
5669	3
5670	6
5671	10
5672	5
5673	3
5674	9
5675	4
5676	2
5677	6
5678	5
5679	10
5680	8
5681	7
5682	3
5683	3
5684	3
5685	6
5686	5
5687	6
5688	2
5689	4
5690	5
5691	2
5692	2
5693	4
5694	4
5695	1
5696	2
5697	8
5698	5
5699	2
5700	7
5701	9
5702	9
5703	4
5704	5
5705	3
5706	2
5707	11
5708	5
5709	6
5710	3
5711	2
5712	8
5713	8
5714	2
5715	5
5716	2
5717	2
5718	4
5719	4
5720	11
5721	3
5722	1
5723	3
5724	10
5725	2
5726	8
5727	4
5728	2
5729	5
5730	8
5731	3
5732	4
5733	5
5734	3
5735	9
5736	11
5737	3
5738	6
5739	2
5740	2
5741	6
5742	9
5743	3
5744	3
5745	7
5746	10
5747	10
5748	9
5749	11
5750	8
5751	2
5752	2
5753	4
5754	8
5755	6
5756	9
5757	11
5758	2
5759	9
5760	3
5761	7
5762	2
5763	5
5764	6
5765	2
5766	11
5767	1
5768	1
5769	9
5770	4
5771	6
5772	3
5773	3
5774	4
5775	8
5776	3
5777	2
5778	11
5779	9
5780	7
5781	3
5782	2
5783	5
5784	5
5785	10
5786	10
5787	4
5788	2
5789	2
5790	3
5791	3
5792	6
5793	7
5794	4
5795	10
5796	2
5797	11
5798	2
5799	5
5800	6
5801	3
5802	7
5803	5
5804	6
5805	2
5806	4
5807	5
5808	4
5809	5
5810	2
5811	4
5812	5
5813	4
5814	2
5815	4
5816	5
5817	2
5818	9
5819	4
5820	3
5821	5
5822	9
5823	3
5824	8
5825	4
5826	9
5827	4
5828	7
5829	9
5830	2
5831	5
5832	3
5833	3
5834	5
5835	10
5836	10
5837	7
5838	3
5839	3
5840	3
5841	8
5842	8
5843	10
5844	8
5845	9
5846	3
5847	5
5848	1
5849	4
5850	3
5851	10
5852	5
5853	2
5854	2
5855	11
5856	5
5857	8
5858	4
5859	2
5860	8
5861	6
5862	3
5863	10
5864	5
5865	3
5866	6
5867	3
5868	10
5869	4
5870	3
5871	4
5872	6
5873	3
5874	6
5875	7
5876	8
5877	11
5878	7
5879	2
5880	5
5881	7
5882	9
5883	6
5884	10
5885	5
5886	7
5887	2
5888	7
5889	3
5890	6
5891	3
5892	10
5893	2
5894	6
5895	4
5896	5
5897	3
5898	10
5899	7
5900	10
5901	1
5902	4
5903	4
5904	8
5905	4
5906	7
5907	7
5908	2
5909	2
5910	10
5911	3
5912	1
5913	4
5914	4
5915	11
5916	5
5917	1
5918	3
5919	2
5920	3
5921	7
5922	11
5923	7
5924	10
5925	3
5926	2
5927	11
5928	3
5929	1
5930	6
5931	6
5932	5
5933	3
5934	8
5935	3
5936	3
5937	2
5938	10
5939	7
5940	2
5941	1
5942	6
5943	3
5944	2
5945	5
5946	3
5947	7
5948	9
5949	7
5950	10
5951	5
5952	4
5953	2
5954	4
5955	2
5956	9
5957	3
5958	5
5959	10
5960	9
5961	2
5962	9
5963	10
5964	7
5965	2
5966	3
5967	10
5968	9
5969	2
5970	5
5971	7
5972	2
5973	2
5974	2
5975	6
5976	6
5977	3
5978	2
5979	6
5980	8
5981	2
5982	3
5983	11
5984	10
5985	4
5986	3
5987	1
5988	5
5989	5
5990	4
5991	2
5992	2
5993	7
5994	5
5995	4
5996	11
5997	7
5998	2
5999	3
6000	11
6001	6
6002	7
6003	4
6004	8
6005	3
6006	5
6007	4
6008	2
6009	2
6010	4
6011	4
6012	2
6013	5
6014	3
6015	1
6016	7
6017	5
6018	7
6019	1
6020	5
6021	1
6022	6
6023	2
6024	5
6025	3
6026	2
6027	2
6028	11
6029	5
6030	4
6031	10
6032	8
6033	9
6034	2
6035	2
6036	8
6037	8
6038	11
6039	3
6040	2
6041	6
6042	2
6043	10
6044	10
6045	3
6046	6
6047	3
6048	10
6049	11
6050	2
6051	6
6052	4
6053	9
6054	8
6055	9
6056	6
6057	7
6058	8
6059	2
6060	7
6061	10
6062	6
6063	3
6064	1
6065	9
6066	5
6067	2
6068	2
6069	4
6070	9
6071	10
6072	8
6073	6
6074	9
6075	10
6076	3
6077	2
6078	5
6079	2
6080	3
6081	3
6082	5
6083	2
6084	8
6085	3
6086	11
6087	6
6088	9
6089	3
6090	2
6091	7
6092	2
6093	4
6094	3
6095	7
6096	4
6097	4
6098	2
6099	3
6100	3
6101	8
6102	2
6103	2
6104	2
6105	1
6106	8
6107	3
6108	7
6109	2
6110	11
6111	9
6112	3
6113	5
6114	5
6115	3
6116	11
6117	3
6118	11
6119	3
6120	1
6121	6
6122	3
6123	2
6124	5
6125	11
6126	7
6127	2
6128	4
6129	4
6130	2
6131	2
6132	11
6133	11
6134	5
6135	3
6136	4
6137	2
6138	1
6139	8
6140	4
6141	10
6142	2
6143	7
6144	2
6145	6
6146	2
6147	7
6148	9
6149	4
6150	3
6151	4
6152	5
6153	3
6154	7
6155	3
6156	4
6157	2
6158	7
6159	9
6160	5
6161	4
6162	2
6163	3
6164	10
6165	3
6166	9
6167	9
6168	6
6169	6
6170	2
6171	11
6172	3
6173	2
6174	3
6175	2
6176	4
6177	10
6178	3
6179	5
6180	8
6181	2
6182	5
6183	6
6184	9
6185	10
6186	7
6187	2
6188	6
6189	9
6190	3
6191	7
6192	3
6193	3
6194	9
6195	8
6196	3
6197	7
6198	6
6199	6
6200	4
6201	5
6202	2
6203	11
6204	3
6205	4
6206	7
6207	2
6208	1
6209	6
6210	6
6211	1
6212	4
6213	7
6214	10
6215	9
6216	10
6217	4
6218	10
6219	1
6220	2
6221	1
6222	6
6223	6
6224	7
6225	3
6226	6
6227	4
6228	3
6229	3
6230	11
6231	8
6232	7
6233	2
6234	9
6235	3
6236	4
6237	8
6238	1
6239	6
6240	2
6241	2
6242	5
6243	6
6244	2
6245	9
6246	6
6247	11
6248	3
6249	9
6250	3
6251	3
6252	3
6253	9
6254	10
6255	3
6256	3
6257	10
6258	3
6259	5
6260	11
6261	2
6262	8
6263	4
6264	1
6265	7
6266	5
6267	2
6268	2
6269	10
6270	9
6271	8
6272	4
6273	4
6274	4
6275	3
6276	3
6277	3
6278	9
6279	6
6280	4
6281	6
6282	2
6283	3
6284	6
6285	1
6286	5
6287	7
6288	8
6289	4
6290	4
6291	1
6292	7
6293	3
6294	1
6295	5
6296	6
6297	4
6298	10
6299	2
6300	2
6301	9
6302	10
6303	4
6304	5
6305	4
6306	6
6307	6
6308	2
6309	8
6310	5
6311	2
6312	10
6313	10
6314	2
6315	2
6316	10
6317	7
6318	3
6319	5
6320	3
6321	6
6322	10
6323	1
6324	1
6325	4
6326	8
6327	7
6328	4
6329	4
6330	7
6331	3
6332	7
6333	1
6334	5
6335	9
6336	10
6337	2
6338	4
6339	3
6340	2
6341	9
6342	3
6343	5
6344	3
6345	7
6346	10
6347	9
6348	7
6349	9
6350	4
6351	5
6352	7
6353	7
6354	8
6355	2
6356	9
6357	4
6358	2
6359	9
6360	3
6361	3
6362	4
6363	6
6364	4
6365	3
6366	4
6367	9
6368	8
6369	3
6370	6
6371	3
6372	5
6373	11
6374	6
6375	1
6376	7
6377	10
6378	6
6379	9
6380	6
6381	2
6382	3
6383	3
6384	5
6385	5
6386	7
6387	3
6388	10
6389	6
6390	3
6391	2
6392	5
6393	2
6394	3
6395	8
6396	2
6397	6
6398	11
6399	1
6400	11
6401	7
6402	2
6403	10
6404	9
6405	6
6406	1
6407	3
6408	3
6409	3
6410	11
6411	9
6412	10
6413	10
6414	10
6415	3
6416	11
6417	3
6418	8
6419	3
6420	3
6421	4
6422	2
6423	5
6424	9
6425	3
6426	8
6427	7
6428	10
6429	2
6430	6
6431	5
6432	3
6433	6
6434	5
6435	7
6436	6
6437	1
6438	7
6439	10
6440	5
6441	11
6442	4
6443	9
6444	8
6445	2
6446	10
6447	2
6448	7
6449	7
6450	6
6451	10
6452	9
6453	3
6454	7
6455	4
6456	7
6457	7
6458	1
6459	4
6460	9
6461	6
6462	2
6463	1
6464	8
6465	6
6466	7
6467	2
6468	3
6469	5
6470	8
6471	5
6472	5
6473	8
6474	4
6475	3
6476	9
6477	6
6478	1
6479	2
6480	6
6481	5
6482	10
6483	5
6484	6
6485	10
6486	7
6487	2
6488	4
6489	11
6490	5
6491	5
6492	2
6493	11
6494	9
6495	4
6496	5
6497	2
6498	6
6499	7
6500	7
6501	5
6502	6
6503	2
6504	6
6505	2
6506	7
6507	10
6508	2
6509	2
6510	10
6511	5
6512	1
6513	7
6514	3
6515	2
6516	3
6517	8
6518	7
6519	6
6520	6
6521	9
6522	6
6523	8
6524	2
6525	9
6526	6
6527	3
6528	8
6529	3
6530	9
6531	2
6532	3
6533	8
6534	5
6535	4
6536	6
6537	11
6538	2
6539	2
6540	3
6541	6
6542	3
6543	7
6544	10
6545	6
6546	6
6547	8
6548	9
6549	6
6550	2
6551	2
6552	9
6553	9
6554	4
6555	6
6556	6
6557	3
6558	1
6559	5
6560	4
6561	4
6562	11
6563	10
6564	9
6565	10
6566	9
6567	9
6568	3
6569	10
6570	1
6571	2
6572	3
6573	2
6574	3
6575	8
6576	4
6577	3
6578	2
6579	6
6580	8
6581	3
6582	3
6583	5
6584	4
6585	5
6586	7
6587	11
6588	10
6589	4
6590	5
6591	2
6592	3
6593	4
6594	2
6595	3
6596	8
6597	1
6598	1
6599	2
6600	5
6601	6
6602	2
6603	8
6604	3
6605	7
6606	7
6607	9
6608	9
6609	5
6610	5
6611	11
6612	3
6613	6
6614	3
6615	1
6616	9
6617	4
6618	10
6619	6
6620	6
6621	2
6622	10
6623	6
6624	11
6625	3
6626	11
6627	8
6628	2
6629	3
6630	2
6631	4
6632	2
6633	2
6634	7
6635	7
6636	11
6637	10
6638	6
6639	4
6640	6
6641	5
6642	2
6643	5
6644	11
6645	6
6646	9
6647	6
6648	4
6649	2
6650	1
6651	2
6652	4
6653	3
6654	8
6655	2
6656	7
6657	11
6658	2
6659	3
6660	7
6661	8
6662	10
6663	4
6664	2
6665	4
6666	8
6667	2
6668	11
6669	5
6670	10
6671	11
6672	9
6673	6
6674	5
6675	3
6676	7
6677	4
6678	3
6679	10
6680	4
6681	10
6682	3
6683	2
6684	5
6685	5
6686	1
6687	2
6688	7
6689	6
6690	3
6691	4
6692	7
6693	6
6694	7
6695	3
6696	9
6697	4
6698	6
6699	8
6700	9
6701	5
6702	8
6703	10
6704	5
6705	7
6706	4
6707	10
6708	5
6709	7
6710	4
6711	2
6712	3
6713	9
6714	9
6715	1
6716	2
6717	2
6718	2
6719	2
6720	10
6721	7
6722	7
6723	7
6724	3
6725	3
6726	2
6727	9
6728	3
6729	1
6730	7
6731	3
6732	2
6733	3
6734	7
6735	1
6736	2
6737	2
6738	6
6739	9
6740	3
6741	8
6742	3
6743	11
6744	2
6745	2
6746	7
6747	4
6748	1
6749	9
6750	4
6751	7
6752	7
6753	3
6754	8
6755	9
6756	7
6757	5
6758	4
6759	7
6760	8
6761	7
6762	11
6763	2
6764	6
6765	7
6766	9
6767	4
6768	9
6769	10
6770	3
6771	1
6772	9
6773	5
6774	2
6775	9
6776	1
6777	7
6778	8
6779	3
6780	3
6781	1
6782	9
6783	2
6784	9
6785	2
6786	7
6787	6
6788	9
6789	5
6790	11
6791	11
6792	3
6793	5
6794	2
6795	4
6796	8
6797	6
6798	10
6799	8
6800	3
6801	6
6802	2
6803	11
6804	5
6805	11
6806	10
6807	4
6808	10
6809	9
6810	9
6811	5
6812	6
6813	10
6814	6
6815	5
6816	4
6817	6
6818	7
6819	7
6820	3
6821	3
6822	4
6823	2
6824	8
6825	5
6826	9
6827	5
6828	2
6829	4
6830	10
6831	7
6832	2
6833	1
6834	8
6835	7
6836	7
6837	2
6838	9
6839	7
6840	2
6841	6
6842	10
6843	11
6844	3
6845	3
6846	3
6847	8
6848	5
6849	2
6850	6
6851	2
6852	10
6853	7
6854	9
6855	6
6856	3
6857	2
6858	3
6859	6
6860	7
6861	2
6862	9
6863	6
6864	11
6865	3
6866	1
6867	10
6868	7
6869	1
6870	9
6871	2
6872	3
6873	8
6874	5
6875	11
6876	2
6877	5
6878	5
6879	1
6880	2
6881	10
6882	3
6883	1
6884	7
6885	6
6886	3
6887	7
6888	6
6889	11
6890	11
6891	10
6892	9
6893	2
6894	3
6895	6
6896	3
6897	9
6898	2
6899	3
6900	3
6901	4
6902	2
6903	11
6904	5
6905	5
6906	11
6907	9
6908	3
6909	2
6910	6
6911	3
6912	3
6913	7
6914	11
6915	3
6916	6
6917	2
6918	3
6919	5
6920	7
6921	4
6922	2
6923	3
6924	10
6925	7
6926	10
6927	7
6928	4
6929	9
6930	2
6931	2
6932	9
6933	2
6934	1
6935	9
6936	6
6937	3
6938	9
6939	6
6940	8
6941	3
6942	2
6943	10
6944	11
6945	3
6946	11
6947	4
6948	8
6949	7
6950	7
6951	2
6952	9
6953	2
6954	10
6955	3
6956	11
6957	5
6958	8
6959	2
6960	6
6961	5
6962	4
6963	7
6964	8
6965	4
6966	9
6967	3
6968	7
6969	7
6970	10
6971	6
6972	2
6973	3
6974	4
6975	2
6976	7
6977	6
6978	4
6979	7
6980	5
6981	2
6982	1
6983	1
6984	9
6985	2
6986	2
6987	11
6988	6
6989	3
6990	4
6991	3
6992	7
6993	4
6994	8
6995	3
6996	10
6997	3
6998	3
6999	2
7000	7
7001	4
7002	2
7003	8
7004	10
7005	5
7006	8
7007	4
7008	4
7009	2
7010	8
7011	10
7012	1
7013	3
7014	4
7015	6
7016	7
7017	4
7018	2
7019	7
7020	11
7021	2
7022	8
7023	7
7024	4
7025	3
7026	6
7027	2
7028	10
7029	3
7030	3
7031	2
7032	5
7033	1
7034	4
7035	10
7036	7
7037	3
7038	7
7039	10
7040	3
7041	9
7042	3
7043	5
7044	4
7045	9
7046	9
7047	4
7048	11
7049	4
7050	1
7051	11
7052	6
7053	11
7054	9
7055	2
7056	11
7057	9
7058	4
7059	6
7060	3
7061	3
7062	7
7063	9
7064	9
7065	10
7066	4
7067	3
7068	11
7069	8
7070	2
7071	4
7072	8
7073	7
7074	3
7075	6
7076	8
7077	4
7078	9
7079	10
7080	4
7081	5
7082	7
7083	4
7084	10
7085	3
7086	1
7087	6
7088	7
7089	10
7090	1
7091	2
7092	2
7093	3
7094	2
7095	1
7096	3
7097	6
7098	10
7099	4
7100	8
7101	7
7102	2
7103	2
7104	11
7105	2
7106	8
7107	1
7108	4
7109	2
7110	3
7111	8
7112	6
7113	2
7114	1
7115	9
7116	3
7117	6
7118	3
7119	8
7120	5
7121	8
7122	5
7123	7
7124	4
7125	8
7126	2
7127	8
7128	8
7129	9
7130	2
7131	7
7132	3
7133	8
7134	1
7135	3
7136	2
7137	3
7138	2
7139	8
7140	7
7141	2
7142	7
7143	8
7144	1
7145	6
7146	3
7147	11
7148	10
7149	3
7150	2
7151	11
7152	10
7153	1
7154	6
7155	2
7156	7
7157	7
7158	10
7159	7
7160	3
7161	6
7162	9
7163	2
7164	5
7165	4
7166	3
7167	4
7168	6
7169	5
7170	7
7171	2
7172	10
7173	3
7174	9
7175	9
7176	2
7177	4
7178	8
7179	3
7180	8
7181	5
7182	3
7183	8
7184	3
7185	7
7186	10
7187	7
7188	4
7189	8
7190	2
7191	2
7192	4
7193	6
7194	11
7195	5
7196	3
7197	2
7198	3
7199	1
7200	3
7201	4
7202	3
7203	1
7204	8
7205	4
7206	10
7207	10
7208	3
7209	4
7210	3
7211	7
7212	6
7213	7
7214	2
7215	3
7216	2
7217	10
7218	2
7219	1
7220	11
7221	8
7222	9
7223	7
7224	9
7225	7
7226	1
7227	2
7228	2
7229	1
7230	6
7231	11
7232	3
7233	2
7234	6
7235	6
7236	8
7237	8
7238	5
7239	2
7240	2
7241	2
7242	11
7243	9
7244	6
7245	8
7246	9
7247	9
7248	3
7249	9
7250	6
7251	5
7252	2
7253	3
7254	4
7255	7
7256	3
7257	2
7258	11
7259	3
7260	1
7261	6
7262	4
7263	10
7264	3
7265	4
7266	5
7267	2
7268	4
7269	2
7270	9
7271	9
7272	2
7273	10
7274	2
7275	1
7276	3
7277	4
7278	4
7279	2
7280	7
7281	3
7282	2
7283	3
7284	8
7285	6
7286	1
7287	6
7288	5
7289	6
7290	5
7291	5
7292	9
7293	4
7294	8
7295	6
7296	8
7297	3
7298	2
7299	3
7300	10
7301	2
7302	3
7303	3
7304	8
7305	7
7306	3
7307	11
7308	11
7309	5
7310	10
7311	2
7312	3
7313	9
7314	7
7315	3
7316	6
7317	3
7318	9
7319	10
7320	6
7321	8
7322	4
7323	4
7324	11
7325	4
7326	7
7327	2
7328	1
7329	2
7330	8
7331	7
7332	8
7333	5
7334	2
7335	3
7336	9
7337	3
7338	2
7339	9
7340	5
7341	9
7342	3
7343	9
7344	2
7345	4
7346	10
7347	10
7348	2
7349	2
7350	4
7351	11
7352	11
7353	2
7354	1
7355	2
7356	3
7357	2
7358	4
7359	3
7360	8
7361	11
7362	5
7363	2
7364	3
7365	8
7366	6
7367	2
7368	3
7369	5
7370	3
7371	9
7372	2
7373	10
7374	7
7375	6
7376	11
7377	2
7378	3
7379	9
7380	2
7381	7
7382	4
7383	3
7384	3
7385	9
7386	2
7387	7
7388	4
7389	5
7390	3
7391	2
7392	7
7393	4
7394	5
7395	8
7396	5
7397	3
7398	2
7399	2
7400	3
7401	5
7402	10
7403	2
7404	7
7405	2
7406	2
7407	4
7408	3
7409	10
7410	8
7411	3
7412	2
7413	4
7414	10
7415	7
7416	1
7417	1
7418	4
7419	3
7420	3
7421	9
7422	7
7423	3
7424	1
7425	11
7426	6
7427	8
7428	9
7429	3
7430	9
7431	11
7432	4
7433	2
7434	2
7435	6
7436	2
7437	4
7438	7
7439	4
7440	6
7441	9
7442	9
7443	5
7444	9
7445	6
7446	2
7447	4
7448	5
7449	4
7450	5
7451	7
7452	2
7453	3
7454	7
7455	3
7456	10
7457	2
7458	3
7459	3
7460	2
7461	3
7462	8
7463	6
7464	2
7465	2
7466	1
7467	3
7468	5
7469	11
7470	6
7471	8
7472	3
7473	1
7474	5
7475	11
7476	1
7477	10
7478	2
7479	9
7480	6
7481	10
7482	3
7483	2
7484	2
7485	5
7486	9
7487	5
7488	7
7489	11
7490	9
7491	5
7492	7
7493	6
7494	7
7495	11
7496	6
7497	8
7498	2
7499	6
7500	9
7501	2
7502	3
7503	3
7504	2
7505	2
7506	6
7507	1
7508	8
7509	4
7510	3
7511	2
7512	4
7513	11
7514	2
7515	7
7516	4
7517	2
7518	9
7519	5
7520	3
7521	2
7522	2
7523	2
7524	6
7525	3
7526	2
7527	3
7528	2
7529	6
7530	1
7531	2
7532	8
7533	7
7534	2
7535	3
7536	3
7537	4
7538	4
7539	7
7540	4
7541	4
7542	6
7543	9
7544	8
7545	7
7546	2
7547	9
7548	7
7549	5
7550	1
7551	9
7552	7
7553	3
7554	2
7555	8
7556	6
7557	2
7558	10
7559	7
7560	2
7561	3
7562	4
7563	3
7564	5
7565	7
7566	6
7567	5
7568	8
7569	2
7570	11
7571	5
7572	10
7573	2
7574	7
7575	7
7576	11
7577	3
7578	4
7579	2
7580	2
7581	7
7582	2
7583	4
7584	2
7585	1
7586	3
7587	8
7588	2
7589	1
7590	5
7591	2
7592	10
7593	10
7594	7
7595	6
7596	11
7597	4
7598	5
7599	4
7600	7
7601	5
7602	6
7603	3
7604	5
7605	10
7606	6
7607	6
7608	5
7609	11
7610	2
7611	10
7612	2
7613	6
7614	4
7615	10
7616	9
7617	4
7618	6
7619	2
7620	7
7621	5
7622	9
7623	2
7624	8
7625	2
7626	6
7627	8
7628	1
7629	4
7630	3
7631	2
7632	6
7633	1
7634	6
7635	8
7636	2
7637	8
7638	3
7639	4
7640	1
7641	2
7642	8
7643	2
7644	10
7645	5
7646	5
7647	3
7648	7
7649	2
7650	5
7651	7
7652	7
7653	9
7654	8
7655	9
7656	7
7657	7
7658	9
7659	5
7660	2
7661	9
7662	2
7663	6
7664	11
7665	3
7666	1
7667	5
7668	4
7669	8
7670	7
7671	4
7672	9
7673	6
7674	3
7675	3
7676	9
7677	11
7678	2
7679	7
7680	2
7681	3
7682	7
7683	2
7684	2
7685	7
7686	6
7687	9
7688	4
7689	3
7690	2
7691	3
7692	5
7693	11
7694	2
7695	6
7696	3
7697	11
7698	9
7699	8
7700	4
7701	4
7702	5
7703	2
7704	1
7705	4
7706	8
7707	3
7708	10
7709	9
7710	2
7711	7
7712	2
7713	8
7714	2
7715	9
7716	9
7717	6
7718	4
7719	8
7720	4
7721	9
7722	11
7723	4
7724	8
7725	8
7726	6
7727	11
7728	5
7729	3
7730	7
7731	3
7732	1
7733	2
7734	3
7735	5
7736	3
7737	10
7738	2
7739	5
7740	9
7741	10
7742	11
7743	10
7744	8
7745	6
7746	3
7747	4
7748	3
7749	5
7750	8
7751	11
7752	2
7753	3
7754	1
7755	2
7756	1
7757	2
7758	2
7759	7
7760	2
7761	7
7762	10
7763	3
7764	5
7765	4
7766	4
7767	3
7768	5
7769	5
7770	10
7771	4
7772	5
7773	1
7774	2
7775	10
7776	9
7777	5
7778	8
7779	8
7780	2
7781	3
7782	9
7783	2
7784	3
7785	7
7786	9
7787	5
7788	3
7789	4
7790	7
7791	10
7792	3
7793	3
7794	11
7795	3
7796	2
7797	4
7798	3
7799	6
7800	3
7801	3
7802	2
7803	6
7804	6
7805	2
7806	2
7807	3
7808	4
7809	1
7810	8
7811	8
7812	2
7813	5
7814	7
7815	1
7816	2
7817	4
7818	3
7819	2
7820	4
7821	2
7822	11
7823	2
7824	8
7825	10
7826	10
7827	2
7828	5
7829	4
7830	8
7831	1
7832	9
7833	9
7834	1
7835	10
7836	4
7837	7
7838	9
7839	7
7840	9
7841	1
7842	2
7843	2
7844	5
7845	8
7846	3
7847	4
7848	6
7849	10
7850	5
7851	6
7852	7
7853	11
7854	2
7855	2
7856	2
7857	8
7858	10
7859	8
7860	3
7861	4
7862	8
7863	4
7864	8
7865	10
7866	5
7867	6
7868	11
7869	3
7870	1
7871	2
7872	11
7873	2
7874	6
7875	7
7876	5
7877	5
7878	8
7879	7
7880	3
7881	1
7882	4
7883	10
7884	3
7885	3
7886	10
7887	4
7888	2
7889	2
7890	4
7891	5
7892	3
7893	9
7894	5
7895	4
7896	1
7897	9
7898	10
7899	3
7900	6
7901	6
7902	4
7903	10
7904	1
7905	5
7906	10
7907	7
7908	11
7909	11
7910	3
7911	3
7912	5
7913	11
7914	6
7915	11
7916	3
7917	8
7918	3
7919	3
7920	11
7921	4
7922	6
7923	10
7924	5
7925	5
7926	10
7927	9
7928	3
7929	2
7930	3
7931	3
7932	5
7933	1
7934	3
7935	10
7936	8
7937	6
7938	2
7939	11
7940	3
7941	7
7942	4
7943	7
7944	3
7945	2
7946	3
7947	11
7948	2
7949	5
7950	6
7951	9
7952	5
7953	4
7954	1
7955	4
7956	4
7957	10
7958	4
7959	11
7960	2
7961	8
7962	6
7963	4
7964	5
7965	3
7966	2
7967	4
7968	7
7969	9
7970	11
7971	10
7972	6
7973	5
7974	6
7975	3
7976	2
7977	7
7978	7
7979	3
7980	8
7981	5
7982	2
7983	3
7984	8
7985	8
7986	8
7987	8
7988	3
7989	2
7990	8
7991	2
7992	10
7993	5
7994	3
7995	2
7996	2
7997	8
7998	2
7999	4
8000	4
8001	2
8002	7
8003	2
8004	3
8005	4
8006	9
8007	2
8008	2
8009	3
8010	9
8011	2
8012	1
8013	2
8014	8
8015	9
8016	4
8017	3
8018	3
8019	7
8020	10
8021	4
8022	3
8023	4
8024	5
8025	5
8026	8
8027	4
8028	2
8029	4
8030	9
8031	4
8032	1
8033	6
8034	1
8035	4
8036	3
8037	8
8038	4
8039	2
8040	1
8041	5
8042	5
8043	8
8044	6
8045	6
8046	5
8047	11
8048	8
8049	11
8050	3
8051	2
8052	3
8053	9
8054	3
8055	2
8056	6
8057	3
8058	2
8059	10
8060	9
8061	6
8062	2
8063	3
8064	2
8065	3
8066	4
8067	8
8068	9
8069	3
8070	5
8071	5
8072	4
8073	8
8074	7
8075	7
8076	6
8077	4
8078	2
8079	11
8080	10
8081	3
8082	2
8083	9
8084	7
8085	8
8086	11
8087	4
8088	8
8089	2
8090	10
8091	4
8092	8
8093	11
8094	6
8095	10
8096	3
8097	2
8098	11
8099	3
8100	4
8101	6
8102	6
8103	8
8104	6
8105	5
8106	4
8107	9
8108	7
8109	2
8110	4
8111	3
8112	4
8113	10
8114	3
8115	8
8116	7
8117	5
8118	4
8119	5
8120	2
8121	4
8122	2
8123	6
8124	6
8125	5
8126	2
8127	8
8128	5
8129	4
8130	2
8131	11
8132	4
8133	2
8134	2
8135	6
8136	2
8137	3
8138	2
8139	11
8140	8
8141	4
8142	3
8143	3
8144	6
8145	7
8146	10
8147	4
8148	3
8149	8
8150	7
8151	11
8152	4
8153	10
8154	2
8155	5
8156	6
8157	5
8158	2
8159	11
8160	4
8161	2
8162	8
8163	3
8164	6
8165	5
8166	3
8167	2
8168	3
8169	2
8170	7
8171	5
8172	11
8173	3
8174	11
8175	8
8176	2
8177	4
8178	8
8179	7
8180	4
8181	3
8182	7
8183	3
8184	7
8185	6
8186	9
8187	2
8188	1
8189	8
8190	6
8191	1
8192	10
8193	11
8194	5
8195	7
8196	2
8197	5
8198	5
8199	2
8200	11
8201	5
8202	5
8203	1
8204	9
8205	6
8206	4
8207	4
8208	4
8209	11
8210	3
8211	2
8212	2
8213	6
8214	5
8215	10
8216	4
8217	2
8218	7
8219	7
8220	7
8221	5
8222	6
8223	1
8224	9
8225	1
8226	11
8227	7
8228	4
8229	11
8230	3
8231	6
8232	10
8233	4
8234	2
8235	6
8236	4
8237	6
8238	1
8239	5
8240	10
8241	4
8242	2
8243	3
8244	9
8245	3
8246	9
8247	4
8248	2
8249	2
8250	10
8251	3
8252	2
8253	10
8254	8
8255	5
8256	8
8257	6
8258	5
8259	9
8260	10
8261	8
8262	3
8263	9
8264	3
8265	11
8266	8
8267	5
8268	5
8269	7
8270	3
8271	3
8272	9
8273	10
8274	10
8275	6
8276	9
8277	2
8278	7
8279	1
8280	4
8281	9
8282	3
8283	3
8284	5
8285	4
8286	11
8287	3
8288	8
8289	8
8290	5
8291	11
8292	5
8293	3
8294	5
8295	2
8296	9
8297	3
8298	2
8299	9
8300	4
8301	5
8302	8
8303	2
8304	3
8305	4
8306	7
8307	4
8308	7
8309	2
8310	2
8311	2
8312	4
8313	11
8314	9
8315	8
8316	6
8317	2
8318	10
8319	3
8320	5
8321	5
8322	7
8323	6
8324	8
8325	1
8326	8
8327	5
8328	4
8329	3
8330	5
8331	3
8332	4
8333	4
8334	2
8335	3
8336	4
8337	4
8338	8
8339	4
8340	3
8341	8
8342	7
8343	3
8344	4
8345	2
8346	3
8347	4
8348	2
8349	4
8350	2
8351	4
8352	10
8353	3
8354	6
8355	4
8356	3
8357	1
8358	1
8359	10
8360	1
8361	5
8362	11
8363	7
8364	8
8365	5
8366	8
8367	8
8368	2
8369	4
8370	7
8371	1
8372	8
8373	9
8374	4
8375	6
8376	7
8377	4
8378	9
8379	2
8380	10
8381	4
8382	3
8383	1
8384	1
8385	9
8386	10
8387	2
8388	4
8389	5
8390	3
8391	8
8392	4
8393	5
8394	2
8395	8
8396	2
8397	3
8398	4
8399	6
8400	7
8401	7
8402	1
8403	8
8404	3
8405	7
8406	3
8407	2
8408	4
8409	2
8410	11
8411	5
8412	2
8413	7
8414	2
8415	11
8416	10
8417	6
8418	11
8419	5
8420	7
8421	11
8422	6
8423	8
8424	10
8425	5
8426	3
8427	3
8428	7
8429	7
8430	4
8431	3
8432	10
8433	6
8434	11
8435	2
8436	2
8437	7
8438	3
8439	8
8440	5
8441	6
8442	3
8443	6
8444	2
8445	10
8446	2
8447	11
8448	6
8449	4
8450	10
8451	3
8452	6
8453	9
8454	9
8455	3
8456	2
8457	9
8458	2
8459	1
8460	3
8461	7
8462	1
8463	4
8464	5
8465	3
8466	2
8467	3
8468	10
8469	11
8470	3
8471	4
8472	3
8473	9
8474	11
8475	5
8476	9
8477	6
8478	2
8479	9
8480	3
8481	8
8482	4
8483	11
8484	9
8485	1
8486	3
8487	8
8488	6
8489	2
8490	2
8491	8
8492	5
8493	6
8494	2
8495	5
8496	8
8497	4
8498	9
8499	3
8500	6
8501	7
8502	5
8503	4
8504	2
8505	8
8506	10
8507	11
8508	4
8509	8
8510	6
8511	5
8512	11
8513	8
8514	3
8515	5
8516	5
8517	4
8518	2
8519	5
8520	6
8521	9
8522	2
8523	5
8524	6
8525	9
8526	2
8527	6
8528	4
8529	8
8530	3
8531	6
8532	2
8533	7
8534	7
8535	6
8536	8
8537	2
8538	4
8539	3
8540	4
8541	2
8542	2
8543	3
8544	2
8545	10
8546	1
8547	2
8548	5
8549	2
8550	10
8551	3
8552	7
8553	3
8554	9
8555	2
8556	5
8557	8
8558	9
8559	2
8560	2
8561	8
8562	2
8563	5
8564	3
8565	3
8566	2
8567	6
8568	10
8569	7
8570	6
8571	3
8572	3
8573	4
8574	3
8575	2
8576	7
8577	3
8578	7
8579	5
8580	5
8581	6
8582	4
8583	11
8584	7
8585	7
8586	2
8587	3
8588	2
8589	7
8590	6
8591	1
8592	2
8593	6
8594	2
8595	1
8596	4
8597	3
8598	5
8599	11
8600	9
8601	1
8602	4
8603	3
8604	4
8605	6
8606	9
8607	4
8608	6
8609	6
8610	2
8611	4
8612	5
8613	5
8614	6
8615	5
8616	3
8617	10
8618	1
8619	1
8620	6
8621	11
8622	8
8623	7
8624	5
8625	2
8626	2
8627	3
8628	4
8629	2
8630	9
8631	5
8632	11
8633	2
8634	8
8635	4
8636	9
8637	5
8638	3
8639	8
8640	4
8641	3
8642	6
8643	5
8644	6
8645	4
8646	9
8647	4
8648	3
8649	11
8650	3
8651	1
8652	2
8653	2
8654	11
8655	3
8656	4
8657	6
8658	4
8659	3
8660	3
8661	11
8662	9
8663	6
8664	3
8665	5
8666	11
8667	5
8668	8
8669	3
8670	7
8671	3
8672	7
8673	2
8674	4
8675	6
8676	9
8677	3
8678	9
8679	5
8680	8
8681	10
8682	11
8683	2
8684	4
8685	8
8686	9
8687	7
8688	6
8689	1
8690	6
8691	9
8692	4
8693	2
8694	3
8695	3
8696	3
8697	4
8698	6
8699	6
8700	7
8701	1
8702	10
8703	9
8704	11
8705	7
8706	3
8707	3
8708	6
8709	2
8710	10
8711	6
8712	2
8713	2
8714	5
8715	8
8716	4
8717	5
8718	5
8719	8
8720	2
8721	2
8722	9
8723	4
8724	2
8725	4
8726	6
8727	4
8728	8
8729	4
8730	4
8731	2
8732	10
8733	2
8734	11
8735	5
8736	7
8737	1
8738	8
8739	2
8740	8
8741	2
8742	5
8743	11
8744	7
8745	2
8746	5
8747	2
8748	2
8749	3
8750	9
8751	11
8752	7
8753	11
8754	5
8755	6
8756	3
8757	7
8758	2
8759	1
8760	7
8761	6
8762	9
8763	11
8764	9
8765	6
8766	9
8767	9
8768	7
8769	3
8770	10
8771	3
8772	6
8773	2
8774	10
8775	10
8776	2
8777	1
8778	3
8779	5
8780	6
8781	3
8782	3
8783	9
8784	1
8785	5
8786	3
8787	7
8788	3
8789	8
8790	5
8791	2
8792	7
8793	6
8794	5
8795	10
8796	8
8797	9
8798	9
8799	9
8800	1
8801	6
8802	5
8803	2
8804	2
8805	9
8806	4
8807	7
8808	2
8809	3
8810	7
8811	2
8812	4
8813	8
8814	11
8815	2
8816	2
8817	2
8818	2
8819	10
8820	6
8821	2
8822	2
8823	8
8824	2
8825	9
8826	6
8827	3
8828	9
8829	2
8830	2
8831	3
8832	9
8833	7
8834	6
8835	2
8836	2
8837	10
8838	2
8839	4
8840	2
8841	2
8842	2
8843	10
8844	3
8845	10
8846	3
8847	3
8848	7
8849	2
8850	2
8851	3
8852	5
8853	5
8854	10
8855	4
8856	2
8857	1
8858	6
8859	11
8860	3
8861	2
8862	8
8863	8
8864	3
8865	3
8866	11
8867	2
8868	2
8869	11
8870	11
8871	7
8872	10
8873	7
8874	10
8875	1
8876	3
8877	2
8878	11
8879	4
8880	3
8881	11
8882	10
8883	3
8884	3
8885	8
8886	4
8887	4
8888	2
8889	2
8890	11
8891	2
8892	10
8893	4
8894	2
8895	2
8896	7
8897	4
8898	9
8899	4
8900	3
8901	9
8902	8
8903	6
8904	3
8905	11
8906	2
8907	7
8908	7
8909	11
8910	7
8911	11
8912	8
8913	6
8914	8
8915	7
8916	6
8917	3
8918	4
8919	11
8920	8
8921	9
8922	3
8923	3
8924	11
8925	1
8926	7
8927	2
8928	1
8929	4
8930	2
8931	1
8932	3
8933	3
8934	2
8935	1
8936	2
8937	2
8938	2
8939	8
8940	8
8941	7
8942	6
8943	8
8944	3
8945	5
8946	3
8947	3
8948	6
8949	7
8950	2
8951	2
8952	4
8953	6
8954	11
8955	3
8956	2
8957	2
8958	11
8959	7
8960	6
8961	5
8962	6
8963	3
8964	7
8965	7
8966	6
8967	7
8968	10
8969	8
8970	8
8971	1
8972	3
8973	5
8974	7
8975	5
8976	5
8977	2
8978	6
8979	3
8980	7
8981	8
8982	6
8983	6
8984	3
8985	11
8986	7
8987	6
8988	8
8989	6
8990	4
8991	7
8992	2
8993	3
8994	5
8995	8
8996	4
8997	2
8998	7
8999	7
9000	3
9001	3
9002	7
9003	3
9004	7
9005	11
9006	6
9007	2
9008	4
9009	10
9010	4
9011	2
9012	7
9013	5
9014	9
9015	5
9016	6
9017	2
9018	10
9019	2
9020	11
9021	1
9022	2
9023	11
9024	7
9025	2
9026	3
9027	6
9028	11
9029	7
9030	3
9031	2
9032	3
9033	2
9034	2
9035	6
9036	2
9037	7
9038	2
9039	3
9040	3
9041	2
9042	3
9043	7
9044	6
9045	4
9046	4
9047	4
9048	11
9049	7
9050	2
9051	2
9052	2
9053	1
9054	3
9055	7
9056	2
9057	5
9058	3
9059	11
9060	9
9061	6
9062	3
9063	8
9064	3
9065	10
9066	5
9067	7
9068	10
9069	3
9070	8
9071	2
9072	4
9073	3
9074	6
9075	4
9076	1
9077	2
9078	4
9079	9
9080	3
9081	3
9082	6
9083	10
9084	2
9085	3
9086	4
9087	2
9088	4
9089	11
9090	5
9091	5
9092	3
9093	3
9094	6
9095	1
9096	6
9097	2
9098	6
9099	8
9100	4
9101	8
9102	2
9103	7
9104	6
9105	7
9106	10
9107	6
9108	1
9109	3
9110	5
9111	11
9112	1
9113	2
9114	11
9115	6
9116	1
9117	5
9118	2
9119	6
9120	5
9121	3
9122	1
9123	2
9124	2
9125	7
9126	9
9127	7
9128	2
9129	5
9130	11
9131	4
9132	6
9133	1
9134	10
9135	3
9136	6
9137	11
9138	5
9139	2
9140	3
9141	4
9142	3
9143	3
9144	3
9145	5
9146	2
9147	10
9148	5
9149	4
9150	2
9151	2
9152	7
9153	4
9154	3
9155	2
9156	5
9157	2
9158	6
9159	9
9160	9
9161	11
9162	5
9163	3
9164	2
9165	1
9166	2
9167	7
9168	10
9169	11
9170	2
9171	3
9172	6
9173	11
9174	1
9175	9
9176	6
9177	5
9178	4
9179	5
9180	3
9181	6
9182	3
9183	10
9184	4
9185	5
9186	5
9187	6
9188	3
9189	1
9190	2
9191	8
9192	4
9193	3
9194	7
9195	6
9196	4
9197	10
9198	4
9199	2
9200	6
9201	7
9202	2
9203	2
9204	5
9205	2
9206	11
9207	3
9208	9
9209	11
9210	2
9211	11
9212	9
9213	6
9214	9
9215	3
9216	7
9217	2
9218	9
9219	7
9220	2
9221	2
9222	2
9223	4
9224	5
9225	9
9226	5
9227	3
9228	6
9229	3
9230	7
9231	7
9232	2
9233	7
9234	3
9235	11
9236	6
9237	7
9238	8
9239	8
9240	10
9241	6
9242	2
9243	7
9244	2
9245	2
9246	8
9247	7
9248	8
9249	1
9250	2
9251	2
9252	3
9253	8
9254	10
9255	7
9256	9
9257	2
9258	2
9259	2
9260	5
9261	11
9262	5
9263	8
9264	5
9265	11
9266	9
9267	7
9268	8
9269	11
9270	7
9271	5
9272	7
9273	4
9274	2
9275	6
9276	3
9277	7
9278	2
9279	6
9280	3
9281	9
9282	6
9283	8
9284	3
9285	8
9286	9
9287	10
9288	4
9289	8
9290	3
9291	4
9292	7
9293	9
9294	5
9295	8
9296	5
9297	6
9298	3
9299	6
9300	6
9301	10
9302	6
9303	10
9304	5
9305	8
9306	3
9307	1
9308	3
9309	11
9310	2
9311	7
9312	8
9313	8
9314	2
9315	4
9316	4
9317	7
9318	9
9319	5
9320	6
9321	11
9322	5
9323	9
9324	2
9325	3
9326	3
9327	2
9328	11
9329	9
9330	4
9331	10
9332	9
9333	11
9334	4
9335	8
9336	6
9337	10
9338	10
9339	2
9340	10
9341	5
9342	4
9343	2
9344	2
9345	3
9346	9
9347	3
9348	4
9349	7
9350	6
9351	2
9352	4
9353	7
9354	10
9355	5
9356	4
9357	11
9358	6
9359	2
9360	3
9361	2
9362	2
9363	10
9364	2
9365	2
9366	5
9367	2
9368	1
9369	6
9370	7
9371	2
9372	3
9373	3
9374	5
9375	8
9376	3
9377	3
9378	4
9379	2
9380	6
9381	1
9382	2
9383	4
9384	3
9385	6
9386	11
9387	6
9388	11
9389	6
9390	5
9391	3
9392	2
9393	1
9394	11
9395	1
9396	2
9397	1
9398	3
9399	3
9400	2
9401	10
9402	2
9403	2
9404	3
9405	7
9406	5
9407	7
9408	7
9409	2
9410	10
9411	11
9412	5
9413	4
9414	3
9415	6
9416	3
9417	4
9418	3
9419	3
9420	3
9421	3
9422	2
9423	7
9424	2
9425	2
9426	3
9427	5
9428	2
9429	9
9430	3
9431	10
9432	2
9433	5
9434	7
9435	6
9436	1
9437	7
9438	2
9439	1
9440	2
9441	6
9442	2
9443	3
9444	6
9445	2
9446	9
9447	11
9448	6
9449	6
9450	10
9451	3
9452	3
9453	11
9454	11
9455	7
9456	10
9457	4
9458	3
9459	2
9460	5
9461	8
9462	4
9463	5
9464	1
9465	2
9466	3
9467	8
9468	1
9469	6
9470	2
9471	3
9472	5
9473	2
9474	9
9475	3
9476	2
9477	8
9478	3
9479	7
9480	3
9481	10
9482	4
9483	2
9484	1
9485	4
9486	6
9487	9
9488	5
9489	2
9490	10
9491	1
9492	2
9493	6
9494	6
9495	8
9496	8
9497	2
9498	5
9499	10
9500	1
9501	5
9502	3
9503	8
9504	11
9505	11
9506	4
9507	11
9508	2
9509	6
9510	3
9511	9
9512	8
9513	3
9514	9
9515	4
9516	3
9517	8
9518	6
9519	3
9520	1
9521	7
9522	8
9523	2
9524	11
9525	4
9526	11
9527	3
9528	7
9529	5
9530	11
9531	2
9532	8
9533	3
9534	5
9535	5
9536	3
9537	5
9538	1
9539	4
9540	8
9541	7
9542	3
9543	7
9544	4
9545	6
9546	8
9547	9
9548	10
9549	11
9550	2
9551	6
9552	1
9553	10
9554	7
9555	10
9556	4
9557	3
9558	6
9559	7
9560	2
9561	5
9562	8
9563	3
9564	10
9565	2
9566	5
9567	9
9568	9
9569	9
9570	2
9571	4
9572	4
9573	8
9574	10
9575	4
9576	9
9577	1
9578	3
9579	6
9580	5
9581	10
9582	11
9583	3
9584	6
9585	7
9586	3
9587	10
9588	11
9589	1
9590	3
9591	9
9592	8
9593	3
9594	7
9595	5
9596	6
9597	6
9598	2
9599	2
9600	6
9601	8
9602	2
9603	6
9604	2
9605	11
9606	3
9607	8
9608	8
9609	7
9610	8
9611	2
9612	7
9613	9
9614	8
9615	6
9616	2
9617	6
9618	3
9619	7
9620	2
9621	2
9622	3
9623	9
9624	2
9625	4
9626	1
9627	4
9628	1
9629	10
9630	6
9631	1
9632	3
9633	1
9634	8
9635	6
9636	5
9637	6
9638	7
9639	5
9640	6
9641	1
9642	5
9643	3
9644	5
9645	7
9646	2
9647	5
9648	7
9649	5
9650	3
9651	8
9652	7
9653	5
9654	2
9655	4
9656	3
9657	2
9658	2
9659	6
9660	2
9661	3
9662	7
9663	1
9664	2
9665	4
9666	2
9667	7
9668	2
9669	2
9670	2
9671	5
9672	1
9673	9
9674	2
9675	3
9676	5
9677	10
9678	6
9679	10
9680	3
9681	4
9682	8
9683	4
9684	3
9685	10
9686	8
9687	9
9688	4
9689	8
9690	2
9691	9
9692	3
9693	2
9694	10
9695	2
9696	2
9697	11
9698	1
9699	2
9700	9
9701	3
9702	3
9703	6
9704	10
9705	5
9706	2
9707	8
9708	2
9709	8
9710	2
9711	3
9712	11
9713	6
9714	11
9715	3
9716	9
9717	11
9718	4
9719	2
9720	9
9721	2
9722	8
9723	4
9724	2
9725	4
9726	11
9727	7
9728	10
9729	5
9730	11
9731	6
9732	3
9733	9
9734	11
9735	2
9736	8
9737	9
9738	1
9739	8
9740	6
9741	2
9742	1
9743	1
9744	11
9745	5
9746	2
9747	10
9748	9
9749	6
9750	3
9751	3
9752	8
9753	4
9754	3
9755	2
9756	2
9757	7
9758	7
9759	7
9760	11
9761	5
9762	4
9763	1
9764	2
9765	5
9766	2
9767	2
9768	9
9769	8
9770	11
9771	6
9772	2
9773	11
9774	3
9775	7
9776	5
9777	9
9778	11
9779	9
9780	5
9781	2
9782	8
9783	3
9784	8
9785	2
9786	7
9787	1
9788	3
9789	7
9790	4
9791	10
9792	5
9793	2
9794	7
9795	3
9796	2
9797	11
9798	2
9799	2
9800	9
9801	9
9802	5
9803	8
9804	8
9805	2
9806	4
9807	3
9808	7
9809	4
9810	9
9811	6
9812	9
9813	6
9814	2
9815	2
9816	9
9817	2
9818	2
9819	2
9820	3
9821	10
9822	4
9823	6
9824	8
9825	1
9826	3
9827	11
9828	4
9829	2
9830	1
9831	2
9832	4
9833	7
9834	3
9835	2
9836	4
9837	6
9838	5
9839	9
9840	4
9841	3
9842	5
9843	2
9844	2
9845	3
9846	2
9847	7
9848	6
9849	8
9850	4
9851	7
9852	2
9853	8
9854	10
9855	6
9856	8
9857	3
9858	6
9859	4
9860	7
9861	3
9862	4
9863	10
9864	3
9865	10
9866	2
9867	5
9868	4
9869	11
9870	4
9871	4
9872	5
9873	8
9874	5
9875	3
9876	6
9877	11
9878	5
9879	3
9880	3
9881	5
9882	9
9883	6
9884	3
9885	8
9886	4
9887	8
9888	1
9889	4
9890	6
9891	6
9892	2
9893	1
9894	7
9895	6
9896	7
9897	3
9898	2
9899	9
9900	9
9901	8
9902	6
9903	2
9904	7
9905	3
9906	5
9907	5
9908	8
9909	2
9910	2
9911	6
9912	2
9913	3
9914	2
9915	2
9916	4
9917	5
9918	3
9919	11
9920	9
9921	5
9922	7
9923	3
9924	6
9925	10
9926	4
9927	1
9928	10
9929	2
9930	4
9931	2
9932	4
9933	9
9934	10
9935	2
9936	10
9937	3
9938	10
9939	5
9940	5
9941	2
9942	3
9943	11
9944	2
9945	7
9946	5
9947	2
9948	4
9949	3
9950	8
9951	2
9952	5
9953	7
9954	10
9955	9
9956	3
9957	3
9958	3
9959	9
9960	8
9961	1
9962	6
9963	6
9964	4
9965	6
9966	11
9967	11
9968	8
9969	5
9970	3
9971	2
9972	2
9973	4
9974	10
9975	8
9976	3
9977	8
9978	7
9979	4
9980	2
9981	1
9982	11
9983	2
9984	11
9985	11
9986	8
9987	6
9988	2
9989	8
9990	3
9991	8
9992	9
9993	9
9994	3
9995	9
9996	4
9997	1
9998	3
9999	10
10000	7
