1	17
1	21
1	30
1	39
1	50
1	53
1	56
1	60
1	62
1	72
1	77
1	78
1	84
1	100
1	102
1	104
1	124
1	135
1	170
1	182
1	187
1	195
1	203
1	229
1	245
1	277
1	282
1	294
1	303
1	312
1	319
1	357
1	379
1	393
1	400
1	401
1	413
1	423
1	439
1	493
1	532
1	567
1	615
1	712
1	741
1	860
1	929
1	941
1	969
1	994
2	3
2	6
2	13
2	15
2	16
2	19
2	20
2	49
2	65
2	70
2	76
2	101
2	109
2	122
2	132
2	138
2	143
2	145
2	156
2	157
2	158
2	181
2	188
2	207
2	213
2	217
2	240
2	259
2	272
2	282
2	291
2	343
2	365
2	375
2	381
2	472
2	487
2	498
2	504
2	514
2	538
2	601
2	638
2	719
2	737
2	781
2	910
2	938
2	975
3	6
3	15
3	19
3	65
3	74
3	75
3	76
3	109
3	111
3	122
3	123
3	143
3	144
3	157
3	158
3	170
3	201
3	218
3	253
3	259
3	283
3	305
3	306
3	310
3	335
3	429
3	482
3	488
3	504
3	514
3	538
3	542
3	552
3	581
3	601
3	622
3	632
3	664
3	701
3	718
3	736
3	780
3	866
3	952
3	960
3	976
3	987
4	13
4	28
4	31
4	34
4	42
4	43
4	47
4	60
4	69
4	110
4	118
4	122
4	139
4	175
4	188
4	194
4	223
4	235
4	244
4	250
4	255
4	264
4	267
4	313
4	316
4	329
4	362
4	462
4	476
4	527
4	555
4	606
4	618
4	690
4	693
4	752
4	766
4	807
4	828
4	852
4	856
4	901
4	907
4	909
4	949
4	951
4	958
4	964
5	25
5	27
5	41
5	54
5	64
5	69
5	81
5	87
5	89
5	90
5	97
5	108
5	116
5	128
5	142
5	146
5	160
5	169
5	172
5	176
5	186
5	187
5	202
5	351
5	376
5	403
5	418
5	432
5	471
5	480
5	494
5	505
5	531
5	542
5	552
5	580
5	584
5	591
5	641
5	677
5	771
5	843
5	890
5	956
5	978
6	13
6	15
6	19
6	23
6	37
6	45
6	65
6	72
6	76
6	95
6	99
6	101
6	109
6	115
6	122
6	133
6	156
6	157
6	210
6	245
6	272
6	283
6	291
6	293
6	310
6	363
6	487
6	507
6	528
6	542
6	550
6	601
6	703
6	818
6	872
6	902
6	910
6	928
6	944
6	960
6	961
6	975
6	998
7	33
7	38
7	41
7	85
7	87
7	123
7	127
7	146
7	184
7	193
7	198
7	199
7	205
7	261
7	284
7	285
7	293
7	353
7	356
7	391
7	432
7	442
7	459
7	484
7	485
7	492
7	494
7	508
7	599
7	603
7	616
7	648
7	656
7	722
7	737
7	739
7	799
7	831
7	834
7	854
7	874
7	915
8	9
8	34
8	45
8	46
8	49
8	61
8	63
8	64
8	74
8	79
8	102
8	103
8	114
8	121
8	134
8	157
8	165
8	211
8	220
8	289
8	382
8	447
8	465
8	481
8	485
8	496
8	518
8	578
8	594
8	698
8	704
8	708
8	763
8	783
8	785
8	802
8	844
8	920
8	933
8	959
8	985
8	996
9	11
9	12
9	13
9	22
9	29
9	30
9	62
9	63
9	71
9	85
9	91
9	108
9	112
9	168
9	208
9	213
9	234
9	239
9	253
9	290
9	370
9	407
9	438
9	455
9	495
9	496
9	530
9	541
9	547
9	593
9	672
9	735
9	738
9	753
9	797
9	868
9	922
9	943
9	944
9	957
10	12
10	14
10	24
10	35
10	36
10	54
10	66
10	75
10	84
10	87
10	93
10	96
10	98
10	130
10	147
10	151
10	169
10	171
10	192
10	230
10	231
10	237
10	281
10	308
10	331
10	340
10	467
10	517
10	568
10	617
10	647
10	685
10	730
10	754
10	757
10	778
10	782
10	840
10	853
10	893
11	12
11	29
11	39
11	63
11	71
11	103
11	108
11	113
11	182
11	189
11	196
11	208
11	213
11	257
11	265
11	267
11	368
11	407
11	419
11	422
11	496
11	541
11	559
11	583
11	614
11	660
11	712
11	723
11	726
11	731
11	770
11	820
11	840
11	868
11	872
11	888
11	911
11	922
12	29
12	58
12	63
12	74
12	83
12	91
12	103
12	108
12	113
12	208
12	213
12	234
12	239
12	251
12	257
12	301
12	326
12	334
12	392
12	416
12	420
12	421
12	496
12	541
12	545
12	547
12	574
12	593
12	633
12	662
12	712
12	778
12	796
12	850
12	943
13	15
13	19
13	38
13	76
13	104
13	138
13	143
13	144
13	145
13	152
13	157
13	170
13	181
13	183
13	206
13	207
13	217
13	259
13	305
13	335
13	365
13	407
13	412
13	423
13	573
13	591
13	659
13	703
13	718
13	908
13	923
13	928
13	952
13	987
14	24
14	26
14	36
14	49
14	118
14	137
14	147
14	152
14	192
14	226
14	230
14	256
14	279
14	284
14	296
14	323
14	373
14	396
14	446
14	460
14	513
14	517
14	518
14	525
14	535
14	628
14	667
14	673
14	685
14	709
14	730
14	749
14	803
14	820
14	830
14	980
15	19
15	31
15	55
15	60
15	65
15	76
15	112
15	115
15	132
15	134
15	138
15	140
15	145
15	170
15	183
15	245
15	272
15	363
15	374
15	375
15	412
15	423
15	429
15	528
15	612
15	637
15	718
15	724
15	812
15	879
15	889
15	987
15	1000
16	22
16	25
16	37
16	42
16	52
16	57
16	82
16	88
16	121
16	125
16	150
16	160
16	191
16	199
16	218
16	221
16	224
16	292
16	332
16	360
16	470
16	520
16	534
16	546
16	554
16	668
16	705
16	721
16	738
16	747
16	790
16	806
16	859
16	891
16	897
16	968
17	20
17	25
17	51
17	53
17	58
17	111
17	150
17	179
17	203
17	249
17	268
17	270
17	302
17	344
17	353
17	366
17	375
17	393
17	399
17	416
17	444
17	468
17	532
17	550
17	563
17	568
17	600
17	638
17	675
17	682
17	684
17	743
17	767
17	913
17	934
17	972
18	24
18	25
18	64
18	81
18	90
18	92
18	94
18	116
18	122
18	127
18	128
18	158
18	162
18	184
18	189
18	202
18	205
18	219
18	235
18	262
18	275
18	290
18	292
18	386
18	398
18	475
18	484
18	505
18	543
18	563
18	647
18	844
18	855
18	863
18	890
18	939
18	995
19	53
19	109
19	122
19	140
19	144
19	145
19	156
19	170
19	181
19	201
19	217
19	262
19	305
19	313
19	328
19	367
19	375
19	388
19	514
19	526
19	551
19	601
19	637
19	737
19	774
19	779
19	786
19	906
19	924
19	940
19	961
20	22
20	28
20	37
20	42
20	57
20	82
20	83
20	126
20	150
20	171
20	174
20	191
20	221
20	222
20	224
20	292
20	320
20	352
20	360
20	386
20	418
20	435
20	470
20	519
20	629
20	652
20	658
20	747
20	752
20	764
20	778
20	847
20	874
21	30
21	33
21	50
21	51
21	53
21	60
21	78
21	84
21	102
21	112
21	119
21	136
21	166
21	179
21	191
21	203
21	215
21	236
21	241
21	243
21	312
21	327
21	419
21	430
21	588
21	621
21	717
21	729
21	743
21	790
21	929
21	945
21	964
21	970
22	42
22	52
22	57
22	82
22	83
22	126
22	142
22	158
22	177
22	181
22	197
22	225
22	242
22	243
22	258
22	299
22	320
22	342
22	352
22	401
22	519
22	616
22	630
22	668
22	682
22	686
22	721
22	790
22	823
22	895
22	926
22	980
23	39
23	47
23	52
23	69
23	80
23	107
23	110
23	118
23	139
23	167
23	171
23	175
23	188
23	223
23	251
23	255
23	278
23	315
23	362
23	369
23	440
23	464
23	534
23	555
23	606
23	639
23	702
23	766
23	829
23	894
23	964
23	973
23	989
24	26
24	32
24	36
24	93
24	112
24	137
24	169
24	288
24	296
24	323
24	324
24	331
24	334
24	364
24	373
24	415
24	467
24	469
24	484
24	516
24	518
24	586
24	640
24	663
24	784
24	809
24	921
24	930
24	947
24	965
25	27
25	57
25	62
25	68
25	89
25	117
25	127
25	137
25	161
25	171
25	176
25	216
25	237
25	261
25	304
25	318
25	345
25	369
25	399
25	403
25	437
25	505
25	562
25	657
25	758
25	816
25	867
25	877
25	962
26	37
26	53
26	75
26	98
26	137
26	155
26	169
26	192
26	200
26	205
26	244
26	248
26	256
26	291
26	298
26	321
26	366
26	371
26	436
26	453
26	485
26	509
26	612
26	623
26	655
26	699
26	712
26	778
26	782
26	893
26	947
27	70
27	89
27	90
27	121
27	142
27	168
27	172
27	174
27	186
27	205
27	219
27	267
27	314
27	345
27	377
27	394
27	411
27	471
27	472
27	494
27	552
27	591
27	677
27	679
27	681
27	696
27	740
27	776
27	859
27	892
28	36
28	39
28	69
28	70
28	76
28	107
28	110
28	118
28	167
28	171
28	175
28	223
28	238
28	244
28	309
28	313
28	424
28	458
28	467
28	536
28	575
28	602
28	611
28	678
28	856
28	916
28	949
28	966
28	973
28	981
29	63
29	71
29	91
29	103
29	108
29	112
29	122
29	246
29	251
29	257
29	314
29	361
29	371
29	421
29	438
29	443
29	499
29	541
29	594
29	616
29	624
29	671
29	672
29	712
29	769
29	770
29	824
29	943
29	991
30	31
30	40
30	51
30	55
30	56
30	57
30	62
30	77
30	86
30	100
30	117
30	131
30	195
30	327
30	388
30	391
30	439
30	503
30	521
30	532
30	636
30	684
30	686
30	919
30	929
30	961
30	969
31	33
31	40
31	51
31	53
31	58
31	78
31	86
31	97
31	124
31	150
31	188
31	190
31	238
31	249
31	273
31	303
31	319
31	344
31	357
31	367
31	674
31	684
31	697
31	743
31	919
31	940
31	946
32	48
32	59
32	73
32	120
32	141
32	148
32	163
32	164
32	200
32	227
32	236
32	242
32	264
32	276
32	286
32	347
32	379
32	384
32	409
32	413
32	464
32	483
32	520
32	535
32	627
32	675
32	792
32	833
32	936
33	54
33	55
33	56
33	58
33	102
33	111
33	137
33	178
33	212
33	286
33	357
33	370
33	388
33	404
33	427
33	439
33	444
33	445
33	533
33	595
33	649
33	839
33	843
33	932
33	937
33	990
34	45
34	46
34	49
34	61
34	78
34	79
34	114
34	129
34	165
34	190
34	201
34	220
34	359
34	385
34	481
34	483
34	512
34	518
34	544
34	559
34	561
34	590
34	629
34	786
34	815
34	933
34	974
35	37
35	45
35	46
35	61
35	62
35	88
35	114
35	161
35	228
35	233
35	265
35	342
35	374
35	400
35	518
35	605
35	650
35	667
35	687
35	698
35	750
35	785
35	786
35	788
35	794
35	835
35	842
35	983
36	89
36	93
36	130
36	137
36	147
36	149
36	151
36	154
36	166
36	169
36	192
36	231
36	250
36	260
36	271
36	331
36	392
36	517
36	653
36	685
36	739
36	755
36	768
36	825
36	870
37	55
37	57
37	71
37	92
37	97
37	146
37	159
37	160
37	211
37	219
37	224
37	226
37	230
37	263
37	453
37	510
37	526
37	560
37	580
37	610
37	717
37	771
37	823
37	863
38	69
38	75
38	89
38	97
38	116
38	142
38	163
38	184
38	189
38	190
38	206
38	235
38	261
38	322
38	345
38	428
38	540
38	583
38	657
38	661
38	695
38	711
38	715
38	776
38	826
38	890
39	43
39	47
39	69
39	80
39	105
39	107
39	139
39	167
39	188
39	218
39	235
39	309
39	428
39	546
39	555
39	595
39	604
39	611
39	720
39	949
39	951
39	968
39	973
39	983
40	54
40	55
40	58
40	69
40	78
40	85
40	144
40	182
40	203
40	277
40	294
40	295
40	300
40	308
40	386
40	404
40	439
40	452
40	468
40	538
40	583
40	654
40	863
40	886
40	915
40	996
41	68
41	81
41	83
41	104
41	120
41	123
41	180
41	228
41	232
41	261
41	280
41	293
41	318
41	360
41	403
41	420
41	506
41	567
41	631
41	677
41	696
41	705
41	740
41	785
41	865
41	892
42	52
42	57
42	97
42	125
42	130
42	193
42	203
42	218
42	261
42	266
42	320
42	355
42	401
42	460
42	527
42	534
42	585
42	658
42	670
42	729
42	816
42	871
42	918
42	938
43	47
43	80
43	107
43	110
43	118
43	129
43	167
43	194
43	221
43	235
43	244
43	287
43	313
43	405
43	428
43	458
43	504
43	517
43	536
43	585
43	678
43	807
43	828
43	909
43	993
44	48
44	61
44	90
44	120
44	123
44	136
44	148
44	149
44	194
44	200
44	227
44	242
44	250
44	252
44	253
44	264
44	276
44	333
44	425
44	471
44	556
44	557
44	571
44	777
44	831
44	836
44	959
45	46
45	49
45	74
45	79
45	100
45	114
45	119
45	133
45	165
45	335
45	358
45	374
45	408
45	462
45	512
45	539
45	561
45	614
45	634
45	650
45	745
45	880
46	49
46	74
46	79
46	129
46	180
46	220
46	257
46	260
46	294
46	358
46	385
46	462
46	495
46	521
46	559
46	634
46	728
46	802
46	819
46	920
46	935
46	942
47	57
47	64
47	107
47	139
47	167
47	194
47	288
47	315
47	424
47	428
47	440
47	526
47	546
47	610
47	611
47	625
47	680
47	693
47	700
47	895
47	964
48	59
48	73
48	133
48	136
48	148
48	149
48	164
48	240
48	257
48	286
48	321
48	348
48	365
48	413
48	425
48	431
48	511
48	520
48	678
48	691
48	883
48	904
48	957
49	61
49	64
49	79
49	121
49	180
49	228
49	280
49	328
49	330
49	406
49	408
49	499
49	581
49	605
49	636
49	666
49	927
49	984
50	54
50	55
50	62
50	64
50	86
50	89
50	100
50	135
50	153
50	199
50	202
50	229
50	243
50	414
50	419
50	456
50	573
50	621
50	632
50	767
50	772
50	844
51	56
51	78
51	100
51	131
51	233
51	274
51	277
51	311
51	397
51	417
51	419
51	463
51	468
51	568
51	588
51	694
51	798
51	800
51	905
51	996
52	53
52	67
52	82
52	83
52	142
52	150
52	177
52	204
52	218
52	255
52	368
52	379
52	500
52	668
52	707
52	713
52	717
52	732
52	824
52	874
53	56
53	60
53	70
53	102
53	105
53	111
53	124
53	135
53	195
53	295
53	366
53	579
53	646
53	767
53	866
53	985
54	56
54	60
54	61
54	72
54	84
54	95
54	195
54	346
54	390
54	451
54	510
54	579
54	694
54	743
54	751
54	793
54	808
54	976
55	100
55	128
55	136
55	147
55	185
55	270
55	357
55	367
55	445
55	857
55	882
55	896
55	905
55	919
55	945
55	970
55	999
56	60
56	84
56	111
56	129
56	147
56	249
56	294
56	308
56	325
56	466
56	491
56	502
56	548
56	691
56	844
56	955
56	963
57	82
57	110
57	142
57	191
57	222
57	292
57	457
57	460
57	537
57	566
57	716
57	723
57	806
57	858
57	891
58	72
58	78
58	88
58	100
58	165
58	199
58	203
58	268
58	404
58	468
58	502
58	510
58	620
58	621
58	633
58	886
58	917
58	949
59	65
59	120
59	124
59	141
59	148
59	162
59	242
59	409
59	425
59	497
59	515
59	532
59	577
59	603
59	644
59	689
59	719
59	792
59	883
59	884
60	62
60	100
60	187
60	195
60	204
60	254
60	317
60	351
60	390
60	565
60	585
60	743
60	760
60	839
60	994
61	105
61	112
61	119
61	143
61	180
61	228
61	260
61	359
61	497
61	499
61	501
61	512
61	578
61	667
61	868
61	974
62	78
62	84
62	111
62	151
62	185
62	268
62	274
62	328
62	390
62	522
62	545
62	564
62	852
62	950
62	981
63	103
63	108
63	113
63	156
63	246
63	257
63	269
63	329
63	370
63	396
63	444
63	530
63	593
63	660
63	679
63	738
63	857
64	98
64	153
64	184
64	232
64	241
64	273
64	274
64	362
64	393
64	421
64	514
64	630
64	638
64	676
64	693
64	890
65	66
65	76
65	95
65	99
65	115
65	138
65	157
65	183
65	272
65	395
65	482
65	551
65	600
65	619
65	639
65	669
65	812
66	77
66	89
66	96
66	97
66	152
66	163
66	195
66	321
66	364
66	371
66	389
66	402
66	509
66	513
66	525
66	651
66	655
66	673
66	728
66	784
67	82
67	88
67	108
67	125
67	126
67	150
67	204
67	212
67	222
67	224
67	266
67	339
67	361
67	414
67	430
67	537
67	541
67	566
67	607
67	636
67	812
68	70
68	145
68	284
68	299
68	322
68	353
68	356
68	363
68	468
68	492
68	540
68	577
68	657
68	661
68	721
68	776
68	842
68	902
68	986
69	107
69	110
69	112
69	129
69	167
69	188
69	244
69	440
69	536
69	618
69	734
69	787
69	981
69	993
70	94
70	104
70	117
70	128
70	162
70	290
70	342
70	369
70	372
70	506
70	520
70	599
70	631
70	661
70	795
70	826
71	85
71	91
71	113
71	165
71	239
71	241
71	267
71	314
71	326
71	328
71	343
71	443
71	624
71	670
71	726
71	753
71	797
72	90
72	102
72	135
72	277
72	308
72	325
72	346
72	366
72	449
72	452
72	474
72	573
72	579
72	676
72	866
72	945
72	977
73	94
73	96
73	149
73	161
73	196
73	209
73	210
73	307
73	380
73	431
73	520
73	535
73	537
73	571
73	614
73	615
73	733
73	801
73	957
74	79
74	121
74	332
74	359
74	400
74	465
74	478
74	481
74	501
74	559
74	560
74	577
74	622
74	708
74	802
74	898
75	139
75	155
75	159
75	173
75	199
75	226
75	250
75	256
75	288
75	294
75	323
75	324
75	376
75	469
75	516
75	549
75	876
76	94
76	95
76	122
76	138
76	140
76	159
76	217
76	258
76	368
76	436
76	472
76	617
76	659
76	924
77	101
77	107
77	130
77	137
77	147
77	151
77	155
77	173
77	192
77	226
77	271
77	287
77	288
77	296
77	350
77	647
77	665
77	716
78	124
78	203
78	229
78	281
78	312
78	346
78	354
78	547
78	882
78	887
78	925
78	931
78	941
79	119
79	138
79	141
79	157
79	165
79	228
79	265
79	266
79	289
79	358
79	385
79	417
79	481
79	581
79	805
80	93
80	116
80	118
80	188
80	194
80	206
80	287
80	362
80	461
80	625
80	642
80	644
80	739
80	766
80	829
80	877
80	901
81	92
81	98
81	134
81	162
81	173
81	176
81	184
81	214
81	219
81	223
81	391
81	425
81	674
81	755
81	780
81	834
81	924
82	88
82	111
82	125
82	126
82	133
82	160
82	224
82	368
82	470
82	570
82	671
82	800
82	887
82	972
83	96
83	142
83	177
83	225
83	266
83	285
83	365
83	435
83	558
83	607
83	744
83	756
83	867
83	879
83	926
84	99
84	111
84	150
84	195
84	300
84	302
84	573
84	597
84	692
84	718
84	741
84	744
84	913
84	997
85	108
85	148
85	213
85	246
85	297
85	326
85	329
85	398
85	455
85	465
85	530
85	633
85	820
85	872
85	888
85	934
86	135
86	185
86	190
86	203
86	238
86	250
86	273
86	282
86	300
86	386
86	393
86	444
86	448
86	522
86	598
86	758
86	913
87	97
87	157
87	168
87	172
87	202
87	275
87	290
87	297
87	299
87	301
87	342
87	410
87	427
87	495
87	497
87	651
87	657
88	112
88	191
88	222
88	292
88	457
88	460
88	470
88	500
88	596
88	667
88	711
88	724
88	871
88	921
89	92
89	189
89	202
89	306
89	342
89	377
89	411
89	437
89	695
89	773
89	953
89	987
90	134
90	198
90	214
90	232
90	278
90	280
90	351
90	382
90	420
90	543
90	603
90	695
90	700
90	780
91	103
91	111
91	251
91	257
91	267
91	272
91	292
91	297
91	397
91	407
91	419
91	443
91	660
91	762
91	797
92	127
92	134
92	163
92	172
92	341
92	378
92	418
92	420
92	422
92	543
92	726
92	762
92	826
92	854
92	913
93	226
93	324
93	415
93	460
93	513
93	543
93	720
93	728
93	749
93	796
93	817
93	819
93	889
93	981
93	998
94	97
94	163
94	185
94	189
94	193
94	232
94	415
94	459
94	507
94	668
94	710
94	755
94	773
94	878
94	883
95	115
95	135
95	156
95	170
95	181
95	183
95	199
95	207
95	217
95	301
95	423
95	429
95	538
95	902
95	906
96	98
96	130
96	151
96	155
96	256
96	296
96	324
96	341
96	399
96	533
96	564
96	588
96	655
96	912
96	992
97	105
97	232
97	237
97	372
97	529
97	656
97	677
97	869
97	897
97	954
97	988
98	101
98	152
98	209
98	248
98	256
98	321
98	371
98	376
98	463
98	538
98	548
98	569
98	586
98	647
99	140
99	161
99	205
99	256
99	272
99	316
99	343
99	488
99	500
99	528
99	554
99	593
99	814
99	838
99	936
100	125
100	153
100	171
100	238
100	366
100	416
100	543
100	548
100	645
100	994
101	129
101	137
101	147
101	183
101	187
101	231
101	288
101	389
101	463
101	525
101	720
101	889
101	893
101	912
102	168
102	179
102	236
102	240
102	450
102	545
102	547
102	598
102	625
102	636
102	882
102	955
103	145
103	215
103	227
103	234
103	239
103	392
103	421
103	624
103	662
103	840
103	850
103	888
104	115
104	123
104	156
104	227
104	234
104	325
104	326
104	332
104	339
104	511
104	515
104	527
104	740
104	837
105	114
105	228
105	260
105	314
105	374
105	477
105	479
105	666
105	687
105	785
105	815
105	835
105	967
105	974
106	123
106	163
106	262
106	269
106	301
106	318
106	391
106	418
106	498
106	558
106	575
106	593
106	604
106	619
106	771
106	939
106	978
106	992
107	111
107	139
107	175
107	193
107	194
107	287
107	544
107	623
107	639
107	739
107	760
108	119
108	138
108	208
108	267
108	269
108	383
108	421
108	574
108	735
108	850
109	132
109	145
109	201
109	217
109	285
109	328
109	412
109	451
109	504
109	542
109	547
109	664
109	818
110	202
110	217
110	424
110	642
110	678
110	714
110	752
110	821
110	853
110	856
110	989
111	153
111	179
111	241
111	419
111	621
111	653
111	654
112	186
112	210
112	215
112	221
112	331
112	335
112	359
112	427
112	709
113	120
113	208
113	213
113	269
113	314
113	326
113	398
113	407
113	562
113	574
113	694
113	753
113	880
114	121
114	169
114	237
114	250
114	350
114	358
114	373
114	454
114	561
114	650
114	920
114	983
115	138
115	140
115	144
115	157
115	245
115	249
115	340
115	352
115	397
115	659
115	774
115	975
116	123
116	176
116	178
116	210
116	301
116	341
116	377
116	410
116	418
116	475
116	490
116	725
116	860
117	186
117	198
117	216
117	318
117	418
117	422
117	426
117	638
117	710
117	711
117	750
117	837
117	846
117	867
118	244
118	313
118	315
118	392
118	398
118	600
118	642
118	702
118	821
118	834
118	981
119	121
119	220
119	312
119	346
119	406
119	447
119	477
119	524
119	562
119	587
119	594
119	946
120	148
120	164
120	206
120	286
120	395
120	431
120	433
120	556
120	619
120	722
120	862
120	936
121	211
121	260
121	359
121	524
121	560
121	592
121	687
121	786
121	916
121	958
122	132
122	158
122	245
122	283
122	310
122	335
122	368
122	648
122	885
123	198
123	216
123	306
123	356
123	428
123	491
123	591
123	710
123	832
123	897
124	190
124	241
124	278
124	366
124	379
124	387
124	528
124	741
124	827
124	861
124	899
124	950
125	150
125	197
125	222
125	361
125	383
125	536
125	601
125	707
125	729
125	847
125	960
126	166
126	225
126	283
126	361
126	400
126	414
126	596
126	682
126	683
126	757
126	851
126	890
127	128
127	225
127	301
127	316
127	426
127	443
127	461
127	583
127	626
127	758
127	881
127	967
128	139
128	276
128	290
128	369
128	384
128	485
128	489
128	498
128	746
128	813
128	881
129	182
129	222
129	287
129	386
129	405
129	406
129	658
129	676
129	708
129	903
130	153
130	161
130	261
130	279
130	281
130	298
130	321
130	623
130	663
130	784
130	870
131	179
131	187
131	229
131	274
131	319
131	374
131	387
131	390
131	439
131	598
131	600
131	836
131	839
131	945
132	143
132	145
132	156
132	183
132	201
132	349
132	413
132	664
132	704
132	845
132	849
133	168
133	170
133	255
133	278
133	285
133	394
133	404
133	434
133	610
133	676
133	755
134	177
134	184
134	299
134	540
134	584
134	685
134	686
134	810
134	842
134	995
135	155
135	231
135	243
135	247
135	344
135	493
135	565
135	622
135	793
136	200
136	240
136	306
136	354
136	385
136	413
136	431
136	483
136	669
136	768
136	805
137	248
137	323
137	325
137	336
137	396
137	402
137	817
138	156
138	157
138	158
138	187
138	245
138	482
138	551
139	194
139	223
139	512
139	546
139	680
139	693
139	767
139	901
140	144
140	157
140	181
140	315
140	487
140	632
140	705
140	713
140	762
140	885
141	164
141	209
141	252
141	307
141	347
141	384
141	394
141	493
141	798
141	841
141	862
141	925
142	191
142	197
142	218
142	658
142	670
142	692
142	848
142	873
143	158
143	170
143	183
143	200
143	259
143	351
143	487
143	504
143	928
143	994
144	259
144	283
144	347
144	528
144	535
144	736
144	762
144	909
145	220
145	363
145	365
145	467
145	482
145	961
146	205
146	332
146	369
146	381
146	490
146	604
146	656
146	686
146	776
146	809
146	832
147	154
147	271
147	275
147	341
147	446
147	742
147	930
148	196
148	264
148	265
148	302
148	317
148	333
148	862
148	904
149	164
149	185
149	209
149	226
149	237
149	276
149	348
149	354
149	689
149	765
150	197
150	221
150	334
150	360
150	537
150	803
151	190
151	226
151	298
151	331
151	485
151	653
151	761
151	819
151	833
152	159
152	207
152	211
152	231
152	281
152	341
152	350
152	376
152	612
152	671
153	190
153	268
153	302
153	456
153	474
153	572
153	694
153	814
153	925
154	231
154	272
154	280
154	326
154	336
154	341
154	467
154	517
154	757
154	791
154	861
154	878
155	161
155	251
155	281
155	298
155	392
155	453
155	466
155	617
155	649
156	183
156	238
156	310
156	349
156	504
156	883
157	314
157	363
157	885
158	199
158	335
158	340
158	424
158	472
158	551
158	713
159	173
159	371
159	402
159	436
159	570
159	653
159	811
159	889
159	892
159	939
160	212
160	258
160	361
160	383
160	385
160	435
160	500
160	612
160	670
160	781
161	215
161	217
161	339
161	455
161	462
161	572
161	616
161	671
162	172
162	293
162	372
162	505
162	577
162	652
162	837
162	865
162	954
162	992
163	254
163	290
163	342
163	427
163	474
163	486
163	580
163	834
164	196
164	200
164	305
164	336
164	348
164	409
164	602
164	603
164	917
165	211
165	233
165	325
165	384
165	629
165	704
165	775
165	875
166	167
166	169
166	350
166	396
166	436
166	509
166	651
166	855
166	870
166	923
166	982
167	188
167	293
167	362
167	625
167	739
167	895
167	914
168	202
168	205
168	237
168	356
168	428
168	661
168	698
168	838
168	896
169	336
169	350
169	366
169	389
169	655
169	817
169	833
170	181
170	207
170	349
170	489
170	951
171	208
171	338
171	355
171	362
171	408
171	449
171	746
172	219
172	278
172	407
172	461
172	529
172	589
172	646
172	953
173	307
173	415
173	417
173	485
173	623
173	628
173	663
173	709
173	725
174	212
174	222
174	224
174	304
174	332
174	445
174	717
174	841
174	850
174	918
174	980
175	440
175	625
175	665
175	690
175	849
175	901
175	907
175	919
175	931
176	209
176	459
176	466
176	589
176	689
176	771
176	809
176	900
176	939
177	212
177	258
177	266
177	487
177	500
177	673
177	721
177	779
177	918
178	276
178	356
178	441
178	480
178	484
178	489
178	580
178	643
178	699
178	754
178	978
179	182
179	245
179	355
179	430
179	452
179	502
179	856
179	944
180	330
180	337
180	358
180	359
180	373
180	405
180	875
180	880
180	980
181	291
181	331
181	659
181	914
181	938
181	1000
182	270
182	317
182	327
182	390
182	564
182	568
182	844
182	899
183	246
183	259
183	429
183	766
183	782
184	245
184	284
184	490
184	563
184	637
184	827
184	927
185	285
185	386
185	437
185	451
185	520
185	530
185	861
185	998
186	262
186	405
186	416
186	489
186	686
186	696
186	773
186	894
187	387
187	468
187	508
187	866
187	896
187	990
188	458
188	734
188	872
188	940
189	284
189	335
189	473
189	494
189	631
189	789
189	986
190	327
190	379
190	620
190	655
190	972
191	231
191	339
191	460
191	566
191	585
191	764
192	533
192	553
192	685
192	714
192	720
192	833
192	990
193	345
193	378
193	424
193	473
193	531
193	832
193	885
193	988
194	261
194	315
194	526
194	646
194	911
195	196
195	249
195	311
195	672
195	843
196	264
196	354
196	464
196	544
196	605
196	759
196	936
197	224
197	279
197	320
197	390
197	539
197	723
197	779
197	800
198	255
198	304
198	428
198	523
198	584
198	679
198	742
198	773
199	207
199	544
199	662
199	681
199	774
200	227
200	348
200	380
200	384
200	410
200	768
201	207
201	637
201	672
201	701
201	707
201	938
201	944
202	432
202	577
202	679
202	787
202	864
203	247
203	282
203	478
203	486
204	266
204	352
204	383
204	537
204	707
204	781
204	823
204	853
204	933
205	219
205	475
205	635
205	837
205	953
206	210
206	244
206	319
206	405
206	444
206	479
206	907
206	965
207	283
207	365
207	409
207	514
208	239
208	251
208	253
208	412
208	783
209	268
209	468
209	576
209	615
209	669
209	959
210	215
210	324
210	447
210	818
210	905
210	922
211	382
211	391
211	587
211	594
211	667
211	942
212	224
212	235
212	338
212	460
212	534
212	839
213	246
213	295
213	421
213	738
213	868
214	378
214	441
214	531
214	575
214	634
214	640
214	702
214	982
214	992
215	369
215	479
215	616
215	640
215	644
215	884
216	378
216	441
216	495
216	519
216	692
216	846
216	865
216	986
217	380
217	938
217	960
218	383
218	440
218	582
218	698
218	756
219	455
219	562
219	641
219	908
219	935
220	400
220	454
220	561
220	630
220	788
220	802
221	225
221	332
221	431
221	607
221	683
221	719
222	596
222	610
222	706
222	851
223	235
223	285
223	509
223	546
223	734
223	909
224	450
224	554
224	848
225	277
225	364
225	435
225	470
225	874
225	879
226	569
226	666
226	751
226	789
227	252
227	354
227	380
227	557
227	576
227	627
228	233
228	337
228	355
228	539
228	933
229	243
229	274
229	378
229	388
229	855
229	925
229	945
230	288
230	334
230	467
230	513
230	516
230	757
230	830
230	833
231	289
231	324
231	617
231	853
232	263
232	320
232	472
232	580
232	706
232	897
233	288
233	458
233	578
233	587
233	891
233	942
233	985
234	269
234	297
234	310
234	407
234	455
234	574
234	665
235	752
235	907
235	940
235	966
236	238
236	273
236	324
236	357
236	620
236	873
236	970
237	304
237	426
237	635
237	916
238	379
238	486
238	548
238	852
239	246
239	269
239	280
239	385
239	502
240	242
240	395
240	433
240	448
240	733
240	879
241	264
241	295
241	390
241	430
241	694
242	380
242	381
242	448
242	515
242	988
243	282
243	300
243	522
243	533
243	950
244	618
244	973
244	979
245	291
245	632
246	496
246	631
246	796
246	896
247	302
247	303
247	444
247	508
247	588
247	705
247	857
247	986
248	321
248	323
248	402
248	449
248	665
248	763
248	784
249	379
249	564
249	831
249	912
249	976
250	266
250	279
250	333
250	792
251	329
251	370
251	438
251	966
252	291
252	333
252	405
252	464
252	515
252	691
252	777
253	284
253	614
253	633
253	660
253	726
253	820
254	456
254	645
254	649
254	692
254	761
254	857
254	931
254	1000
255	362
255	595
255	606
255	639
255	690
256	466
256	511
256	774
256	998
257	339
257	820
257	934
258	338
258	361
258	569
258	582
258	658
258	832
259	272
259	333
259	403
259	412
260	265
260	289
260	382
260	845
260	920
261	459
261	491
261	813
262	480
262	562
262	616
262	795
262	956
262	992
263	275
263	293
263	313
263	342
263	554
263	699
263	746
263	758
264	483
264	497
264	627
264	691
265	281
265	421
265	526
265	545
265	937
266	457
266	718
266	732
267	307
267	326
267	438
267	496
268	302
268	404
268	545
268	955
268	988
269	314
269	379
269	807
269	850
270	273
270	308
270	364
270	366
270	761
270	812
270	882
271	298
271	476
271	482
271	549
271	819
271	843
271	893
272	538
272	902
273	319
273	416
273	634
273	684
273	918
274	303
274	430
274	485
274	914
274	977
275	375
275	480
275	506
275	531
275	696
275	699
276	515
276	571
276	574
276	862
277	393
277	434
277	600
277	622
278	400
278	500
278	653
278	846
279	510
279	513
279	628
279	663
279	749
280	420
280	442
280	486
280	953
281	296
281	629
281	889
282	308
282	343
282	456
282	550
283	450
283	881
283	944
284	492
284	773
284	787
285	627
285	640
285	984
286	380
286	446
286	464
286	556
286	587
287	549
287	595
287	693
287	752
288	364
288	392
289	394
289	465
289	518
289	539
289	592
290	681
290	729
290	892
291	487
291	514
291	538
292	683
292	721
292	879
293	304
293	410
293	626
294	597
294	905
294	931
294	946
295	380
295	480
295	914
295	996
295	997
296	313
296	463
296	512
296	982
297	301
297	438
297	507
297	541
297	888
298	320
298	356
298	396
298	517
299	322
299	378
299	381
299	679
299	801
300	337
300	450
300	522
300	839
300	858
301	442
301	480
302	430
302	531
302	654
303	346
303	548
303	609
303	622
303	937
304	575
304	607
304	727
304	864
305	365
305	664
305	675
305	703
305	961
306	323
306	377
306	386
306	464
306	492
307	333
307	556
307	589
307	765
307	917
308	344
308	388
308	999
309	315
309	495
309	732
309	821
309	895
309	940
309	979
310	349
310	375
310	436
310	924
311	344
311	367
311	387
311	567
311	602
311	849
311	937
312	388
312	458
312	555
312	573
312	899
313	440
313	595
314	633
314	662
315	829
315	968
315	996
316	329
316	426
316	457
316	596
316	598
316	923
317	346
317	564
317	772
317	808
317	829
317	971
318	548
318	699
318	722
318	756
318	854
319	404
319	741
319	863
319	937
320	582
320	764
320	841
321	350
321	719
321	973
322	327
322	425
322	432
322	452
322	842
322	995
323	612
323	878
323	903
324	453
324	971
325	410
325	424
325	870
325	908
326	530
326	943
327	674
327	696
327	925
327	948
328	349
328	405
328	509
328	808
329	336
329	614
329	672
329	911
330	447
330	521
330	531
330	560
330	835
330	880
330	957
331	685
331	754
331	947
332	360
332	841
332	871
333	495
333	765
333	768
334	363
334	525
334	759
334	966
334	995
335	637
335	910
336	570
336	586
336	965
337	374
337	400
337	521
337	561
337	731
338	723
338	724
338	747
338	851
338	894
339	677
339	731
339	875
340	363
340	559
340	584
340	619
340	906
341	436
341	463
342	715
343	420
343	462
343	690
343	886
344	508
344	606
344	622
345	374
345	411
345	561
345	956
346	852
346	862
347	395
347	448
347	733
347	789
347	804
348	414
348	497
348	759
348	836
349	632
349	720
349	923
350	469
350	573
351	445
351	863
351	907
351	994
352	553
352	670
352	706
352	823
353	391
353	420
353	564
353	608
353	795
354	519
354	576
354	805
355	586
355	722
355	753
355	962
356	413
356	422
357	418
357	503
357	566
358	521
358	733
358	933
359	406
359	409
360	414
360	607
360	845
361	644
361	980
362	714
363	423
364	549
364	617
364	623
365	849
367	550
367	565
367	645
367	999
368	619
368	812
368	928
369	697
369	915
370	376
370	540
370	888
370	911
371	417
371	570
371	736
372	475
372	492
372	690
372	722
372	745
373	446
373	651
373	735
373	754
374	629
375	429
375	815
376	565
376	569
376	782
377	404
377	473
377	491
377	878
378	442
378	976
380	801
381	525
381	546
381	647
381	703
382	406
382	613
382	818
382	927
383	433
383	589
383	683
384	658
384	792
384	811
385	788
385	794
386	764
387	439
387	469
387	503
387	929
388	451
388	645
389	402
389	516
389	521
389	650
389	819
390	601
391	529
391	806
392	402
392	417
393	493
393	528
393	857
394	506
394	519
394	958
394	975
395	409
395	433
395	571
395	599
396	516
396	525
396	709
397	402
397	462
397	484
397	586
397	609
398	443
398	530
398	712
398	738
399	540
399	604
399	865
399	878
399	894
400	408
401	537
401	556
401	596
401	790
401	873
402	967
403	422
403	449
403	484
403	703
404	508
405	993
406	592
406	687
406	701
407	530
408	634
408	704
408	750
408	783
409	810
409	811
410	494
410	540
410	648
411	426
411	440
411	523
411	595
411	809
412	542
412	551
412	997
413	926
413	963
414	558
414	579
414	851
415	553
415	709
415	748
415	967
416	445
416	560
416	999
417	539
417	784
417	947
418	488
419	565
419	909
420	869
421	593
422	589
422	794
422	908
423	429
423	640
423	762
424	642
424	979
425	576
425	689
425	759
426	493
426	626
426	806
427	529
427	700
427	830
427	869
428	471
429	541
429	708
430	454
430	611
431	630
431	883
432	437
432	486
432	719
433	805
433	835
433	836
434	695
434	769
434	770
434	830
434	947
435	592
435	731
435	744
436	728
437	461
437	496
437	780
438	526
438	953
439	991
441	498
441	505
441	630
441	697
442	498
442	550
442	714
443	463
443	796
444	684
445	522
445	932
446	469
446	473
446	982
447	481
447	708
447	775
448	475
448	804
448	936
449	871
449	931
449	979
450	454
450	649
450	674
451	558
451	748
451	822
452	504
452	510
452	597
453	628
453	748
453	828
454	597
454	598
454	600
455	735
455	872
456	540
456	609
456	725
457	590
457	717
457	873
458	476
458	968
459	787
459	867
459	920
461	492
461	608
461	831
462	943
463	533
464	798
465	511
465	587
465	698
466	763
466	930
466	971
467	825
469	513
469	917
470	608
470	630
471	661
471	742
471	995
472	718
472	818
473	517
473	562
473	864
474	498
474	962
474	977
474	990
475	635
475	700
476	611
476	618
476	821
476	845
477	497
477	501
477	594
477	613
477	983
478	499
478	590
478	634
478	785
478	875
479	511
479	521
479	674
479	840
480	613
481	657
481	687
482	487
482	881
483	535
483	777
483	968
484	656
486	742
486	954
488	563
488	591
488	710
488	908
489	491
489	604
489	765
490	506
490	513
490	838
490	978
491	635
491	916
492	706
493	810
493	941
494	584
494	795
495	975
497	804
498	954
499	560
499	641
499	903
500	921
501	666
501	684
501	783
501	835
502	620
502	797
502	955
503	572
503	649
503	692
503	997
505	529
505	827
506	681
506	932
507	711
507	715
507	832
507	855
508	767
508	962
509	553
509	912
510	588
510	899
511	526
511	681
512	524
512	613
514	624
515	700
515	959
516	612
516	627
518	750
519	527
519	824
520	792
522	572
522	598
523	615
523	898
523	924
523	999
523	1000
524	559
524	579
524	974
524	984
525	728
527	554
527	816
527	847
528	736
529	552
529	881
531	900
532	578
532	814
532	948
533	763
533	817
534	652
534	822
534	991
535	669
535	836
536	735
536	766
536	860
537	800
539	613
539	794
542	569
542	885
543	552
543	648
544	602
544	618
544	821
545	825
545	935
546	602
547	642
547	665
548	760
549	676
549	789
550	597
551	963
552	827
553	647
553	956
554	716
555	602
555	966
556	627
557	566
557	669
557	691
557	772
558	800
558	841
563	677
563	746
565	772
566	847
567	761
567	946
567	976
568	651
568	860
569	791
570	656
570	748
571	578
571	760
572	688
572	828
574	804
575	649
575	956
576	702
576	917
577	877
578	942
579	963
580	671
581	605
581	643
581	984
582	665
582	732
582	744
583	809
583	986
584	641
585	716
585	824
586	830
587	592
588	905
589	608
590	759
590	786
590	927
591	834
592	701
594	993
596	668
597	810
599	631
599	929
599	939
603	811
603	884
604	951
605	698
605	969
606	608
606	702
607	826
608	755
609	680
609	751
609	760
610	628
610	780
611	989
613	898
614	934
615	777
615	884
617	965
618	687
619	960
620	697
620	734
621	680
621	808
623	710
624	797
624	911
625	989
626	643
626	826
626	895
628	971
629	985
631	695
632	769
633	770
635	688
635	831
636	963
636	972
637	859
638	664
638	858
639	646
639	702
640	788
641	643
641	803
642	913
643	855
643	1000
644	707
644	887
645	725
645	793
646	678
646	680
648	727
648	869
650	904
650	983
651	876
652	683
652	717
652	901
653	903
654	674
654	810
654	902
655	971
656	846
657	673
659	737
659	741
660	769
660	922
661	795
662	707
662	922
663	730
663	769
664	701
666	704
666	815
667	750
668	842
669	675
670	910
671	942
672	726
673	749
673	930
675	861
675	941
676	811
678	993
679	870
680	828
681	727
682	706
682	803
682	946
683	775
686	827
688	699
688	813
688	864
688	869
689	730
689	798
690	807
691	801
692	886
693	791
694	866
695	867
696	851
697	700
697	715
701	906
703	713
704	783
705	745
705	793
706	822
708	875
709	900
710	740
711	799
711	900
713	906
713	923
714	807
714	951
715	777
715	799
716	779
716	816
719	734
720	876
721	859
723	874
724	779
724	893
725	898
727	764
727	846
729	921
730	912
731	770
732	959
733	904
736	880
737	910
740	900
742	746
744	873
745	856
745	964
747	751
747	948
748	825
749	958
751	935
753	934
754	789
756	822
756	824
757	954
758	916
761	886
763	982
765	798
768	957
771	838
772	950
774	849
775	854
775	974
776	958
778	853
781	822
781	823
782	791
787	854
788	813
790	926
791	970
793	914
794	814
796	991
799	838
799	988
801	845
802	861
803	891
804	884
805	967
806	848
808	970
813	894
814	935
815	985
816	978
817	955
825	897
829	950
837	990
840	991
843	977
847	952
848	927
848	930
852	928
858	989
858	997
859	926
860	948
864	865
868	904
871	891
876	915
876	998
877	892
877	915
882	952
887	918
887	921
896	969
898	984
899	932
903	965
919	977
932	972
941	962
948	969
949	979
952	987
