1	74
2	21
3	46
4	48
5	33
6	12
7	64
8	16
9	4
10	39
11	70
12	76
13	52
14	51
15	67
16	74
17	48
18	19
19	23
20	43
21	22
22	17
23	1
24	21
25	24
26	40
27	20
28	78
29	15
30	51
31	23
32	82
33	54
34	29
35	39
36	8
37	68
38	9
39	84
40	17
41	73
42	46
43	27
44	58
45	25
46	16
47	51
48	67
49	5
50	35
51	36
52	23
53	89
54	13
55	11
56	39
57	12
58	11
59	82
60	2
61	32
62	4
63	62
64	33
65	4
66	30
67	14
68	34
69	23
70	85
71	50
72	6
73	64
74	82
75	56
76	67
77	18
78	82
79	47
80	57
81	7
82	9
83	71
84	52
85	72
86	48
87	59
88	10
89	14
90	43
91	37
92	9
93	2
94	34
95	22
96	56
97	8
98	13
99	77
100	31
101	60
102	63
103	54
104	71
105	38
106	54
107	58
108	62
109	3
110	27
111	71
112	78
113	41
114	26
115	28
116	15
117	33
118	27
119	55
120	57
121	61
122	31
123	42
124	6
125	8
126	77
127	50
128	34
129	69
130	13
131	29
132	62
133	3
134	28
135	40
136	63
137	5
138	39
139	11
140	14
141	46
142	61
143	14
144	54
145	5
146	6
147	20
148	69
149	2
150	22
151	1
152	39
153	28
154	8
155	68
156	17
157	78
158	44
159	2
160	79
161	58
162	3
163	22
164	37
165	9
166	53
167	86
168	76
169	45
170	41
171	82
172	9
173	9
174	57
175	36
176	7
177	46
178	42
179	42
180	68
181	43
182	39
183	30
184	77
185	46
186	18
187	33
188	27
189	3
190	45
191	88
192	68
193	25
194	5
195	21
196	84
197	72
198	16
199	74
200	18
201	66
202	58
203	84
204	20
205	34
206	14
207	84
208	73
209	85
210	14
211	71
212	31
213	87
214	35
215	54
216	45
217	10
218	2
219	9
220	76
221	41
222	84
223	19
224	86
225	18
226	34
227	55
228	25
229	16
230	7
231	77
232	16
233	28
234	12
235	30
236	19
237	55
238	11
239	80
240	67
241	31
242	50
243	4
244	60
245	42
246	6
247	15
248	15
249	26
250	85
251	31
252	6
253	23
254	8
255	25
256	24
257	8
258	59
259	81
260	16
261	64
262	57
263	19
264	20
265	68
266	83
267	71
268	19
269	4
270	15
271	39
272	28
273	13
274	27
275	32
276	89
277	18
278	88
279	48
280	30
281	39
282	75
283	62
284	34
285	50
286	36
287	60
288	29
289	11
290	18
291	9
292	18
293	75
294	78
295	59
296	30
297	43
298	5
299	81
300	13
301	21
302	46
303	47
304	37
305	42
306	66
307	61
308	31
309	54
310	24
311	16
312	59
313	3
314	86
315	35
316	2
317	35
318	52
319	58
320	28
321	10
322	2
323	13
324	77
325	48
326	37
327	75
328	51
329	17
330	17
331	1
332	30
333	16
334	7
335	34
336	24
337	73
338	28
339	83
340	7
341	51
342	38
343	27
344	9
345	15
346	48
347	87
348	46
349	73
350	7
351	7
352	62
353	36
354	26
355	16
356	33
357	5
358	23
359	12
360	84
361	5
362	56
363	66
364	77
365	8
366	2
367	11
368	60
369	19
370	1
371	80
372	13
373	77
374	43
375	33
376	7
377	88
378	25
379	64
380	8
381	2
382	84
383	17
384	18
385	29
386	53
387	81
388	23
389	18
390	25
391	17
392	87
393	15
394	39
395	63
396	2
397	1
398	35
399	6
400	32
401	75
402	45
403	1
404	26
405	27
406	25
407	1
408	32
409	40
410	8
411	56
412	3
413	19
414	13
415	67
416	45
417	44
418	2
419	45
420	56
421	73
422	4
423	8
424	60
425	9
426	2
427	11
428	11
429	7
430	14
431	8
432	1
433	83
434	81
435	3
436	50
437	42
438	53
439	17
440	15
441	60
442	6
443	12
444	2
445	22
446	33
447	13
448	49
449	25
450	56
451	1
452	77
453	25
454	33
455	45
456	37
457	74
458	47
459	18
460	49
461	33
462	33
463	59
464	8
465	87
466	13
467	15
468	33
469	35
470	80
471	67
472	40
473	57
474	47
475	7
476	84
477	56
478	10
479	70
480	23
481	68
482	18
483	30
484	18
485	54
486	3
487	30
488	38
489	67
490	78
491	73
492	34
493	49
494	50
495	51
496	8
497	12
498	13
499	22
500	44
501	24
502	16
503	32
504	1
505	30
506	79
507	14
508	83
509	3
510	76
511	49
512	22
513	10
514	45
515	36
516	2
517	7
518	43
519	29
520	45
521	13
522	10
523	47
524	4
525	46
526	87
527	45
528	69
529	37
530	16
531	15
532	6
533	24
534	59
535	67
536	75
537	7
538	51
539	69
540	38
541	8
542	19
543	69
544	28
545	45
546	86
547	72
548	26
549	62
550	57
551	16
552	21
553	16
554	34
555	84
556	69
557	7
558	1
559	74
560	27
561	49
562	9
563	55
564	84
565	50
566	7
567	16
568	60
569	71
570	4
571	62
572	6
573	21
574	66
575	30
576	7
577	19
578	50
579	29
580	44
581	33
582	20
583	1
584	33
585	7
586	9
587	42
588	61
589	89
590	6
591	85
592	28
593	60
594	51
595	49
596	38
597	73
598	36
599	84
600	31
601	15
602	8
603	65
604	11
605	68
606	4
607	43
608	42
609	24
610	31
611	2
612	45
613	11
614	74
615	62
616	77
617	24
618	62
619	15
620	2
621	6
622	5
623	51
624	10
625	3
626	54
627	63
628	54
629	48
630	41
631	49
632	27
633	6
634	6
635	83
636	57
637	69
638	2
639	36
640	43
641	55
642	34
643	43
644	4
645	39
646	40
647	85
648	7
649	31
650	38
651	31
652	38
653	78
654	69
655	85
656	59
657	54
658	82
659	66
660	5
661	15
662	9
663	22
664	37
665	10
666	36
667	32
668	26
669	44
670	20
671	70
672	83
673	30
674	6
675	43
676	34
677	9
678	76
679	17
680	17
681	54
682	28
683	38
684	77
685	65
686	18
687	79
688	88
689	5
690	13
691	3
692	54
693	47
694	12
695	78
696	32
697	37
698	3
699	44
700	32
701	52
702	27
703	47
704	48
705	6
706	46
707	31
708	37
709	32
710	75
711	24
712	49
713	2
714	86
715	87
716	74
717	4
718	36
719	81
720	48
721	37
722	81
723	80
724	40
725	73
726	26
727	8
728	15
729	80
730	55
731	2
732	20
733	51
734	44
735	34
736	56
737	34
738	87
739	72
740	45
741	41
742	44
743	33
744	3
745	10
746	66
747	65
748	36
749	6
750	11
751	31
752	4
753	46
754	80
755	12
756	6
757	19
758	86
759	41
760	6
761	29
762	15
763	8
764	43
765	36
766	58
767	89
768	37
769	22
770	35
771	8
772	11
773	70
774	23
775	40
776	15
777	76
778	5
779	9
780	26
781	3
782	89
783	3
784	32
785	38
786	82
787	38
788	37
789	44
790	1
791	36
792	10
793	10
794	36
795	47
796	4
797	18
798	78
799	78
800	49
801	26
802	36
803	86
804	33
805	7
806	40
807	7
808	31
809	6
810	73
811	16
812	4
813	46
814	23
815	5
816	61
817	55
818	30
819	76
820	11
821	58
822	68
823	2
824	62
825	55
826	83
827	33
828	1
829	12
830	1
831	26
832	4
833	8
834	76
835	36
836	25
837	42
838	38
839	87
840	52
841	51
842	20
843	39
844	42
845	55
846	11
847	38
848	23
849	27
850	42
851	87
852	21
853	83
854	20
855	55
856	9
857	73
858	10
859	40
860	85
861	52
862	28
863	11
864	33
865	30
866	60
867	31
868	64
869	1
870	55
871	6
872	7
873	17
874	6
875	81
876	85
877	55
878	58
879	14
880	29
881	82
882	30
883	72
884	63
885	27
886	22
887	31
888	11
889	79
890	43
891	59
892	19
893	27
894	4
895	82
896	42
897	64
898	37
899	54
900	57
901	54
902	16
903	55
904	10
905	69
906	46
907	87
908	11
909	77
910	19
911	9
912	32
913	41
914	53
915	57
916	36
917	59
918	82
919	39
920	38
921	9
922	23
923	23
924	51
925	55
926	15
927	5
928	67
929	11
930	15
931	67
932	17
933	22
934	42
935	18
936	20
937	14
938	36
939	6
940	69
941	37
942	60
943	3
944	55
945	37
946	4
947	30
948	44
949	14
950	61
951	54
952	59
953	71
954	63
955	2
956	30
957	17
958	1
959	76
960	24
961	43
962	28
963	42
964	3
965	18
966	54
967	74
968	43
969	60
970	42
971	75
972	48
973	1
974	16
975	87
976	27
977	53
978	84
979	86
980	86
981	4
982	39
983	1
984	52
985	78
986	50
987	74
988	50
989	20
990	4
991	12
992	76
993	58
994	30
995	8
996	21
997	51
998	7
999	63
1000	2
1001	48
1002	74
1003	31
1004	21
1005	62
1006	39
1007	26
1008	25
1009	58
1010	55
1011	64
1012	61
1013	84
1014	77
1015	22
1016	8
1017	21
1018	18
1019	77
1020	80
1021	6
1022	36
1023	60
1024	60
1025	4
1026	3
1027	65
1028	18
1029	56
1030	38
1031	57
1032	34
1033	32
1034	85
1035	2
1036	16
1037	26
1038	68
1039	31
1040	53
1041	35
1042	32
1043	69
1044	2
1045	60
1046	36
1047	9
1048	20
1049	29
1050	65
1051	35
1052	46
1053	2
1054	76
1055	5
1056	41
1057	15
1058	49
1059	73
1060	74
1061	74
1062	19
1063	28
1064	29
1065	47
1066	23
1067	47
1068	57
1069	20
1070	36
1071	3
1072	26
1073	64
1074	5
1075	47
1076	51
1077	65
1078	34
1079	50
1080	76
1081	37
1082	71
1083	62
1084	7
1085	11
1086	72
1087	70
1088	61
1089	6
1090	41
1091	26
1092	83
1093	33
1094	1
1095	77
1096	52
1097	16
1098	50
1099	16
1100	40
1101	35
1102	7
1103	35
1104	22
1105	29
1106	12
1107	36
1108	79
1109	5
1110	23
1111	76
1112	57
1113	21
1114	7
1115	42
1116	76
1117	20
1118	59
1119	80
1120	69
1121	83
1122	65
1123	66
1124	9
1125	27
1126	29
1127	49
1128	23
1129	9
1130	26
1131	31
1132	69
1133	10
1134	3
1135	17
1136	2
1137	7
1138	60
1139	2
1140	61
1141	20
1142	20
1143	62
1144	21
1145	46
1146	32
1147	70
1148	79
1149	47
1150	15
1151	46
1152	2
1153	85
1154	48
1155	52
1156	87
1157	4
1158	88
1159	66
1160	67
1161	44
1162	56
1163	61
1164	9
1165	10
1166	4
1167	23
1168	76
1169	13
1170	86
1171	59
1172	16
1173	22
1174	33
1175	29
1176	75
1177	45
1178	70
1179	82
1180	89
1181	9
1182	20
1183	31
1184	54
1185	27
1186	39
1187	15
1188	17
1189	47
1190	79
1191	48
1192	14
1193	13
1194	4
1195	17
1196	2
1197	59
1198	82
1199	27
1200	85
1201	17
1202	6
1203	72
1204	75
1205	8
1206	28
1207	34
1208	38
1209	10
1210	22
1211	33
1212	19
1213	52
1214	30
1215	84
1216	41
1217	26
1218	66
1219	63
1220	5
1221	71
1222	4
1223	29
1224	11
1225	81
1226	63
1227	23
1228	14
1229	32
1230	35
1231	48
1232	11
1233	54
1234	84
1235	78
1236	78
1237	57
1238	79
1239	51
1240	20
1241	18
1242	2
1243	11
1244	81
1245	38
1246	44
1247	22
1248	69
1249	23
1250	24
1251	9
1252	49
1253	58
1254	31
1255	73
1256	89
1257	47
1258	87
1259	65
1260	62
1261	54
1262	15
1263	5
1264	46
1265	31
1266	45
1267	22
1268	75
1269	21
1270	63
1271	4
1272	20
1273	44
1274	5
1275	73
1276	1
1277	88
1278	20
1279	38
1280	69
1281	10
1282	17
1283	29
1284	2
1285	31
1286	33
1287	67
1288	35
1289	22
1290	9
1291	18
1292	75
1293	73
1294	62
1295	31
1296	14
1297	72
1298	43
1299	57
1300	6
1301	36
1302	16
1303	12
1304	37
1305	52
1306	12
1307	64
1308	60
1309	85
1310	78
1311	22
1312	2
1313	4
1314	12
1315	78
1316	21
1317	33
1318	30
1319	26
1320	81
1321	71
1322	50
1323	78
1324	64
1325	28
1326	19
1327	20
1328	63
1329	79
1330	36
1331	51
1332	85
1333	78
1334	38
1335	16
1336	20
1337	57
1338	5
1339	13
1340	1
1341	2
1342	65
1343	71
1344	45
1345	63
1346	31
1347	31
1348	1
1349	19
1350	50
1351	34
1352	43
1353	55
1354	78
1355	79
1356	33
1357	41
1358	13
1359	30
1360	5
1361	78
1362	27
1363	24
1364	1
1365	80
1366	51
1367	36
1368	79
1369	61
1370	16
1371	83
1372	59
1373	48
1374	38
1375	58
1376	53
1377	24
1378	6
1379	37
1380	42
1381	19
1382	14
1383	71
1384	7
1385	10
1386	50
1387	10
1388	57
1389	24
1390	85
1391	68
1392	27
1393	5
1394	15
1395	69
1396	10
1397	69
1398	1
1399	24
1400	13
1401	17
1402	7
1403	61
1404	30
1405	52
1406	1
1407	63
1408	80
1409	89
1410	29
1411	37
1412	3
1413	17
1414	40
1415	50
1416	73
1417	6
1418	2
1419	40
1420	29
1421	8
1422	19
1423	81
1424	72
1425	2
1426	16
1427	29
1428	23
1429	78
1430	51
1431	83
1432	44
1433	21
1434	5
1435	68
1436	33
1437	9
1438	21
1439	11
1440	85
1441	23
1442	79
1443	84
1444	11
1445	72
1446	64
1447	38
1448	46
1449	47
1450	83
1451	22
1452	28
1453	6
1454	57
1455	39
1456	86
1457	20
1458	18
1459	25
1460	42
1461	57
1462	70
1463	65
1464	83
1465	53
1466	33
1467	83
1468	40
1469	30
1470	52
1471	8
1472	66
1473	43
1474	36
1475	54
1476	5
1477	7
1478	71
1479	40
1480	72
1481	1
1482	16
1483	22
1484	72
1485	15
1486	30
1487	14
1488	7
1489	23
1490	38
1491	12
1492	26
1493	69
1494	79
1495	18
1496	33
1497	1
1498	52
1499	57
1500	72
1501	14
1502	29
1503	23
1504	25
1505	68
1506	80
1507	50
1508	21
1509	57
1510	72
1511	6
1512	39
1513	75
1514	33
1515	28
1516	8
1517	29
1518	51
1519	69
1520	73
1521	24
1522	64
1523	78
1524	33
1525	14
1526	82
1527	74
1528	75
1529	19
1530	25
1531	13
1532	7
1533	5
1534	81
1535	10
1536	32
1537	53
1538	84
1539	17
1540	15
1541	73
1542	3
1543	12
1544	9
1545	15
1546	19
1547	32
1548	52
1549	34
1550	69
1551	32
1552	13
1553	22
1554	27
1555	59
1556	75
1557	6
1558	22
1559	37
1560	8
1561	85
1562	4
1563	48
1564	49
1565	46
1566	43
1567	78
1568	35
1569	49
1570	2
1571	9
1572	64
1573	56
1574	52
1575	78
1576	11
1577	25
1578	53
1579	42
1580	1
1581	30
1582	27
1583	8
1584	82
1585	6
1586	70
1587	64
1588	87
1589	23
1590	52
1591	34
1592	20
1593	67
1594	72
1595	39
1596	47
1597	9
1598	2
1599	1
1600	19
1601	1
1602	24
1603	32
1604	6
1605	21
1606	42
1607	30
1608	30
1609	10
1610	1
1611	8
1612	45
1613	70
1614	71
1615	4
1616	83
1617	24
1618	29
1619	13
1620	13
1621	67
1622	2
1623	7
1624	18
1625	44
1626	25
1627	16
1628	20
1629	23
1630	30
1631	11
1632	27
1633	31
1634	10
1635	25
1636	86
1637	24
1638	47
1639	8
1640	61
1641	59
1642	22
1643	2
1644	21
1645	40
1646	35
1647	11
1648	89
1649	27
1650	71
1651	29
1652	50
1653	14
1654	13
1655	72
1656	3
1657	8
1658	10
1659	51
1660	50
1661	5
1662	10
1663	2
1664	26
1665	49
1666	8
1667	89
1668	74
1669	15
1670	82
1671	18
1672	24
1673	63
1674	11
1675	44
1676	42
1677	63
1678	77
1679	62
1680	22
1681	12
1682	52
1683	58
1684	22
1685	31
1686	84
1687	27
1688	13
1689	11
1690	15
1691	45
1692	49
1693	42
1694	21
1695	58
1696	5
1697	43
1698	7
1699	11
1700	27
1701	2
1702	68
1703	70
1704	20
1705	13
1706	28
1707	6
1708	3
1709	31
1710	72
1711	7
1712	17
1713	72
1714	1
1715	36
1716	85
1717	71
1718	26
1719	12
1720	27
1721	50
1722	59
1723	53
1724	1
1725	80
1726	47
1727	63
1728	20
1729	26
1730	63
1731	37
1732	16
1733	34
1734	68
1735	37
1736	59
1737	28
1738	17
1739	68
1740	35
1741	36
1742	88
1743	27
1744	61
1745	70
1746	18
1747	29
1748	14
1749	3
1750	86
1751	32
1752	80
1753	10
1754	75
1755	62
1756	64
1757	38
1758	81
1759	1
1760	19
1761	43
1762	12
1763	16
1764	21
1765	37
1766	71
1767	1
1768	52
1769	24
1770	8
1771	6
1772	4
1773	7
1774	28
1775	88
1776	13
1777	83
1778	39
1779	13
1780	2
1781	1
1782	86
1783	55
1784	4
1785	42
1786	13
1787	16
1788	78
1789	22
1790	9
1791	67
1792	84
1793	17
1794	5
1795	22
1796	3
1797	65
1798	1
1799	56
1800	53
1801	69
1802	22
1803	80
1804	79
1805	11
1806	86
1807	17
1808	66
1809	47
1810	21
1811	58
1812	68
1813	86
1814	2
1815	60
1816	34
1817	39
1818	85
1819	5
1820	86
1821	71
1822	8
1823	30
1824	1
1825	51
1826	13
1827	44
1828	18
1829	52
1830	44
1831	18
1832	5
1833	25
1834	77
1835	26
1836	5
1837	36
1838	6
1839	61
1840	12
1841	19
1842	9
1843	29
1844	48
1845	14
1846	26
1847	12
1848	88
1849	51
1850	64
1851	55
1852	22
1853	56
1854	45
1855	6
1856	50
1857	25
1858	39
1859	27
1860	33
1861	33
1862	1
1863	18
1864	65
1865	4
1866	4
1867	7
1868	69
1869	58
1870	58
1871	24
1872	24
1873	26
1874	67
1875	19
1876	80
1877	26
1878	28
1879	10
1880	46
1881	14
1882	49
1883	14
1884	34
1885	20
1886	70
1887	3
1888	43
1889	8
1890	54
1891	17
1892	8
1893	17
1894	35
1895	83
1896	44
1897	22
1898	28
1899	5
1900	31
1901	5
1902	65
1903	10
1904	2
1905	49
1906	16
1907	34
1908	20
1909	5
1910	56
1911	4
1912	73
1913	32
1914	34
1915	48
1916	38
1917	86
1918	8
1919	88
1920	16
1921	10
1922	83
1923	88
1924	2
1925	32
1926	15
1927	7
1928	10
1929	78
1930	61
1931	19
1932	75
1933	15
1934	21
1935	56
1936	17
1937	42
1938	52
1939	48
1940	16
1941	9
1942	45
1943	42
1944	15
1945	43
1946	19
1947	66
1948	52
1949	3
1950	41
1951	49
1952	88
1953	40
1954	30
1955	60
1956	77
1957	35
1958	10
1959	54
1960	4
1961	26
1962	29
1963	34
1964	77
1965	6
1966	49
1967	17
1968	17
1969	87
1970	10
1971	71
1972	54
1973	81
1974	19
1975	42
1976	46
1977	17
1978	31
1979	38
1980	21
1981	17
1982	23
1983	29
1984	73
1985	10
1986	61
1987	80
1988	28
1989	1
1990	26
1991	59
1992	36
1993	40
1994	12
1995	4
1996	14
1997	6
1998	87
1999	25
2000	24
2001	17
2002	6
2003	8
2004	37
2005	73
2006	68
2007	10
2008	71
2009	36
2010	18
2011	5
2012	29
2013	20
2014	33
2015	34
2016	2
2017	27
2018	13
2019	5
2020	22
2021	12
2022	51
2023	66
2024	2
2025	12
2026	50
2027	67
2028	29
2029	23
2030	60
2031	7
2032	14
2033	24
2034	5
2035	33
2036	14
2037	34
2038	8
2039	46
2040	26
2041	9
2042	70
2043	29
2044	83
2045	28
2046	32
2047	87
2048	15
2049	89
2050	4
2051	39
2052	14
2053	67
2054	11
2055	7
2056	32
2057	32
2058	19
2059	67
2060	24
2061	40
2062	34
2063	4
2064	66
2065	41
2066	68
2067	67
2068	63
2069	15
2070	82
2071	8
2072	89
2073	2
2074	53
2075	55
2076	34
2077	9
2078	25
2079	1
2080	6
2081	39
2082	40
2083	74
2084	4
2085	42
2086	80
2087	7
2088	13
2089	29
2090	10
2091	34
2092	38
2093	44
2094	41
2095	49
2096	28
2097	79
2098	3
2099	88
2100	54
2101	2
2102	70
2103	55
2104	26
2105	22
2106	57
2107	29
2108	81
2109	16
2110	43
2111	78
2112	9
2113	74
2114	40
2115	24
2116	6
2117	79
2118	1
2119	76
2120	45
2121	53
2122	38
2123	86
2124	57
2125	84
2126	71
2127	49
2128	59
2129	80
2130	76
2131	3
2132	10
2133	36
2134	3
2135	12
2136	67
2137	11
2138	15
2139	11
2140	47
2141	6
2142	26
2143	76
2144	23
2145	23
2146	47
2147	8
2148	79
2149	41
2150	24
2151	47
2152	17
2153	2
2154	54
2155	59
2156	82
2157	16
2158	12
2159	61
2160	44
2161	2
2162	3
2163	87
2164	2
2165	3
2166	16
2167	49
2168	6
2169	79
2170	37
2171	1
2172	46
2173	37
2174	73
2175	84
2176	19
2177	67
2178	1
2179	39
2180	26
2181	61
2182	31
2183	69
2184	62
2185	5
2186	17
2187	27
2188	41
2189	80
2190	77
2191	35
2192	17
2193	65
2194	61
2195	6
2196	86
2197	81
2198	5
2199	12
2200	52
2201	38
2202	67
2203	36
2204	50
2205	74
2206	62
2207	36
2208	14
2209	38
2210	82
2211	14
2212	31
2213	15
2214	17
2215	23
2216	5
2217	22
2218	41
2219	24
2220	32
2221	8
2222	46
2223	37
2224	80
2225	23
2226	32
2227	70
2228	17
2229	39
2230	68
2231	27
2232	44
2233	42
2234	4
2235	37
2236	23
2237	37
2238	25
2239	4
2240	42
2241	1
2242	6
2243	46
2244	15
2245	32
2246	7
2247	26
2248	10
2249	38
2250	29
2251	54
2252	1
2253	60
2254	76
2255	55
2256	5
2257	87
2258	25
2259	48
2260	53
2261	83
2262	26
2263	24
2264	62
2265	16
2266	2
2267	58
2268	46
2269	53
2270	28
2271	88
2272	15
2273	24
2274	45
2275	5
2276	50
2277	73
2278	78
2279	18
2280	88
2281	31
2282	37
2283	9
2284	61
2285	55
2286	1
2287	7
2288	4
2289	25
2290	25
2291	47
2292	12
2293	10
2294	56
2295	58
2296	79
2297	88
2298	9
2299	80
2300	2
2301	2
2302	28
2303	65
2304	44
2305	4
2306	43
2307	3
2308	14
2309	78
2310	43
2311	62
2312	48
2313	43
2314	1
2315	12
2316	1
2317	56
2318	6
2319	33
2320	74
2321	20
2322	16
2323	62
2324	5
2325	24
2326	80
2327	4
2328	53
2329	84
2330	20
2331	43
2332	2
2333	10
2334	73
2335	87
2336	65
2337	80
2338	84
2339	47
2340	53
2341	13
2342	12
2343	52
2344	77
2345	14
2346	12
2347	33
2348	8
2349	14
2350	84
2351	42
2352	55
2353	35
2354	43
2355	67
2356	89
2357	9
2358	38
2359	79
2360	17
2361	18
2362	9
2363	24
2364	49
2365	64
2366	21
2367	31
2368	13
2369	74
2370	14
2371	2
2372	45
2373	81
2374	58
2375	23
2376	15
2377	33
2378	5
2379	54
2380	4
2381	63
2382	10
2383	7
2384	44
2385	88
2386	2
2387	21
2388	1
2389	13
2390	5
2391	10
2392	57
2393	16
2394	23
2395	53
2396	81
2397	68
2398	19
2399	7
2400	48
2401	63
2402	45
2403	80
2404	37
2405	54
2406	20
2407	46
2408	83
2409	50
2410	31
2411	28
2412	67
2413	50
2414	56
2415	31
2416	12
2417	58
2418	60
2419	7
2420	33
2421	62
2422	45
2423	73
2424	1
2425	3
2426	37
2427	88
2428	9
2429	42
2430	50
2431	69
2432	45
2433	5
2434	56
2435	56
2436	45
2437	33
2438	76
2439	2
2440	16
2441	79
2442	24
2443	31
2444	56
2445	18
2446	88
2447	46
2448	61
2449	25
2450	30
2451	53
2452	43
2453	80
2454	3
2455	46
2456	81
2457	83
2458	66
2459	58
2460	5
2461	1
2462	37
2463	18
2464	58
2465	25
2466	26
2467	41
2468	36
2469	40
2470	8
2471	31
2472	6
2473	26
2474	3
2475	40
2476	38
2477	7
2478	87
2479	11
2480	45
2481	69
2482	63
2483	30
2484	12
2485	43
2486	3
2487	18
2488	30
2489	48
2490	33
2491	60
2492	54
2493	74
2494	67
2495	59
2496	9
2497	8
2498	6
2499	52
2500	33
2501	2
2502	13
2503	3
2504	32
2505	51
2506	42
2507	9
2508	6
2509	79
2510	15
2511	41
2512	50
2513	66
2514	69
2515	28
2516	19
2517	25
2518	14
2519	87
2520	14
2521	58
2522	21
2523	68
2524	12
2525	5
2526	69
2527	73
2528	68
2529	39
2530	11
2531	11
2532	87
2533	65
2534	20
2535	19
2536	55
2537	2
2538	31
2539	41
2540	30
2541	85
2542	81
2543	4
2544	81
2545	44
2546	15
2547	46
2548	10
2549	18
2550	29
2551	3
2552	10
2553	56
2554	21
2555	4
2556	79
2557	11
2558	2
2559	36
2560	16
2561	4
2562	49
2563	22
2564	74
2565	14
2566	12
2567	74
2568	29
2569	10
2570	56
2571	25
2572	23
2573	13
2574	73
2575	38
2576	4
2577	1
2578	45
2579	10
2580	1
2581	24
2582	75
2583	60
2584	74
2585	22
2586	59
2587	21
2588	87
2589	21
2590	63
2591	10
2592	88
2593	12
2594	53
2595	17
2596	9
2597	75
2598	56
2599	41
2600	64
2601	82
2602	40
2603	13
2604	11
2605	9
2606	15
2607	15
2608	61
2609	79
2610	55
2611	52
2612	72
2613	7
2614	53
2615	77
2616	74
2617	7
2618	76
2619	66
2620	31
2621	72
2622	49
2623	18
2624	28
2625	4
2626	33
2627	43
2628	65
2629	23
2630	8
2631	3
2632	80
2633	17
2634	12
2635	75
2636	38
2637	1
2638	19
2639	18
2640	72
2641	34
2642	9
2643	80
2644	8
2645	15
2646	37
2647	10
2648	6
2649	4
2650	71
2651	71
2652	2
2653	13
2654	74
2655	14
2656	12
2657	27
2658	64
2659	14
2660	19
2661	78
2662	9
2663	1
2664	4
2665	39
2666	9
2667	89
2668	51
2669	44
2670	40
2671	34
2672	44
2673	63
2674	80
2675	16
2676	15
2677	16
2678	63
2679	55
2680	29
2681	6
2682	65
2683	13
2684	6
2685	64
2686	50
2687	3
2688	44
2689	69
2690	4
2691	2
2692	7
2693	87
2694	22
2695	48
2696	15
2697	61
2698	18
2699	11
2700	54
2701	52
2702	23
2703	42
2704	14
2705	28
2706	33
2707	54
2708	57
2709	3
2710	25
2711	34
2712	33
2713	79
2714	80
2715	53
2716	74
2717	29
2718	45
2719	84
2720	32
2721	41
2722	40
2723	62
2724	63
2725	2
2726	82
2727	34
2728	26
2729	13
2730	44
2731	20
2732	21
2733	4
2734	3
2735	83
2736	10
2737	86
2738	75
2739	4
2740	81
2741	49
2742	20
2743	1
2744	3
2745	23
2746	41
2747	23
2748	9
2749	3
2750	13
2751	18
2752	4
2753	88
2754	47
2755	32
2756	38
2757	44
2758	7
2759	72
2760	43
2761	12
2762	32
2763	17
2764	28
2765	4
2766	36
2767	17
2768	69
2769	57
2770	8
2771	71
2772	16
2773	17
2774	73
2775	3
2776	65
2777	58
2778	22
2779	84
2780	32
2781	10
2782	12
2783	15
2784	86
2785	12
2786	34
2787	26
2788	48
2789	23
2790	57
2791	58
2792	1
2793	71
2794	21
2795	27
2796	18
2797	15
2798	64
2799	43
2800	12
2801	84
2802	19
2803	65
2804	45
2805	21
2806	19
2807	81
2808	3
2809	31
2810	29
2811	13
2812	34
2813	87
2814	51
2815	35
2816	72
2817	70
2818	41
2819	1
2820	8
2821	51
2822	3
2823	35
2824	50
2825	83
2826	82
2827	38
2828	61
2829	29
2830	53
2831	14
2832	73
2833	9
2834	70
2835	88
2836	71
2837	56
2838	49
2839	13
2840	5
2841	9
2842	43
2843	55
2844	24
2845	53
2846	25
2847	49
2848	62
2849	6
2850	3
2851	9
2852	8
2853	27
2854	5
2855	11
2856	16
2857	55
2858	83
2859	7
2860	82
2861	40
2862	9
2863	2
2864	16
2865	15
2866	65
2867	56
2868	55
2869	23
2870	59
2871	10
2872	10
2873	7
2874	37
2875	16
2876	26
2877	58
2878	37
2879	16
2880	61
2881	78
2882	7
2883	38
2884	79
2885	15
2886	47
2887	34
2888	18
2889	7
2890	11
2891	44
2892	22
2893	21
2894	19
2895	64
2896	53
2897	40
2898	87
2899	21
2900	71
2901	36
2902	27
2903	29
2904	35
2905	72
2906	17
2907	48
2908	43
2909	71
2910	33
2911	24
2912	33
2913	44
2914	21
2915	84
2916	48
2917	35
2918	13
2919	57
2920	3
2921	10
2922	19
2923	83
2924	57
2925	6
2926	74
2927	40
2928	78
2929	88
2930	62
2931	10
2932	17
2933	64
2934	45
2935	10
2936	6
2937	72
2938	55
2939	1
2940	6
2941	7
2942	64
2943	80
2944	28
2945	2
2946	27
2947	47
2948	84
2949	2
2950	59
2951	48
2952	60
2953	25
2954	51
2955	2
2956	28
2957	65
2958	68
2959	52
2960	49
2961	21
2962	25
2963	82
2964	50
2965	8
2966	11
2967	41
2968	12
2969	5
2970	8
2971	7
2972	21
2973	25
2974	83
2975	14
2976	52
2977	12
2978	31
2979	59
2980	25
2981	3
2982	44
2983	62
2984	47
2985	8
2986	72
2987	73
2988	16
2989	39
2990	35
2991	8
2992	19
2993	71
2994	13
2995	24
2996	35
2997	70
2998	36
2999	10
3000	52
3001	65
3002	43
3003	1
3004	68
3005	19
3006	35
3007	63
3008	3
3009	17
3010	6
3011	75
3012	7
3013	19
3014	35
3015	47
3016	2
3017	6
3018	64
3019	28
3020	85
3021	49
3022	89
3023	61
3024	3
3025	15
3026	30
3027	15
3028	25
3029	21
3030	38
3031	67
3032	26
3033	22
3034	37
3035	4
3036	11
3037	9
3038	58
3039	68
3040	14
3041	84
3042	74
3043	41
3044	32
3045	21
3046	31
3047	50
3048	23
3049	19
3050	74
3051	77
3052	70
3053	7
3054	39
3055	27
3056	64
3057	60
3058	84
3059	50
3060	77
3061	38
3062	6
3063	57
3064	53
3065	76
3066	68
3067	4
3068	1
3069	31
3070	34
3071	85
3072	61
3073	3
3074	75
3075	14
3076	6
3077	32
3078	12
3079	37
3080	89
3081	51
3082	44
3083	82
3084	16
3085	47
3086	48
3087	55
3088	7
3089	30
3090	29
3091	42
3092	13
3093	52
3094	22
3095	38
3096	1
3097	3
3098	14
3099	48
3100	1
3101	10
3102	23
3103	58
3104	30
3105	39
3106	53
3107	88
3108	26
3109	13
3110	50
3111	2
3112	10
3113	78
3114	32
3115	24
3116	11
3117	9
3118	1
3119	5
3120	42
3121	59
3122	20
3123	64
3124	62
3125	53
3126	30
3127	62
3128	52
3129	37
3130	10
3131	46
3132	72
3133	3
3134	27
3135	63
3136	41
3137	67
3138	13
3139	50
3140	29
3141	12
3142	35
3143	54
3144	5
3145	57
3146	68
3147	1
3148	38
3149	32
3150	61
3151	14
3152	8
3153	41
3154	70
3155	9
3156	13
3157	52
3158	88
3159	19
3160	82
3161	4
3162	51
3163	14
3164	75
3165	43
3166	28
3167	7
3168	57
3169	5
3170	35
3171	4
3172	54
3173	71
3174	32
3175	15
3176	4
3177	87
3178	28
3179	68
3180	86
3181	41
3182	53
3183	75
3184	18
3185	58
3186	85
3187	48
3188	32
3189	33
3190	54
3191	8
3192	11
3193	17
3194	66
3195	13
3196	25
3197	21
3198	1
3199	11
3200	50
3201	30
3202	18
3203	13
3204	48
3205	4
3206	41
3207	53
3208	65
3209	18
3210	52
3211	12
3212	64
3213	41
3214	38
3215	23
3216	4
3217	32
3218	17
3219	72
3220	21
3221	3
3222	7
3223	3
3224	51
3225	3
3226	30
3227	47
3228	86
3229	25
3230	12
3231	49
3232	79
3233	26
3234	8
3235	43
3236	17
3237	24
3238	33
3239	66
3240	18
3241	35
3242	69
3243	82
3244	25
3245	14
3246	23
3247	27
3248	25
3249	74
3250	5
3251	50
3252	59
3253	74
3254	42
3255	27
3256	40
3257	4
3258	23
3259	39
3260	47
3261	20
3262	24
3263	21
3264	73
3265	73
3266	40
3267	14
3268	22
3269	40
3270	85
3271	75
3272	45
3273	6
3274	3
3275	1
3276	4
3277	7
3278	61
3279	47
3280	25
3281	30
3282	4
3283	29
3284	2
3285	34
3286	40
3287	61
3288	69
3289	41
3290	64
3291	78
3292	21
3293	22
3294	58
3295	25
3296	60
3297	7
3298	5
3299	78
3300	47
3301	19
3302	59
3303	39
3304	27
3305	48
3306	1
3307	25
3308	36
3309	84
3310	2
3311	25
3312	60
3313	34
3314	45
3315	56
3316	9
3317	86
3318	67
3319	1
3320	41
3321	29
3322	5
3323	44
3324	44
3325	45
3326	38
3327	20
3328	42
3329	4
3330	6
3331	33
3332	2
3333	81
3334	50
3335	30
3336	45
3337	23
3338	10
3339	76
3340	23
3341	83
3342	1
3343	8
3344	75
3345	8
3346	7
3347	78
3348	16
3349	2
3350	18
3351	4
3352	23
3353	2
3354	31
3355	7
3356	20
3357	29
3358	16
3359	66
3360	12
3361	11
3362	77
3363	61
3364	66
3365	4
3366	6
3367	1
3368	60
3369	23
3370	65
3371	7
3372	84
3373	47
3374	67
3375	36
3376	12
3377	2
3378	73
3379	10
3380	7
3381	81
3382	14
3383	86
3384	33
3385	49
3386	33
3387	30
3388	88
3389	2
3390	60
3391	28
3392	21
3393	85
3394	22
3395	22
3396	45
3397	89
3398	29
3399	38
3400	27
3401	13
3402	87
3403	8
3404	29
3405	76
3406	24
3407	89
3408	74
3409	53
3410	67
3411	62
3412	74
3413	17
3414	18
3415	79
3416	36
3417	36
3418	25
3419	28
3420	9
3421	43
3422	9
3423	89
3424	36
3425	6
3426	41
3427	36
3428	2
3429	66
3430	64
3431	1
3432	62
3433	65
3434	89
3435	30
3436	20
3437	71
3438	39
3439	75
3440	28
3441	9
3442	5
3443	20
3444	32
3445	17
3446	10
3447	25
3448	22
3449	27
3450	58
3451	43
3452	41
3453	77
3454	28
3455	38
3456	2
3457	21
3458	20
3459	54
3460	81
3461	27
3462	21
3463	17
3464	83
3465	11
3466	7
3467	4
3468	83
3469	11
3470	28
3471	36
3472	23
3473	64
3474	89
3475	50
3476	6
3477	39
3478	37
3479	36
3480	1
3481	47
3482	15
3483	76
3484	49
3485	61
3486	63
3487	43
3488	37
3489	5
3490	81
3491	57
3492	33
3493	13
3494	4
3495	79
3496	14
3497	1
3498	52
3499	8
3500	33
3501	8
3502	9
3503	27
3504	70
3505	14
3506	34
3507	18
3508	34
3509	20
3510	46
3511	56
3512	1
3513	44
3514	40
3515	87
3516	1
3517	63
3518	16
3519	46
3520	38
3521	8
3522	76
3523	12
3524	48
3525	50
3526	30
3527	14
3528	16
3529	15
3530	34
3531	35
3532	11
3533	21
3534	70
3535	26
3536	10
3537	48
3538	18
3539	63
3540	21
3541	58
3542	38
3543	62
3544	56
3545	45
3546	51
3547	2
3548	28
3549	6
3550	75
3551	43
3552	53
3553	24
3554	64
3555	48
3556	26
3557	1
3558	82
3559	18
3560	50
3561	44
3562	77
3563	89
3564	2
3565	66
3566	31
3567	1
3568	60
3569	59
3570	44
3571	45
3572	25
3573	16
3574	77
3575	45
3576	38
3577	24
3578	14
3579	26
3580	9
3581	6
3582	7
3583	35
3584	82
3585	46
3586	36
3587	42
3588	18
3589	38
3590	43
3591	54
3592	16
3593	84
3594	27
3595	10
3596	29
3597	75
3598	13
3599	71
3600	13
3601	3
3602	12
3603	13
3604	38
3605	71
3606	35
3607	52
3608	56
3609	46
3610	1
3611	77
3612	3
3613	12
3614	48
3615	24
3616	80
3617	15
3618	41
3619	11
3620	89
3621	45
3622	9
3623	7
3624	49
3625	69
3626	24
3627	7
3628	40
3629	32
3630	25
3631	5
3632	35
3633	3
3634	62
3635	66
3636	14
3637	65
3638	42
3639	44
3640	78
3641	16
3642	24
3643	5
3644	39
3645	77
3646	75
3647	55
3648	79
3649	42
3650	20
3651	75
3652	14
3653	10
3654	71
3655	25
3656	61
3657	54
3658	1
3659	59
3660	21
3661	42
3662	20
3663	2
3664	31
3665	30
3666	50
3667	87
3668	59
3669	20
3670	66
3671	3
3672	65
3673	27
3674	74
3675	40
3676	5
3677	27
3678	73
3679	9
3680	54
3681	19
3682	29
3683	66
3684	70
3685	49
3686	76
3687	11
3688	55
3689	12
3690	19
3691	17
3692	2
3693	57
3694	69
3695	4
3696	89
3697	9
3698	1
3699	34
3700	9
3701	69
3702	3
3703	15
3704	61
3705	3
3706	71
3707	57
3708	21
3709	19
3710	63
3711	18
3712	6
3713	77
3714	46
3715	41
3716	3
3717	39
3718	26
3719	39
3720	66
3721	47
3722	65
3723	50
3724	27
3725	39
3726	8
3727	6
3728	22
3729	28
3730	58
3731	21
3732	7
3733	3
3734	6
3735	57
3736	35
3737	28
3738	44
3739	2
3740	11
3741	32
3742	20
3743	54
3744	23
3745	4
3746	14
3747	79
3748	86
3749	79
3750	64
3751	9
3752	76
3753	11
3754	21
3755	19
3756	31
3757	25
3758	36
3759	41
3760	63
3761	52
3762	4
3763	33
3764	68
3765	56
3766	47
3767	12
3768	14
3769	72
3770	18
3771	41
3772	55
3773	11
3774	45
3775	81
3776	61
3777	21
3778	89
3779	64
3780	41
3781	48
3782	46
3783	16
3784	14
3785	8
3786	28
3787	1
3788	35
3789	44
3790	66
3791	24
3792	21
3793	48
3794	54
3795	11
3796	9
3797	39
3798	45
3799	70
3800	14
3801	35
3802	88
3803	12
3804	22
3805	55
3806	47
3807	14
3808	3
3809	55
3810	72
3811	11
3812	82
3813	9
3814	8
3815	14
3816	22
3817	64
3818	31
3819	10
3820	41
3821	11
3822	40
3823	50
3824	70
3825	39
3826	30
3827	19
3828	43
3829	6
3830	16
3831	63
3832	67
3833	32
3834	12
3835	4
3836	33
3837	35
3838	11
3839	72
3840	32
3841	86
3842	6
3843	35
3844	9
3845	13
3846	15
3847	22
3848	75
3849	51
3850	54
3851	12
3852	44
3853	70
3854	35
3855	56
3856	31
3857	1
3858	26
3859	24
3860	34
3861	75
3862	21
3863	20
3864	37
3865	39
3866	5
3867	83
3868	35
3869	40
3870	51
3871	76
3872	81
3873	76
3874	75
3875	23
3876	9
3877	4
3878	18
3879	12
3880	19
3881	58
3882	17
3883	53
3884	88
3885	28
3886	24
3887	10
3888	15
3889	42
3890	25
3891	75
3892	39
3893	67
3894	41
3895	49
3896	48
3897	1
3898	81
3899	74
3900	89
3901	68
3902	75
3903	28
3904	48
3905	49
3906	86
3907	69
3908	20
3909	65
3910	26
3911	35
3912	23
3913	9
3914	18
3915	11
3916	65
3917	19
3918	82
3919	41
3920	59
3921	48
3922	7
3923	18
3924	54
3925	88
3926	82
3927	17
3928	23
3929	32
3930	40
3931	11
3932	66
3933	54
3934	34
3935	12
3936	17
3937	10
3938	67
3939	58
3940	58
3941	56
3942	43
3943	67
3944	67
3945	71
3946	84
3947	85
3948	29
3949	6
3950	5
3951	19
3952	28
3953	50
3954	33
3955	2
3956	87
3957	66
3958	72
3959	1
3960	23
3961	31
3962	9
3963	20
3964	22
3965	4
3966	28
3967	1
3968	19
3969	83
3970	26
3971	56
3972	69
3973	3
3974	37
3975	61
3976	52
3977	89
3978	4
3979	13
3980	31
3981	6
3982	31
3983	24
3984	45
3985	17
3986	57
3987	66
3988	30
3989	20
3990	43
3991	45
3992	19
3993	46
3994	26
3995	5
3996	28
3997	29
3998	28
3999	53
4000	52
4001	15
4002	28
4003	20
4004	3
4005	8
4006	32
4007	20
4008	48
4009	53
4010	29
4011	18
4012	5
4013	74
4014	51
4015	8
4016	16
4017	6
4018	38
4019	3
4020	62
4021	56
4022	44
4023	20
4024	10
4025	35
4026	10
4027	29
4028	81
4029	65
4030	25
4031	19
4032	83
4033	17
4034	51
4035	41
4036	43
4037	46
4038	11
4039	26
4040	60
4041	63
4042	70
4043	61
4044	13
4045	64
4046	62
4047	11
4048	3
4049	40
4050	13
4051	17
4052	89
4053	31
4054	67
4055	59
4056	12
4057	35
4058	72
4059	18
4060	35
4061	51
4062	19
4063	82
4064	5
4065	85
4066	42
4067	39
4068	86
4069	25
4070	17
4071	41
4072	43
4073	10
4074	10
4075	13
4076	46
4077	3
4078	52
4079	4
4080	42
4081	41
4082	48
4083	70
4084	20
4085	40
4086	4
4087	11
4088	82
4089	79
4090	41
4091	27
4092	77
4093	65
4094	55
4095	19
4096	8
4097	12
4098	30
4099	85
4100	30
4101	80
4102	4
4103	63
4104	82
4105	38
4106	21
4107	11
4108	88
4109	38
4110	10
4111	4
4112	16
4113	44
4114	22
4115	34
4116	27
4117	86
4118	2
4119	72
4120	14
4121	49
4122	51
4123	3
4124	81
4125	7
4126	51
4127	88
4128	81
4129	78
4130	5
4131	25
4132	8
4133	27
4134	6
4135	20
4136	60
4137	53
4138	47
4139	20
4140	88
4141	67
4142	49
4143	85
4144	41
4145	64
4146	24
4147	45
4148	39
4149	86
4150	64
4151	39
4152	37
4153	57
4154	35
4155	5
4156	17
4157	21
4158	10
4159	48
4160	18
4161	20
4162	63
4163	24
4164	23
4165	11
4166	34
4167	39
4168	10
4169	22
4170	16
4171	53
4172	73
4173	21
4174	60
4175	15
4176	1
4177	21
4178	1
4179	7
4180	12
4181	27
4182	42
4183	39
4184	80
4185	29
4186	40
4187	16
4188	9
4189	14
4190	62
4191	25
4192	47
4193	13
4194	52
4195	48
4196	4
4197	18
4198	18
4199	55
4200	68
4201	5
4202	46
4203	87
4204	5
4205	51
4206	76
4207	5
4208	53
4209	70
4210	15
4211	41
4212	51
4213	23
4214	34
4215	11
4216	69
4217	48
4218	37
4219	74
4220	49
4221	53
4222	45
4223	39
4224	35
4225	24
4226	2
4227	13
4228	8
4229	22
4230	19
4231	42
4232	77
4233	16
4234	19
4235	58
4236	17
4237	3
4238	1
4239	55
4240	8
4241	6
4242	8
4243	6
4244	40
4245	85
4246	2
4247	45
4248	86
4249	60
4250	23
4251	30
4252	24
4253	31
4254	83
4255	50
4256	65
4257	24
4258	24
4259	29
4260	5
4261	77
4262	29
4263	28
4264	69
4265	30
4266	2
4267	50
4268	36
4269	13
4270	1
4271	40
4272	11
4273	21
4274	10
4275	27
4276	8
4277	37
4278	2
4279	25
4280	36
4281	15
4282	31
4283	26
4284	59
4285	70
4286	48
4287	53
4288	47
4289	60
4290	27
4291	12
4292	6
4293	68
4294	1
4295	59
4296	80
4297	71
4298	28
4299	73
4300	28
4301	24
4302	32
4303	35
4304	51
4305	14
4306	15
4307	53
4308	47
4309	56
4310	31
4311	54
4312	78
4313	85
4314	47
4315	27
4316	17
4317	12
4318	41
4319	73
4320	22
4321	26
4322	34
4323	4
4324	31
4325	72
4326	26
4327	71
4328	30
4329	10
4330	16
4331	10
4332	22
4333	53
4334	72
4335	66
4336	2
4337	37
4338	7
4339	77
4340	11
4341	67
4342	32
4343	55
4344	27
4345	13
4346	24
4347	77
4348	3
4349	46
4350	7
4351	17
4352	87
4353	15
4354	32
4355	8
4356	4
4357	13
4358	9
4359	35
4360	8
4361	23
4362	51
4363	2
4364	56
4365	44
4366	8
4367	68
4368	47
4369	52
4370	60
4371	20
4372	24
4373	87
4374	9
4375	55
4376	59
4377	49
4378	20
4379	63
4380	70
4381	86
4382	7
4383	18
4384	67
4385	22
4386	12
4387	26
4388	7
4389	36
4390	5
4391	7
4392	60
4393	17
4394	89
4395	79
4396	39
4397	57
4398	49
4399	76
4400	54
4401	25
4402	11
4403	5
4404	13
4405	52
4406	53
4407	44
4408	70
4409	5
4410	11
4411	67
4412	18
4413	22
4414	5
4415	57
4416	75
4417	66
4418	74
4419	6
4420	3
4421	78
4422	22
4423	63
4424	61
4425	45
4426	70
4427	42
4428	70
4429	64
4430	18
4431	42
4432	3
4433	17
4434	36
4435	6
4436	43
4437	15
4438	41
4439	46
4440	23
4441	46
4442	27
4443	11
4444	14
4445	79
4446	26
4447	25
4448	2
4449	61
4450	4
4451	19
4452	22
4453	49
4454	38
4455	22
4456	2
4457	32
4458	32
4459	43
4460	33
4461	53
4462	32
4463	53
4464	22
4465	80
4466	75
4467	59
4468	19
4469	26
4470	7
4471	56
4472	30
4473	64
4474	68
4475	70
4476	4
4477	34
4478	30
4479	18
4480	4
4481	70
4482	9
4483	9
4484	72
4485	19
4486	9
4487	35
4488	45
4489	9
4490	64
4491	21
4492	11
4493	89
4494	15
4495	81
4496	24
4497	71
4498	55
4499	3
4500	76
4501	5
4502	20
4503	72
4504	56
4505	63
4506	76
4507	18
4508	17
4509	15
4510	38
4511	89
4512	55
4513	12
4514	37
4515	20
4516	60
4517	74
4518	46
4519	14
4520	13
4521	32
4522	19
4523	22
4524	69
4525	76
4526	12
4527	49
4528	26
4529	81
4530	5
4531	13
4532	47
4533	69
4534	73
4535	65
4536	79
4537	10
4538	71
4539	14
4540	62
4541	72
4542	20
4543	6
4544	65
4545	5
4546	47
4547	39
4548	61
4549	31
4550	8
4551	59
4552	3
4553	10
4554	62
4555	25
4556	47
4557	23
4558	80
4559	40
4560	58
4561	5
4562	5
4563	15
4564	4
4565	7
4566	66
4567	42
4568	18
4569	76
4570	40
4571	88
4572	40
4573	6
4574	89
4575	3
4576	65
4577	51
4578	70
4579	48
4580	58
4581	3
4582	22
4583	84
4584	32
4585	13
4586	20
4587	9
4588	8
4589	35
4590	20
4591	61
4592	3
4593	21
4594	38
4595	2
4596	34
4597	24
4598	43
4599	22
4600	58
4601	8
4602	46
4603	18
4604	87
4605	83
4606	21
4607	68
4608	32
4609	64
4610	89
4611	77
4612	26
4613	66
4614	49
4615	28
4616	14
4617	66
4618	59
4619	66
4620	18
4621	34
4622	88
4623	12
4624	82
4625	37
4626	68
4627	46
4628	8
4629	81
4630	35
4631	3
4632	27
4633	71
4634	68
4635	5
4636	49
4637	5
4638	7
4639	46
4640	39
4641	56
4642	75
4643	12
4644	43
4645	24
4646	51
4647	27
4648	76
4649	85
4650	39
4651	23
4652	62
4653	7
4654	36
4655	9
4656	33
4657	51
4658	9
4659	5
4660	3
4661	77
4662	72
4663	30
4664	40
4665	41
4666	15
4667	47
4668	66
4669	82
4670	10
4671	19
4672	56
4673	46
4674	65
4675	16
4676	62
4677	35
4678	50
4679	6
4680	62
4681	10
4682	61
4683	11
4684	68
4685	57
4686	34
4687	60
4688	1
4689	5
4690	82
4691	86
4692	43
4693	5
4694	37
4695	55
4696	37
4697	66
4698	73
4699	88
4700	35
4701	51
4702	34
4703	72
4704	34
4705	63
4706	29
4707	54
4708	12
4709	13
4710	10
4711	47
4712	30
4713	79
4714	85
4715	9
4716	15
4717	58
4718	41
4719	52
4720	30
4721	29
4722	28
4723	46
4724	17
4725	39
4726	63
4727	76
4728	8
4729	7
4730	88
4731	53
4732	4
4733	7
4734	21
4735	58
4736	70
4737	3
4738	58
4739	8
4740	85
4741	22
4742	14
4743	26
4744	1
4745	66
4746	85
4747	63
4748	1
4749	6
4750	23
4751	13
4752	12
4753	7
4754	52
4755	85
4756	67
4757	8
4758	17
4759	66
4760	5
4761	29
4762	47
4763	15
4764	25
4765	78
4766	12
4767	37
4768	65
4769	30
4770	85
4771	4
4772	44
4773	16
4774	80
4775	1
4776	40
4777	19
4778	48
4779	65
4780	42
4781	70
4782	29
4783	23
4784	14
4785	34
4786	16
4787	42
4788	11
4789	9
4790	69
4791	14
4792	26
4793	35
4794	26
4795	17
4796	68
4797	8
4798	21
4799	32
4800	8
4801	52
4802	33
4803	27
4804	77
4805	71
4806	40
4807	52
4808	21
4809	69
4810	37
4811	51
4812	68
4813	32
4814	60
4815	3
4816	73
4817	26
4818	55
4819	37
4820	1
4821	56
4822	83
4823	45
4824	3
4825	40
4826	31
4827	18
4828	56
4829	25
4830	59
4831	89
4832	89
4833	29
4834	60
4835	57
4836	79
4837	54
4838	25
4839	51
4840	19
4841	81
4842	52
4843	49
4844	56
4845	14
4846	16
4847	5
4848	67
4849	73
4850	33
4851	24
4852	19
4853	7
4854	16
4855	41
4856	15
4857	20
4858	21
4859	9
4860	15
4861	74
4862	2
4863	65
4864	77
4865	25
4866	16
4867	48
4868	1
4869	28
4870	86
4871	5
4872	35
4873	3
4874	12
4875	9
4876	57
4877	36
4878	38
4879	49
4880	56
4881	68
4882	20
4883	32
4884	25
4885	6
4886	4
4887	17
4888	14
4889	30
4890	36
4891	6
4892	57
4893	15
4894	6
4895	33
4896	39
4897	28
4898	44
4899	12
4900	12
4901	56
4902	37
4903	46
4904	57
4905	36
4906	44
4907	14
4908	46
4909	60
4910	73
4911	68
4912	43
4913	34
4914	27
4915	60
4916	59
4917	14
4918	50
4919	23
4920	15
4921	70
4922	2
4923	8
4924	2
4925	60
4926	29
4927	16
4928	27
4929	42
4930	75
4931	19
4932	30
4933	57
4934	15
4935	25
4936	10
4937	76
4938	53
4939	26
4940	19
4941	13
4942	16
4943	28
4944	66
4945	11
4946	37
4947	11
4948	65
4949	58
4950	27
4951	5
4952	62
4953	35
4954	45
4955	28
4956	74
4957	47
4958	42
4959	59
4960	19
4961	59
4962	44
4963	42
4964	66
4965	14
4966	13
4967	18
4968	40
4969	49
4970	13
4971	40
4972	41
4973	39
4974	22
4975	40
4976	3
4977	40
4978	26
4979	40
4980	62
4981	24
4982	21
4983	20
4984	70
4985	46
4986	44
4987	22
4988	13
4989	76
4990	20
4991	63
4992	8
4993	12
4994	64
4995	75
4996	11
4997	44
4998	30
4999	1
5000	42
