1	17
2	42
3	39
4	44
5	5
6	38
7	6
8	35
9	59
10	23
11	63
12	63
13	46
14	24
15	52
16	37
17	20
18	6
19	49
20	37
21	18
22	35
23	62
24	30
25	7
26	29
27	2
28	61
29	81
30	17
31	16
32	72
33	20
34	45
35	47
36	33
37	12
38	62
39	15
40	4
41	38
42	68
43	74
44	51
45	50
46	65
47	72
48	47
49	18
50	23
51	42
52	22
53	16
54	20
55	23
56	39
57	19
58	76
59	15
60	50
61	23
62	80
63	53
64	28
65	38
66	8
67	66
68	9
69	82
70	17
71	71
72	45
73	26
74	57
75	25
76	15
77	49
78	65
79	5
80	34
81	35
82	22
83	87
84	13
85	11
86	38
87	12
88	11
89	80
90	2
91	32
92	4
93	60
94	33
95	4
96	29
97	14
98	33
99	23
100	83
101	49
102	6
103	62
104	80
105	54
106	65
107	18
108	80
109	46
110	56
111	7
112	8
113	69
114	50
115	70
116	47
117	57
118	10
119	14
120	42
121	36
122	9
123	2
124	33
125	21
126	54
127	8
128	13
129	75
130	30
131	58
132	61
133	53
134	69
135	37
136	52
137	56
138	60
139	3
140	26
141	69
142	76
143	40
144	25
145	28
146	15
147	32
148	26
149	54
150	55
151	1
152	59
153	31
154	41
155	6
156	8
157	75
158	48
159	33
160	67
161	13
162	29
163	60
164	3
165	28
166	39
167	61
168	5
169	38
170	11
171	14
172	45
173	59
174	14
175	52
176	5
177	6
178	20
179	67
180	2
181	22
182	38
183	27
184	7
185	66
186	17
187	76
188	43
189	2
190	77
191	56
192	3
193	22
194	36
195	9
196	52
197	84
198	74
199	44
200	40
201	80
202	9
203	9
204	56
205	36
206	7
207	45
208	41
209	41
210	66
211	41
212	38
213	29
214	75
215	45
216	18
217	33
218	27
219	3
220	44
221	86
222	66
223	24
224	5
225	20
226	82
227	70
228	16
229	72
230	18
231	64
232	56
233	82
234	19
235	34
236	14
237	82
238	71
239	83
240	13
241	69
242	30
243	85
244	35
245	53
246	44
247	10
248	2
249	9
250	75
251	40
252	82
253	18
254	84
255	17
256	34
257	53
258	24
259	16
260	7
261	75
262	16
263	27
264	12
265	30
266	19
267	54
268	10
269	78
270	65
271	30
272	48
273	4
274	58
275	41
276	6
277	15
278	15
279	26
280	83
281	30
282	6
283	22
284	8
285	24
286	24
287	8
288	58
289	79
290	16
291	62
292	55
293	19
294	20
295	66
296	81
297	69
298	19
299	4
300	15
301	38
302	27
303	13
304	27
305	32
306	87
307	18
308	86
309	47
310	29
311	38
312	73
313	60
314	34
315	49
316	36
317	58
318	28
319	11
320	17
321	9
322	18
323	73
324	76
325	57
326	29
327	42
328	5
329	79
330	13
331	1
332	20
333	45
334	45
335	36
336	41
337	64
338	60
339	31
340	53
341	24
342	15
343	57
344	3
345	84
346	34
347	2
348	34
349	51
350	56
351	27
352	10
353	2
354	13
355	75
356	47
357	36
358	73
359	49
360	16
361	16
362	29
363	16
364	7
365	34
366	24
367	71
368	28
369	81
370	7
371	49
372	37
373	27
374	9
375	14
376	47
377	85
378	45
379	71
380	7
381	7
382	60
383	36
384	26
385	16
386	32
387	5
388	22
389	12
390	82
391	5
392	54
393	64
394	75
395	8
396	2
397	1
398	11
399	59
400	19
401	79
402	13
403	1
404	75
405	42
406	33
407	1
408	7
409	86
410	25
411	62
412	8
413	2
414	82
415	17
416	18
417	28
418	52
419	79
420	23
421	18
422	25
423	17
424	85
425	15
426	38
427	61
428	2
429	34
430	6
431	32
432	73
433	44
434	26
435	27
436	25
437	31
438	39
439	8
440	54
441	3
442	19
443	13
444	65
445	44
446	43
447	2
448	44
449	55
450	71
451	1
452	4
453	8
454	58
455	9
456	2
457	11
458	10
459	7
460	13
461	8
462	81
463	79
464	3
465	49
466	41
467	51
468	17
469	15
470	59
471	6
472	11
473	2
474	22
475	32
476	12
477	48
478	25
479	55
480	75
481	24
482	32
483	44
484	36
485	72
486	46
487	17
488	48
489	32
490	33
491	57
492	8
493	85
494	12
495	15
496	32
497	34
498	79
499	65
500	39
501	55
502	46
503	7
504	82
505	54
506	10
507	68
508	23
509	66
510	17
511	30
512	18
513	53
514	3
515	30
516	37
517	65
518	76
519	71
520	33
521	48
522	48
523	50
524	8
525	11
526	13
527	21
528	43
529	24
530	16
531	31
532	30
533	77
534	14
535	81
536	3
537	74
538	48
539	21
540	10
541	44
542	35
543	2
544	7
545	42
546	29
547	44
548	13
549	10
550	46
551	4
552	45
553	85
554	44
555	67
556	36
557	15
558	1
559	15
560	5
561	24
562	58
563	65
564	73
565	7
566	50
567	67
568	37
569	8
570	19
571	67
572	28
573	44
574	84
575	70
576	26
577	60
578	55
579	16
580	21
581	16
582	33
583	82
584	67
585	7
586	72
587	27
588	48
589	9
590	53
591	82
592	49
593	7
594	15
595	58
596	69
597	4
598	60
599	6
600	21
601	64
602	30
603	7
604	19
605	49
606	29
607	43
608	32
609	19
610	33
611	7
612	9
613	41
614	59
615	87
616	6
617	83
618	28
619	58
620	50
621	48
622	37
623	71
624	36
625	82
626	31
627	15
628	8
629	63
630	11
631	66
632	4
633	42
634	41
635	24
636	31
637	2
638	44
639	11
640	72
641	60
642	75
643	24
644	60
645	15
646	2
647	6
648	5
649	50
650	10
651	3
652	52
653	61
654	52
655	47
656	40
657	48
658	26
659	6
660	6
661	81
662	55
663	67
664	2
665	35
666	42
667	53
668	33
669	42
670	4
671	38
672	39
673	83
674	7
675	31
676	38
677	30
678	38
679	76
680	67
681	83
682	58
683	53
684	80
685	64
686	5
687	14
688	9
689	22
690	36
691	10
692	36
693	31
694	26
695	43
696	20
697	68
698	81
699	30
700	6
701	42
702	33
703	8
704	74
705	17
706	16
707	52
708	28
709	37
710	75
711	63
712	17
713	77
714	86
715	5
716	12
717	3
718	52
719	46
720	12
721	76
722	31
723	37
724	3
725	43
726	31
727	51
728	27
729	46
730	47
731	6
732	45
733	30
734	36
735	31
736	73
737	23
738	48
739	2
740	84
741	85
742	72
743	4
744	35
745	79
746	47
747	36
748	79
749	78
750	39
751	71
752	26
753	8
754	14
755	78
756	53
757	2
758	19
759	50
760	43
761	33
762	54
763	33
764	85
765	71
766	44
767	40
768	43
769	32
770	3
771	10
772	64
773	63
774	35
775	6
776	11
777	31
778	4
779	45
780	78
781	12
782	6
783	18
784	84
785	40
786	6
787	28
788	15
789	8
790	1
791	42
792	36
793	56
794	87
795	36
796	21
797	34
798	8
799	11
800	68
801	23
802	39
803	14
804	74
805	5
806	9
807	26
808	3
809	87
810	3
811	32
812	37
813	80
814	37
815	36
816	43
817	35
818	10
819	10
820	36
821	46
822	4
823	18
824	76
825	76
826	47
827	25
828	1
829	35
830	1
831	84
832	33
833	7
834	39
835	7
836	31
837	6
838	71
839	16
840	4
841	45
842	22
843	5
844	60
845	53
846	29
847	74
848	11
849	56
850	66
851	2
852	60
853	54
854	81
855	33
856	12
857	25
858	4
859	8
860	74
861	35
862	25
863	41
864	37
865	85
866	50
867	50
868	20
869	1
870	38
871	41
872	53
873	11
874	37
875	23
876	26
877	41
878	85
879	21
880	81
881	19
882	53
883	9
884	72
885	10
886	39
887	83
888	51
889	27
890	11
891	33
892	30
893	58
894	30
895	62
896	54
897	6
898	7
899	17
900	6
901	79
902	83
903	54
904	56
905	14
906	28
907	80
908	30
909	70
910	61
911	26
912	21
913	30
914	11
915	77
916	42
917	57
918	19
919	26
920	4
921	80
922	41
923	62
924	36
925	53
926	55
927	52
928	15
929	54
930	10
931	67
932	45
933	85
934	11
935	75
936	18
937	9
938	32
939	40
940	52
941	55
942	36
943	57
944	80
945	38
946	37
947	9
948	23
949	22
950	50
951	53
952	15
953	5
954	65
955	11
956	14
957	65
958	1
959	16
960	21
961	41
962	17
963	20
964	13
965	36
966	6
967	67
968	36
969	59
970	3
971	54
972	36
973	1
974	4
975	30
976	43
977	14
978	59
979	53
980	57
981	70
982	61
983	1
984	2
985	29
986	17
987	75
988	23
989	42
990	28
991	41
992	3
993	18
994	52
995	72
996	42
997	58
998	41
999	73
1000	47
1001	16
1002	85
1003	27
1004	51
1005	82
1006	84
1007	84
1008	4
1009	38
1010	51
1011	77
1012	49
1013	72
1014	49
1015	19
1016	4
1017	12
1018	74
1019	56
1020	30
1021	8
1022	21
1023	49
1024	7
1025	61
1026	2
1027	47
1028	72
1029	31
1030	20
1031	61
1032	38
1033	25
1034	25
1035	56
1036	53
1037	62
1038	60
1039	82
1040	76
1041	22
1042	8
1043	20
1044	18
1045	75
1046	78
1047	6
1048	35
1049	58
1050	58
1051	4
1052	3
1053	63
1054	17
1055	54
1056	38
1057	56
1058	33
1059	31
1060	83
1061	2
1062	16
1063	25
1064	66
1065	31
1066	52
1067	35
1068	31
1069	67
1070	2
1071	58
1072	35
1073	9
1074	19
1075	29
1076	63
1077	34
1078	45
1079	2
1080	75
1081	5
1082	40
1083	15
1084	47
1085	71
1086	72
1087	72
1088	18
1089	27
1090	28
1091	46
1092	23
1093	46
1094	1
1095	55
1096	19
1097	35
1098	3
1099	25
1100	62
1101	5
1102	46
1103	50
1104	63
1105	34
1106	49
1107	74
1108	36
1109	69
1110	60
1111	7
1112	11
1113	70
1114	68
1115	59
1116	6
1117	40
1118	26
1119	81
1120	32
1121	75
1122	51
1123	16
1124	48
1125	16
1126	39
1127	34
1128	7
1129	35
1130	22
1131	28
1132	12
1133	35
1134	77
1135	5
1136	23
1137	74
1138	55
1139	21
1140	7
1141	41
1142	74
1143	20
1144	57
1145	78
1146	67
1147	81
1148	63
1149	64
1150	9
1151	27
1152	28
1153	48
1154	22
1155	9
1156	26
1157	31
1158	67
1159	10
1160	3
1161	16
1162	2
1163	7
1164	58
1165	2
1166	59
1167	20
1168	20
1169	60
1170	21
1171	45
1172	32
1173	68
1174	77
1175	46
1176	15
1177	45
1178	2
1179	83
1180	46
1181	51
1182	85
1183	4
1184	86
1185	64
1186	65
1187	43
1188	54
1189	59
1190	9
1191	10
1192	4
1193	23
1194	74
1195	13
1196	83
1197	57
1198	16
1199	22
1200	32
1201	29
1202	74
1203	44
1204	68
1205	80
1206	87
1207	9
1208	20
1209	30
1210	53
1211	27
1212	38
1213	15
1214	16
1215	46
1216	78
1217	47
1218	14
1219	13
1220	4
1221	16
1222	2
1223	57
1224	81
1225	27
1226	83
1227	17
1228	6
1229	70
1230	73
1231	8
1232	28
1233	33
1234	37
1235	10
1236	21
1237	32
1238	19
1239	51
1240	29
1241	82
1242	40
1243	25
1244	64
1245	61
1246	4
1247	69
1248	4
1249	29
1250	11
1251	79
1252	61
1253	23
1254	14
1255	31
1256	34
1257	47
1258	11
1259	52
1260	82
1261	76
1262	76
1263	55
1264	78
1265	49
1266	20
1267	18
1268	2
1269	11
1270	79
1271	37
1272	43
1273	22
1274	67
1275	22
1276	24
1277	9
1278	48
1279	56
1280	30
1281	71
1282	87
1283	46
1284	85
1285	63
1286	60
1287	53
1288	15
1289	5
1290	45
1291	30
1292	44
1293	22
1294	73
1295	21
1296	61
1297	4
1298	20
1299	43
1300	5
1301	71
1302	86
1303	19
1304	37
1305	67
1306	10
1307	17
1308	29
1309	2
1310	30
1311	32
1312	65
1313	35
1314	22
1315	9
1316	18
1317	73
1318	71
1319	60
1320	31
1321	13
1322	70
1323	42
1324	56
1325	6
1326	35
1327	15
1328	11
1329	36
1330	51
1331	12
1332	63
1333	58
1334	83
1335	76
1336	22
1337	2
1338	4
1339	12
1340	1
1341	76
1342	21
1343	33
1344	29
1345	26
1346	79
1347	69
1348	49
1349	76
1350	62
1351	28
1352	19
1353	19
1354	62
1355	77
1356	35
1357	50
1358	83
1359	76
1360	37
1361	16
1362	19
1363	56
1364	1
1365	5
1366	13
1367	2
1368	63
1369	69
1370	44
1371	61
1372	31
1373	30
1374	19
1375	49
1376	33
1377	42
1378	53
1379	76
1380	77
1381	32
1382	40
1383	13
1384	30
1385	5
1386	76
1387	26
1388	23
1389	78
1390	50
1391	35
1392	77
1393	59
1394	15
1395	81
1396	58
1397	47
1398	1
1399	37
1400	56
1401	52
1402	23
1403	6
1404	36
1405	41
1406	1
1407	19
1408	14
1409	69
1410	7
1411	10
1412	49
1413	10
1414	55
1415	24
1416	83
1417	66
1418	27
1419	5
1420	15
1421	67
1422	10
1423	67
1424	24
1425	13
1426	17
1427	7
1428	59
1429	30
1430	51
1431	61
1432	78
1433	87
1434	29
1435	36
1436	3
1437	16
1438	39
1439	49
1440	71
1441	6
1442	2
1443	39
1444	29
1445	8
1446	18
1447	79
1448	70
1449	2
1450	16
1451	29
1452	23
1453	76
1454	50
1455	82
1456	43
1457	21
1458	5
1459	66
1460	33
1461	9
1462	21
1463	11
1464	83
1465	22
1466	77
1467	82
1468	11
1469	70
1470	62
1471	37
1472	45
1473	46
1474	81
1475	22
1476	27
1477	6
1478	56
1479	39
1480	84
1481	1
1482	19
1483	18
1484	25
1485	41
1486	55
1487	68
1488	63
1489	81
1490	52
1491	32
1492	81
1493	39
1494	29
1495	51
1496	8
1497	1
1498	64
1499	42
1500	35
1501	52
1502	5
1503	7
1504	69
1505	39
1506	70
1507	16
1508	22
1509	70
1510	15
1511	29
1512	14
1513	7
1514	22
1515	38
1516	12
1517	25
1518	67
1519	77
1520	18
1521	32
1522	51
1523	55
1524	70
1525	13
1526	29
1527	22
1528	25
1529	66
1530	78
1531	49
1532	21
1533	55
1534	70
1535	5
1536	38
1537	73
1538	32
1539	28
1540	8
1541	29
1542	50
1543	67
1544	71
1545	23
1546	62
1547	76
1548	32
1549	13
1550	80
1551	72
1552	73
1553	18
1554	25
1555	13
1556	7
1557	5
1558	79
1559	10
1560	32
1561	51
1562	82
1563	17
1564	15
1565	71
1566	3
1567	12
1568	9
1569	15
1570	19
1571	31
1572	51
1573	34
1574	68
1575	31
1576	12
1577	22
1578	27
1579	57
1580	1
1581	73
1582	6
1583	22
1584	36
1585	8
1586	83
1587	4
1588	47
1589	47
1590	45
1591	42
1592	76
1593	35
1594	48
1595	2
1596	9
1597	62
1598	54
1599	1
1600	51
1601	1
1602	76
1603	11
1604	24
1605	52
1606	41
1607	29
1608	27
1609	8
1610	1
1611	80
1612	6
1613	68
1614	62
1615	85
1616	22
1617	50
1618	33
1619	20
1620	65
1621	70
1622	38
1623	46
1624	9
1625	2
1626	19
1627	24
1628	31
1629	6
1630	21
1631	41
1632	30
1633	29
1634	10
1635	8
1636	43
1637	68
1638	69
1639	4
1640	81
1641	24
1642	28
1643	13
1644	13
1645	65
1646	2
1647	7
1648	17
1649	43
1650	25
1651	16
1652	20
1653	22
1654	30
1655	10
1656	27
1657	31
1658	10
1659	25
1660	84
1661	23
1662	46
1663	8
1664	59
1665	58
1666	22
1667	2
1668	21
1669	39
1670	34
1671	11
1672	87
1673	26
1674	69
1675	29
1676	49
1677	14
1678	12
1679	70
1680	3
1681	8
1682	10
1683	50
1684	49
1685	5
1686	10
1687	2
1688	26
1689	48
1690	8
1691	87
1692	72
1693	14
1694	80
1695	18
1696	24
1697	61
1698	11
1699	43
1700	41
1701	61
1702	75
1703	60
1704	22
1705	12
1706	51
1707	56
1708	21
1709	31
1710	82
1711	27
1712	13
1713	11
1714	1
1715	14
1716	44
1717	48
1718	41
1719	21
1720	56
1721	5
1722	42
1723	7
1724	1
1725	11
1726	27
1727	2
1728	66
1729	68
1730	20
1731	13
1732	28
1733	6
1734	3
1735	30
1736	70
1737	7
1738	16
1739	70
1740	35
1741	83
1742	69
1743	26
1744	12
1745	26
1746	49
1747	57
1748	52
1749	78
1750	46
1751	61
1752	20
1753	26
1754	61
1755	37
1756	16
1757	34
1758	66
1759	37
1760	57
1761	28
1762	17
1763	66
1764	34
1765	35
1766	86
1767	1
1768	26
1769	59
1770	68
1771	18
1772	29
1773	14
1774	3
1775	84
1776	32
1777	78
1778	10
1779	73
1780	60
1781	1
1782	62
1783	37
1784	79
1785	19
1786	42
1787	12
1788	16
1789	20
1790	36
1791	69
1792	51
1793	23
1794	8
1795	6
1796	4
1797	7
1798	28
1799	86
1800	13
1801	81
1802	38
1803	13
1804	2
1805	84
1806	53
1807	4
1808	41
1809	13
1810	16
1811	76
1812	22
1813	9
1814	65
1815	82
1816	16
1817	5
1818	22
1819	3
1820	63
1821	55
1822	52
1823	67
1824	1
1825	22
1826	78
1827	78
1828	11
1829	84
1830	17
1831	64
1832	46
1833	20
1834	57
1835	66
1836	84
1837	2
1838	58
1839	34
1840	38
1841	83
1842	5
1843	84
1844	69
1845	8
1846	29
1847	50
1848	13
1849	43
1850	18
1851	51
1852	43
1853	18
1854	5
1855	25
1856	75
1857	25
1858	5
1859	36
1860	6
1861	60
1862	1
1863	12
1864	18
1865	9
1866	29
1867	46
1868	13
1869	25
1870	12
1871	86
1872	49
1873	62
1874	53
1875	22
1876	55
1877	44
1878	6
1879	49
1880	24
1881	38
1882	26
1883	33
1884	33
1885	17
1886	63
1887	4
1888	4
1889	7
1890	67
1891	56
1892	57
1893	24
1894	24
1895	26
1896	65
1897	19
1898	78
1899	25
1900	27
1901	10
1902	45
1903	14
1904	48
1905	14
1906	34
1907	20
1908	68
1909	3
1910	42
1911	8
1912	53
1913	16
1914	8
1915	17
1916	34
1917	81
1918	43
1919	22
1920	28
1921	5
1922	31
1923	5
1924	64
1925	10
1926	2
1927	48
1928	15
1929	33
1930	20
1931	5
1932	55
1933	4
1934	71
1935	32
1936	33
1937	47
1938	37
1939	84
1940	7
1941	86
1942	15
1943	10
1944	81
1945	86
1946	2
1947	32
1948	15
1949	7
1950	10
1951	76
1952	59
1953	19
1954	73
1955	14
1956	21
1957	55
1958	16
1959	41
1960	50
1961	46
1962	15
1963	9
1964	43
1965	41
1966	14
1967	42
1968	19
1969	64
1970	51
1971	3
1972	40
1973	48
1974	86
1975	39
1976	29
1977	58
1978	75
1979	35
1980	10
1981	53
1982	4
1983	26
1984	29
1985	34
1986	75
1987	6
1988	48
1989	1
1990	16
1991	17
1992	85
1993	10
1994	69
1995	53
1996	79
1997	19
1998	41
1999	45
2000	17
2001	31
2002	38
2003	20
2004	17
2005	23
2006	29
2007	71
2008	10
2009	59
2010	78
2011	28
2012	25
2013	57
2014	36
2015	39
2016	12
2017	4
2018	14
2019	6
2020	84
2021	25
2022	24
2023	17
2024	6
2025	8
2026	36
2027	71
2028	66
2029	10
2030	69
2031	35
2032	18
2033	5
2034	29
2035	19
2036	33
2037	33
2038	2
2039	27
2040	12
2041	5
2042	21
2043	12
2044	50
2045	64
2046	2
2047	12
2048	49
2049	65
2050	29
2051	23
2052	58
2053	7
2054	13
2055	24
2056	5
2057	32
2058	14
2059	34
2060	8
2061	45
2062	26
2063	9
2064	68
2065	29
2066	81
2067	27
2068	31
2069	85
2070	15
2071	87
2072	4
2073	38
2074	14
2075	65
2076	11
2077	7
2078	31
2079	31
2080	19
2081	65
2082	23
2083	39
2084	33
2085	3
2086	64
2087	40
2088	66
2089	65
2090	61
2091	15
2092	80
2093	8
2094	87
2095	2
2096	51
2097	54
2098	34
2099	9
2100	25
2101	6
2102	38
2103	39
2104	72
2105	4
2106	41
2107	78
2108	6
2109	13
2110	28
2111	9
2112	33
2113	37
2114	43
2115	40
2116	48
2117	28
2118	1
2119	77
2120	3
2121	86
2122	53
2123	3
2124	68
2125	54
2126	25
2127	22
2128	55
2129	29
2130	79
2131	16
2132	42
2133	76
2134	9
2135	72
2136	39
2137	24
2138	6
2139	77
2140	74
2141	43
2142	52
2143	37
2144	84
2145	55
2146	82
2147	69
2148	48
2149	57
2150	78
2151	74
2152	3
2153	10
2154	35
2155	3
2156	12
2157	65
2158	11
2159	15
2160	11
2161	45
2162	6
2163	26
2164	74
2165	23
2166	23
2167	46
2168	8
2169	77
2170	40
2171	1
2172	23
2173	46
2174	17
2175	2
2176	53
2177	57
2178	80
2179	15
2180	12
2181	59
2182	43
2183	2
2184	3
2185	85
2186	2
2187	3
2188	16
2189	48
2190	6
2191	77
2192	36
2193	44
2194	37
2195	72
2196	82
2197	18
2198	65
2199	38
2200	26
2201	59
2202	30
2203	67
2204	60
2205	5
2206	17
2207	26
2208	40
2209	78
2210	75
2211	35
2212	17
2213	63
2214	59
2215	6
2216	84
2217	79
2218	5
2219	12
2220	50
2221	37
2222	65
2223	35
2224	49
2225	72
2226	60
2227	36
2228	14
2229	37
2230	80
2231	13
2232	30
2233	14
2234	16
2235	23
2236	5
2237	21
2238	40
2239	24
2240	32
2241	8
2242	44
2243	36
2244	78
2245	23
2246	32
2247	68
2248	17
2249	39
2250	66
2251	27
2252	1
2253	43
2254	41
2255	4
2256	36
2257	23
2258	36
2259	25
2260	4
2261	41
2262	6
2263	44
2264	15
2265	31
2266	7
2267	26
2268	9
2269	37
2270	29
2271	53
2272	58
2273	74
2274	54
2275	4
2276	85
2277	25
2278	47
2279	51
2280	81
2281	25
2282	24
2283	60
2284	15
2285	2
2286	1
2287	56
2288	45
2289	52
2290	28
2291	86
2292	15
2293	23
2294	44
2295	5
2296	49
2297	71
2298	76
2299	17
2300	86
2301	30
2302	36
2303	8
2304	59
2305	54
2306	7
2307	4
2308	25
2309	24
2310	46
2311	12
2312	10
2313	55
2314	1
2315	56
2316	77
2317	86
2318	9
2319	78
2320	2
2321	2
2322	28
2323	63
2324	43
2325	4
2326	42
2327	3
2328	14
2329	76
2330	42
2331	60
2332	46
2333	42
2334	12
2335	55
2336	6
2337	32
2338	72
2339	19
2340	16
2341	60
2342	5
2343	24
2344	78
2345	4
2346	51
2347	82
2348	19
2349	42
2350	2
2351	9
2352	71
2353	85
2354	63
2355	78
2356	82
2357	46
2358	51
2359	13
2360	12
2361	50
2362	75
2363	14
2364	12
2365	33
2366	8
2367	14
2368	82
2369	41
2370	54
2371	34
2372	42
2373	65
2374	87
2375	9
2376	37
2377	77
2378	17
2379	18
2380	9
2381	24
2382	48
2383	62
2384	20
2385	31
2386	13
2387	72
2388	1
2389	14
2390	2
2391	44
2392	79
2393	57
2394	23
2395	15
2396	33
2397	5
2398	52
2399	4
2400	61
2401	10
2402	6
2403	43
2404	86
2405	2
2406	21
2407	13
2408	5
2409	10
2410	55
2411	16
2412	23
2413	51
2414	80
2415	66
2416	19
2417	7
2418	47
2419	61
2420	44
2421	78
2422	36
2423	53
2424	1
2425	20
2426	45
2427	81
2428	48
2429	31
2430	28
2431	66
2432	48
2433	54
2434	30
2435	12
2436	56
2437	58
2438	7
2439	32
2440	60
2441	44
2442	71
2443	3
2444	37
2445	86
2446	9
2447	41
2448	48
2449	67
2450	44
2451	4
2452	54
2453	54
2454	44
2455	32
2456	74
2457	2
2458	15
2459	77
2460	24
2461	1
2462	30
2463	55
2464	17
2465	86
2466	45
2467	59
2468	25
2469	30
2470	52
2471	42
2472	78
2473	3
2474	45
2475	79
2476	81
2477	64
2478	56
2479	5
2480	36
2481	18
2482	56
2483	25
2484	26
2485	40
2486	35
2487	39
2488	8
2489	31
2490	6
2491	25
2492	3
2493	39
2494	37
2495	7
2496	85
2497	11
2498	44
2499	67
2500	61
2501	30
2502	12
2503	42
2504	3
2505	18
2506	29
2507	47
2508	32
2509	58
2510	52
2511	72
2512	65
2513	57
2514	9
2515	8
2516	6
2517	50
2518	32
2519	3
2520	12
2521	3
2522	32
2523	50
2524	41
2525	9
2526	6
2527	77
2528	14
2529	40
2530	49
2531	64
2532	68
2533	27
2534	18
2535	25
2536	14
2537	85
2538	14
2539	56
2540	21
2541	66
2542	12
2543	5
2544	67
2545	71
2546	66
2547	38
2548	11
2549	11
2550	85
2551	63
2552	20
2553	18
2554	53
2555	2
2556	31
2557	40
2558	29
2559	83
2560	79
2561	4
2562	79
2563	43
2564	15
2565	45
2566	10
2567	18
2568	28
2569	3
2570	10
2571	54
2572	21
2573	4
2574	77
2575	10
2576	2
2577	1
2578	35
2579	16
2580	1
2581	4
2582	48
2583	22
2584	72
2585	13
2586	12
2587	72
2588	29
2589	10
2590	54
2591	25
2592	22
2593	13
2594	71
2595	37
2596	4
2597	44
2598	10
2599	23
2600	74
2601	58
2602	72
2603	22
2604	57
2605	21
2606	85
2607	21
2608	61
2609	10
2610	86
2611	12
2612	51
2613	17
2614	9
2615	73
2616	54
2617	40
2618	62
2619	80
2620	39
2621	13
2622	11
2623	9
2624	15
2625	15
2626	59
2627	77
2628	54
2629	51
2630	70
2631	7
2632	52
2633	76
2634	72
2635	7
2636	74
2637	1
2638	64
2639	31
2640	70
2641	48
2642	18
2643	28
2644	4
2645	33
2646	42
2647	63
2648	23
2649	8
2650	3
2651	78
2652	16
2653	12
2654	73
2655	37
2656	19
2657	17
2658	70
2659	33
2660	9
2661	78
2662	8
2663	14
2664	37
2665	10
2666	6
2667	4
2668	69
2669	69
2670	2
2671	13
2672	72
2673	13
2674	12
2675	27
2676	62
2677	14
2678	19
2679	76
2680	9
2681	4
2682	38
2683	9
2684	87
2685	49
2686	43
2687	39
2688	34
2689	43
2690	61
2691	79
2692	16
2693	14
2694	15
2695	61
2696	53
2697	28
2698	6
2699	63
2700	13
2701	6
2702	62
2703	49
2704	3
2705	43
2706	67
2707	4
2708	2
2709	7
2710	85
2711	21
2712	47
2713	15
2714	59
2715	18
2716	11
2717	53
2718	51
2719	23
2720	41
2721	14
2722	28
2723	32
2724	53
2725	55
2726	3
2727	25
2728	33
2729	33
2730	78
2731	78
2732	52
2733	72
2734	28
2735	44
2736	82
2737	31
2738	40
2739	39
2740	60
2741	61
2742	2
2743	1
2744	80
2745	33
2746	25
2747	13
2748	43
2749	20
2750	21
2751	4
2752	3
2753	81
2754	10
2755	84
2756	73
2757	4
2758	79
2759	48
2760	20
2761	3
2762	22
2763	40
2764	23
2765	8
2766	3
2767	13
2768	18
2769	4
2770	86
2771	46
2772	31
2773	37
2774	43
2775	7
2776	70
2777	42
2778	12
2779	32
2780	17
2781	28
2782	4
2783	35
2784	17
2785	67
2786	55
2787	8
2788	69
2789	16
2790	17
2791	71
2792	3
2793	63
2794	57
2795	22
2796	82
2797	31
2798	10
2799	12
2800	15
2801	84
2802	12
2803	33
2804	25
2805	46
2806	23
2807	55
2808	56
2809	69
2810	20
2811	27
2812	18
2813	14
2814	62
2815	42
2816	12
2817	82
2818	19
2819	1
2820	63
2821	44
2822	21
2823	18
2824	79
2825	3
2826	31
2827	29
2828	12
2829	33
2830	85
2831	50
2832	35
2833	71
2834	68
2835	40
2836	8
2837	49
2838	3
2839	34
2840	49
2841	81
2842	80
2843	37
2844	59
2845	28
2846	52
2847	14
2848	71
2849	9
2850	68
2851	86
2852	69
2853	54
2854	48
2855	12
2856	5
2857	9
2858	42
2859	53
2860	23
2861	52
2862	25
2863	48
2864	60
2865	6
2866	3
2867	9
2868	8
2869	26
2870	5
2871	11
2872	16
2873	53
2874	81
2875	7
2876	80
2877	39
2878	9
2879	2
2880	16
2881	15
2882	63
2883	55
2884	53
2885	23
2886	57
2887	10
2888	10
2889	7
2890	36
2891	15
2892	26
2893	56
2894	36
2895	16
2896	59
2897	76
2898	6
2899	38
2900	77
2901	15
2902	46
2903	33
2904	17
2905	7
2906	11
2907	43
2908	21
2909	20
2910	18
2911	62
2912	51
2913	39
2914	85
2915	21
2916	69
2917	35
2918	27
2919	28
2920	34
2921	70
2922	17
2923	47
2924	42
2925	70
2926	32
2927	24
2928	32
2929	43
2930	21
2931	82
2932	47
2933	34
2934	13
2935	55
2936	3
2937	10
2938	19
2939	81
2940	56
2941	6
2942	72
2943	39
2944	76
2945	86
2946	60
2947	10
2948	17
2949	62
2950	44
2951	10
2952	6
2953	70
2954	53
2955	6
2956	7
2957	62
2958	78
2959	28
2960	2
2961	26
2962	46
2963	82
2964	2
2965	57
2966	47
2967	58
2968	25
2969	50
2970	2
2971	28
2972	63
2973	66
2974	51
2975	48
2976	20
2977	24
2978	80
2979	49
2980	8
2981	11
2982	40
2983	12
2984	5
2985	8
2986	7
2987	21
2988	25
2989	81
2990	13
2991	51
2992	12
2993	30
2994	57
2995	25
2996	3
2997	43
2998	61
2999	46
3000	8
3001	71
3002	71
3003	1
3004	16
3005	39
3006	34
3007	8
3008	19
3009	69
3010	13
3011	24
3012	34
3013	68
3014	35
3015	10
3016	50
3017	63
3018	42
3019	66
3020	19
3021	34
3022	61
3023	3
3024	16
3025	6
3026	73
3027	7
3028	19
3029	34
3030	46
3031	2
3032	6
3033	62
3034	27
3035	83
3036	48
3037	87
3038	59
3039	3
3040	15
3041	30
3042	15
3043	25
3044	21
3045	37
3046	65
3047	26
3048	22
3049	36
3050	4
3051	11
3052	9
3053	56
3054	67
3055	13
3056	82
3057	72
3058	40
3059	31
3060	20
3061	31
3062	49
3063	22
3064	19
3065	72
3066	75
3067	68
3068	1
3069	7
3070	38
3071	27
3072	62
3073	58
3074	82
3075	48
3076	75
3077	37
3078	6
3079	55
3080	51
3081	74
3082	67
3083	4
3084	30
3085	33
3086	83
3087	59
3088	3
3089	73
3090	14
3091	6
3092	32
3093	12
3094	36
3095	87
3096	1
3097	49
3098	43
3099	80
3100	1
3101	16
3102	45
3103	47
3104	53
3105	7
3106	30
3107	28
3108	41
3109	13
3110	51
3111	21
3112	37
3113	3
3114	14
3115	47
3116	10
3117	23
3118	57
3119	30
3120	38
3121	52
3122	86
3123	26
3124	13
3125	49
3126	2
3127	10
3128	76
3129	32
3130	24
3131	11
3132	9
3133	5
3134	41
3135	57
3136	19
3137	62
3138	60
3139	51
3140	29
3141	60
3142	51
3143	36
3144	9
3145	44
3146	70
3147	1
3148	3
3149	27
3150	61
3151	40
3152	65
3153	13
3154	49
3155	29
3156	11
3157	35
3158	52
3159	5
3160	56
3161	66
3162	37
3163	32
3164	59
3165	14
3166	8
3167	40
3168	68
3169	9
3170	13
3171	51
3172	86
3173	19
3174	80
3175	4
3176	50
3177	14
3178	73
3179	42
3180	28
3181	7
3182	55
3183	5
3184	35
3185	4
3186	52
3187	69
3188	32
3189	15
3190	4
3191	85
3192	27
3193	66
3194	84
3195	40
3196	52
3197	73
3198	1
3199	17
3200	56
3201	83
3202	47
3203	32
3204	32
3205	53
3206	8
3207	11
3208	17
3209	64
3210	12
3211	25
3212	21
3213	11
3214	49
3215	29
3216	18
3217	12
3218	47
3219	4
3220	40
3221	52
3222	63
3223	18
3224	51
3225	12
3226	62
3227	40
3228	37
3229	23
3230	4
3231	32
3232	17
3233	70
3234	20
3235	3
3236	7
3237	3
3238	49
3239	3
3240	30
3241	46
3242	84
3243	25
3244	12
3245	48
3246	77
3247	26
3248	8
3249	42
3250	17
3251	24
3252	32
3253	64
3254	18
3255	34
3256	67
3257	80
3258	25
3259	14
3260	23
3261	26
3262	25
3263	72
3264	5
3265	49
3266	58
3267	72
3268	41
3269	27
3270	40
3271	4
3272	22
3273	39
3274	46
3275	1
3276	20
3277	24
3278	21
3279	71
3280	71
3281	39
3282	13
3283	22
3284	40
3285	83
3286	73
3287	44
3288	6
3289	3
3290	4
3291	7
3292	59
3293	46
3294	25
3295	29
3296	4
3297	29
3298	2
3299	34
3300	39
3301	59
3302	67
3303	40
3304	62
3305	76
3306	1
3307	20
3308	22
3309	57
3310	24
3311	58
3312	7
3313	5
3314	77
3315	45
3316	18
3317	58
3318	38
3319	1
3320	26
3321	47
3322	24
3323	36
3324	82
3325	2
3326	24
3327	58
3328	33
3329	44
3330	55
3331	9
3332	84
3333	65
3334	40
3335	28
3336	5
3337	43
3338	43
3339	44
3340	37
3341	20
3342	1
3343	41
3344	4
3345	6
3346	32
3347	2
3348	79
3349	49
3350	30
3351	44
3352	23
3353	10
3354	74
3355	23
3356	81
3357	8
3358	73
3359	8
3360	7
3361	77
3362	15
3363	2
3364	18
3365	4
3366	23
3367	1
3368	2
3369	31
3370	7
3371	20
3372	28
3373	16
3374	64
3375	11
3376	11
3377	75
3378	59
3379	64
3380	4
3381	6
3382	59
3383	23
3384	64
3385	7
3386	82
3387	45
3388	65
3389	35
3390	12
3391	2
3392	70
3393	10
3394	7
3395	79
3396	14
3397	84
3398	33
3399	48
3400	32
3401	29
3402	86
3403	2
3404	58
3405	27
3406	21
3407	83
3408	22
3409	21
3410	44
3411	87
3412	28
3413	38
3414	27
3415	12
3416	85
3417	8
3418	28
3419	74
3420	24
3421	87
3422	72
3423	51
3424	65
3425	60
3426	73
3427	16
3428	18
3429	77
3430	35
3431	1
3432	35
3433	25
3434	27
3435	9
3436	42
3437	9
3438	87
3439	35
3440	6
3441	40
3442	35
3443	2
3444	64
3445	62
3446	60
3447	63
3448	87
3449	30
3450	20
3451	69
3452	38
3453	74
3454	27
3455	9
3456	5
3457	20
3458	31
3459	17
3460	9
3461	25
3462	21
3463	26
3464	56
3465	42
3466	40
3467	75
3468	28
3469	37
3470	2
3471	20
3472	20
3473	53
3474	79
3475	27
3476	20
3477	17
3478	81
3479	11
3480	7
3481	4
3482	81
3483	11
3484	27
3485	35
3486	23
3487	62
3488	87
3489	48
3490	6
3491	38
3492	36
3493	35
3494	46
3495	15
3496	74
3497	1
3498	47
3499	59
3500	61
3501	42
3502	37
3503	5
3504	79
3505	56
3506	33
3507	13
3508	4
3509	77
3510	14
3511	50
3512	8
3513	32
3514	8
3515	9
3516	1
3517	27
3518	68
3519	14
3520	34
3521	17
3522	33
3523	20
3524	45
3525	54
3526	42
3527	39
3528	85
3529	61
3530	16
3531	45
3532	38
3533	8
3534	74
3535	11
3536	47
3537	49
3538	30
3539	14
3540	16
3541	15
3542	33
3543	35
3544	11
3545	21
3546	68
3547	26
3548	10
3549	47
3550	18
3551	61
3552	20
3553	57
3554	37
3555	60
3556	54
3557	44
3558	50
3559	2
3560	28
3561	6
3562	73
3563	42
3564	52
3565	23
3566	62
3567	1
3568	47
3569	26
3570	80
3571	18
3572	49
3573	43
3574	75
3575	87
3576	2
3577	65
3578	30
3579	58
3580	57
3581	43
3582	44
3583	24
3584	15
3585	75
3586	44
3587	37
3588	24
3589	14
3590	26
3591	9
3592	6
3593	7
3594	35
3595	80
3596	45
3597	35
3598	41
3599	17
3600	38
3601	42
3602	52
3603	15
3604	82
3605	27
3606	10
3607	29
3608	73
3609	13
3610	1
3611	69
3612	13
3613	3
3614	12
3615	13
3616	37
3617	69
3618	34
3619	51
3620	55
3621	45
3622	75
3623	3
3624	12
3625	47
3626	23
3627	78
3628	15
3629	40
3630	11
3631	87
3632	44
3633	9
3634	7
3635	47
3636	67
3637	24
3638	7
3639	39
3640	32
3641	24
3642	5
3643	35
3644	3
3645	60
3646	64
3647	14
3648	63
3649	41
3650	43
3651	77
3652	16
3653	23
3654	5
3655	38
3656	75
3657	73
3658	1
3659	54
3660	77
3661	41
3662	20
3663	73
3664	13
3665	10
3666	69
3667	25
3668	59
3669	53
3670	57
3671	21
3672	41
3673	19
3674	2
3675	31
3676	30
3677	49
3678	85
3679	57
3680	20
3681	64
3682	3
3683	63
3684	26
3685	72
3686	39
3687	5
3688	27
3689	71
3690	9
3691	53
3692	19
3693	28
3694	64
3695	69
3696	48
3697	74
3698	11
3699	54
3700	12
3701	19
3702	16
3703	2
3704	55
3705	67
3706	4
3707	87
3708	9
3709	33
3710	9
3711	67
3712	3
3713	15
3714	59
3715	3
3716	69
3717	55
3718	21
3719	18
3720	61
3721	18
3722	6
3723	75
3724	45
3725	40
3726	3
3727	38
3728	26
3729	38
3730	64
3731	46
3732	63
3733	49
3734	27
3735	38
3736	8
3737	6
3738	22
3739	27
3740	56
3741	21
3742	7
3743	3
3744	6
3745	55
3746	34
3747	28
3748	43
3749	2
3750	11
3751	31
3752	19
3753	52
3754	23
3755	4
3756	14
3757	77
3758	84
3759	77
3760	62
3761	9
3762	74
3763	11
3764	20
3765	18
3766	31
3767	24
3768	35
3769	40
3770	61
3771	50
3772	4
3773	32
3774	66
3775	55
3776	46
3777	12
3778	14
3779	70
3780	18
3781	40
3782	53
3783	11
3784	44
3785	79
3786	59
3787	1
3788	20
3789	87
3790	62
3791	40
3792	47
3793	45
3794	16
3795	14
3796	8
3797	27
3798	34
3799	43
3800	64
3801	23
3802	21
3803	47
3804	53
3805	11
3806	9
3807	38
3808	44
3809	68
3810	13
3811	35
3812	86
3813	12
3814	21
3815	54
3816	46
3817	14
3818	3
3819	54
3820	70
3821	11
3822	80
3823	9
3824	8
3825	13
3826	22
3827	62
3828	30
3829	10
3830	40
3831	11
3832	39
3833	49
3834	68
3835	38
3836	30
3837	18
3838	42
3839	6
3840	16
3841	61
3842	65
3843	32
3844	12
3845	4
3846	32
3847	34
3848	11
3849	70
3850	31
3851	84
3852	6
3853	34
3854	9
3855	13
3856	15
3857	21
3858	73
3859	50
3860	52
3861	12
3862	43
3863	68
3864	34
3865	55
3866	30
3867	26
3868	24
3869	33
3870	73
3871	21
3872	20
3873	36
3874	39
3875	5
3876	81
3877	34
3878	39
3879	50
3880	74
3881	79
3882	74
3883	73
3884	22
3885	9
3886	4
3887	18
3888	11
3889	19
3890	56
3891	17
3892	52
3893	86
3894	28
3895	24
3896	10
3897	15
3898	41
3899	24
3900	73
3901	38
3902	65
3903	40
3904	48
3905	47
3906	79
3907	72
3908	87
3909	66
3910	73
3911	28
3912	47
3913	48
3914	84
3915	67
3916	20
3917	63
3918	26
3919	34
3920	22
3921	9
3922	18
3923	11
3924	63
3925	18
3926	80
3927	40
3928	57
3929	47
3930	7
3931	18
3932	52
3933	86
3934	80
3935	17
3936	23
3937	31
3938	39
3939	11
3940	64
3941	53
3942	34
3943	12
3944	17
3945	10
3946	65
3947	56
3948	56
3949	55
3950	42
3951	65
3952	65
3953	69
3954	82
3955	83
3956	28
3957	6
3958	5
3959	19
3960	27
3961	48
3962	32
3963	3
3964	85
3965	65
3966	71
3967	22
3968	30
3969	8
3970	20
3971	21
3972	4
3973	27
3974	18
3975	81
3976	26
3977	55
3978	67
3979	3
3980	36
3981	59
3982	50
3983	87
3984	4
3985	13
3986	31
3987	6
3988	30
3989	23
3990	44
3991	17
3992	55
3993	64
3994	30
3995	19
3996	42
3997	44
3998	19
3999	45
4000	26
4001	5
4002	27
4003	29
4004	28
4005	51
4006	51
4007	15
4008	27
4009	20
4010	3
4011	8
4012	31
4013	20
4014	47
4015	52
4016	28
4017	17
4018	5
4019	72
4020	50
4021	8
4022	15
4023	6
4024	37
4025	3
4026	60
4027	54
4028	43
4029	19
4030	10
4031	34
4032	10
4033	28
4034	79
4035	63
4036	25
4037	19
4038	81
4039	17
4040	50
4041	40
4042	42
4043	45
4044	11
4045	26
4046	58
4047	61
4048	68
4049	59
4050	12
4051	62
4052	60
4053	11
4054	3
4055	39
4056	13
4057	16
4058	87
4059	31
4060	66
4061	57
4062	12
4063	34
4064	70
4065	17
4066	34
4067	50
4068	19
4069	80
4070	5
4071	83
4072	41
4073	38
4074	84
4075	25
4076	17
4077	40
4078	42
4079	10
4080	10
4081	12
4082	45
4083	3
4084	51
4085	4
4086	41
4087	40
4088	47
4089	68
4090	19
4091	39
4092	4
4093	11
4094	80
4095	77
4096	40
4097	27
4098	75
4099	63
4100	54
4101	18
4102	8
4103	12
4104	30
4105	83
4106	30
4107	78
4108	4
4109	61
4110	80
4111	37
4112	20
4113	11
4114	86
4115	37
4116	10
4117	4
4118	16
4119	44
4120	22
4121	33
4122	27
4123	84
4124	2
4125	70
4126	14
4127	48
4128	50
4129	3
4130	79
4131	7
4132	50
4133	85
4134	79
4135	76
4136	5
4137	24
4138	8
4139	27
4140	6
4141	20
4142	59
4143	52
4144	46
4145	19
4146	86
4147	65
4148	47
4149	83
4150	40
4151	62
4152	23
4153	45
4154	38
4155	84
4156	62
4157	38
4158	36
4159	56
4160	35
4161	5
4162	17
4163	21
4164	10
4165	47
4166	17
4167	20
4168	61
4169	23
4170	23
4171	11
4172	33
4173	38
4174	10
4175	21
4176	1
4177	16
4178	52
4179	71
4180	20
4181	58
4182	14
4183	21
4184	7
4185	12
4186	27
4187	40
4188	38
4189	78
4190	29
4191	39
4192	16
4193	9
4194	14
4195	60
4196	24
4197	46
4198	13
4199	50
4200	47
4201	4
4202	17
4203	18
4204	53
4205	66
4206	5
4207	45
4208	85
4209	5
4210	49
4211	74
4212	5
4213	51
4214	68
4215	15
4216	40
4217	49
4218	23
4219	34
4220	11
4221	67
4222	46
4223	36
4224	72
4225	48
4226	52
4227	44
4228	38
4229	35
4230	24
4231	2
4232	13
4233	7
4234	22
4235	19
4236	41
4237	75
4238	1
4239	16
4240	19
4241	57
4242	17
4243	3
4244	54
4245	8
4246	5
4247	8
4248	6
4249	39
4250	83
4251	2
4252	44
4253	84
4254	58
4255	23
4256	29
4257	23
4258	30
4259	81
4260	49
4261	63
4262	24
4263	24
4264	29
4265	5
4266	75
4267	29
4268	27
4269	67
4270	1
4271	29
4272	2
4273	49
4274	35
4275	13
4276	39
4277	11
4278	21
4279	10
4280	27
4281	8
4282	36
4283	2
4284	25
4285	35
4286	14
4287	30
4288	25
4289	57
4290	68
4291	47
4292	52
4293	46
4294	1
4295	58
4296	27
4297	11
4298	6
4299	66
4300	57
4301	78
4302	69
4303	28
4304	71
4305	28
4306	24
4307	32
4308	34
4309	50
4310	14
4311	14
4312	52
4313	46
4314	54
4315	30
4316	52
4317	76
4318	83
4319	46
4320	27
4321	17
4322	12
4323	40
4324	71
4325	22
4326	26
4327	33
4328	3
4329	31
4330	70
4331	26
4332	69
4333	29
4334	10
4335	16
4336	10
4337	21
4338	51
4339	70
4340	64
4341	2
4342	36
4343	7
4344	76
4345	11
4346	65
4347	32
4348	54
4349	26
4350	13
4351	23
4352	75
4353	3
4354	45
4355	7
4356	17
4357	85
4358	15
4359	31
4360	8
4361	4
4362	13
4363	9
4364	34
4365	7
4366	22
4367	50
4368	2
4369	54
4370	43
4371	8
4372	66
4373	46
4374	51
4375	58
4376	20
4377	23
4378	85
4379	9
4380	54
4381	57
4382	48
4383	20
4384	61
4385	68
4386	84
4387	7
4388	17
4389	65
4390	22
4391	12
4392	26
4393	7
4394	35
4395	5
4396	7
4397	59
4398	17
4399	87
4400	77
4401	38
4402	56
4403	48
4404	74
4405	53
4406	24
4407	10
4408	5
4409	13
4410	50
4411	52
4412	43
4413	68
4414	5
4415	11
4416	65
4417	18
4418	22
4419	5
4420	56
4421	73
4422	64
4423	72
4424	5
4425	3
4426	76
4427	21
4428	61
4429	59
4430	43
4431	69
4432	41
4433	68
4434	62
4435	18
4436	41
4437	3
4438	16
4439	35
4440	6
4441	42
4442	14
4443	40
4444	45
4445	23
4446	45
4447	27
4448	11
4449	13
4450	77
4451	26
4452	24
4453	2
4454	59
4455	4
4456	18
4457	21
4458	48
4459	37
4460	22
4461	2
4462	31
4463	31
4464	42
4465	33
4466	51
4467	31
4468	52
4469	22
4470	78
4471	73
4472	57
4473	18
4474	25
4475	7
4476	54
4477	29
4478	62
4479	66
4480	68
4481	4
4482	33
4483	29
4484	18
4485	4
4486	68
4487	9
4488	9
4489	70
4490	18
4491	9
4492	34
4493	44
4494	9
4495	63
4496	21
4497	11
4498	87
4499	15
4500	79
4501	24
4502	69
4503	54
4504	3
4505	74
4506	5
4507	20
4508	70
4509	54
4510	61
4511	74
4512	18
4513	17
4514	14
4515	37
4516	87
4517	53
4518	12
4519	36
4520	20
4521	59
4522	72
4523	45
4524	14
4525	13
4526	31
4527	19
4528	22
4529	67
4530	74
4531	12
4532	48
4533	26
4534	79
4535	5
4536	13
4537	46
4538	67
4539	71
4540	63
4541	77
4542	10
4543	69
4544	14
4545	60
4546	70
4547	19
4548	6
4549	63
4550	5
4551	46
4552	38
4553	59
4554	30
4555	8
4556	58
4557	3
4558	10
4559	60
4560	25
4561	46
4562	22
4563	78
4564	39
4565	56
4566	5
4567	5
4568	15
4569	4
4570	7
4571	64
4572	41
4573	18
4574	74
4575	39
4576	86
4577	39
4578	6
4579	87
4580	3
4581	62
4582	50
4583	68
4584	47
4585	57
4586	3
4587	22
4588	82
4589	31
4590	13
4591	19
4592	9
4593	8
4594	34
4595	20
4596	59
4597	3
4598	21
4599	37
4600	2
4601	34
4602	24
4603	41
4604	21
4605	57
4606	8
4607	45
4608	17
4609	85
4610	81
4611	20
4612	66
4613	31
4614	62
4615	87
4616	75
4617	25
4618	64
4619	48
4620	28
4621	14
4622	64
4623	57
4624	64
4625	18
4626	33
4627	86
4628	12
4629	80
4630	37
4631	66
4632	45
4633	7
4634	80
4635	34
4636	3
4637	27
4638	69
4639	66
4640	5
4641	47
4642	5
4643	7
4644	45
4645	38
4646	54
4647	73
4648	12
4649	42
4650	24
4651	50
4652	26
4653	74
4654	83
4655	38
4656	23
4657	60
4658	7
4659	36
4660	9
4661	33
4662	50
4663	9
4664	5
4665	3
4666	75
4667	70
4668	31
4669	39
4670	40
4671	14
4672	46
4673	64
4674	80
4675	10
4676	18
4677	54
4678	45
4679	63
4680	16
4681	60
4682	34
4683	49
4684	6
4685	60
4686	10
4687	60
4688	11
4689	66
4690	56
4691	33
4692	58
4693	5
4694	80
4695	84
4696	42
4697	5
4698	36
4699	53
4700	37
4701	64
4702	72
4703	86
4704	35
4705	49
4706	34
4707	70
4708	34
4709	61
4710	28
4711	52
4712	12
4713	13
4714	10
4715	46
4716	30
4717	77
4718	83
4719	9
4720	15
4721	57
4722	40
4723	51
4724	29
4725	29
4726	28
4727	45
4728	16
4729	38
4730	61
4731	74
4732	8
4733	7
4734	86
4735	51
4736	4
4737	7
4738	21
4739	56
4740	68
4741	3
4742	56
4743	8
4744	83
4745	22
4746	14
4747	26
4748	64
4749	83
4750	61
4751	6
4752	22
4753	13
4754	12
4755	7
4756	50
4757	83
4758	65
4759	8
4760	17
4761	64
4762	5
4763	28
4764	45
4765	15
4766	25
4767	76
4768	12
4769	36
4770	63
4771	30
4772	83
4773	4
4774	43
4775	1
4776	16
4777	78
4778	39
4779	19
4780	47
4781	63
4782	41
4783	68
4784	29
4785	22
4786	14
4787	33
4788	16
4789	41
4790	11
4791	9
4792	67
4793	14
4794	25
4795	34
4796	26
4797	16
4798	66
4799	8
4800	21
4801	32
4802	8
4803	51
4804	32
4805	26
4806	75
4807	69
4808	39
4809	50
4810	21
4811	67
4812	37
4813	50
4814	66
4815	31
4816	58
4817	4
4818	71
4819	25
4820	1
4821	53
4822	36
4823	55
4824	81
4825	44
4826	3
4827	40
4828	32
4829	19
4830	55
4831	24
4832	57
4833	87
4834	87
4835	29
4836	58
4837	56
4838	77
4839	54
4840	24
4841	50
4842	19
4843	79
4844	51
4845	48
4846	54
4847	14
4848	16
4849	5
4850	65
4851	70
4852	33
4853	24
4854	19
4855	7
4856	16
4857	40
4858	15
4859	20
4860	20
4861	9
4862	14
4863	71
4864	2
4865	63
4866	75
4867	24
4868	15
4869	47
4870	27
4871	84
4872	5
4873	34
4874	3
4875	12
4876	9
4877	55
4878	35
4879	37
4880	48
4881	52
4882	66
4883	21
4884	30
4885	24
4886	6
4887	4
4888	17
4889	15
4890	29
4891	35
4892	6
4893	56
4894	15
4895	6
4896	33
4897	37
4898	28
4899	43
4900	11
4901	11
4902	54
4903	36
4904	45
4905	55
4906	35
4907	43
4908	13
4909	45
4910	60
4911	71
4912	66
4913	42
4914	32
4915	26
4916	58
4917	57
4918	14
4919	48
4920	23
4921	15
4922	68
4923	2
4924	8
4925	2
4926	58
4927	28
4928	15
4929	27
4930	41
4931	73
4932	19
4933	30
4934	55
4935	15
4936	25
4937	10
4938	74
4939	50
4940	24
4941	19
4942	13
4943	14
4944	26
4945	64
4946	11
4947	38
4948	11
4949	63
4950	56
4951	26
4952	5
4953	60
4954	36
4955	44
4956	29
4957	73
4958	47
4959	41
4960	57
4961	19
4962	58
4963	43
4964	41
4965	64
4966	16
4967	13
4968	17
4969	39
4970	46
4971	14
4972	39
4973	39
4974	39
4975	22
4976	34
4977	3
4978	41
4979	28
4980	39
4981	58
4982	22
4983	20
4984	19
4985	68
4986	44
4987	43
4988	21
4989	13
4990	74
4991	12
4992	61
4993	8
4994	25
4995	73
4996	62
4997	10
4998	42
4999	1
5000	39
