1	12
2	14
3	26
4	31
5	16
6	6
7	5
8	46
9	58
10	11
11	35
12	14
13	20
14	54
15	43
16	44
17	20
18	5
19	11
20	72
21	21
22	53
23	47
24	58
25	5
26	49
27	7
28	42
29	79
30	28
31	82
32	80
33	56
34	29
35	64
36	44
37	24
38	6
39	56
40	41
41	20
42	39
43	72
44	33
45	8
46	32
47	2
48	66
49	86
50	18
51	17
52	77
53	21
54	48
55	49
56	34
57	12
58	67
59	16
60	4
61	40
62	73
63	79
64	54
65	53
66	70
67	78
68	49
69	19
70	24
71	45
72	23
73	17
74	21
75	24
76	42
77	20
78	82
79	16
80	53
81	24
82	86
83	56
84	30
85	40
86	9
87	71
88	10
89	88
90	18
91	77
92	48
93	27
94	61
95	26
96	16
97	53
98	70
99	5
100	36
101	37
102	23
103	93
104	14
105	11
106	40
107	13
108	11
109	86
110	2
111	33
112	4
113	65
114	35
115	4
116	31
117	15
118	35
119	24
120	89
121	52
122	7
123	67
124	85
125	58
126	70
127	19
128	86
129	49
130	60
131	8
132	9
133	74
134	53
135	76
136	50
137	61
138	10
139	15
140	45
141	38
142	10
143	2
144	35
145	22
146	58
147	8
148	13
149	81
150	32
151	1
152	62
153	66
154	56
155	75
156	39
157	56
158	60
159	65
160	3
161	27
162	75
163	82
164	42
165	26
166	29
167	16
168	34
169	27
170	57
171	59
172	64
173	32
174	43
175	6
176	8
177	81
178	51
179	35
180	72
181	13
182	30
183	64
184	3
185	29
186	42
187	65
188	5
189	41
190	11
191	14
192	47
193	64
194	14
195	56
196	5
197	7
198	21
199	73
200	2
201	23
202	41
203	29
204	8
205	71
206	18
207	81
208	45
209	2
210	83
211	60
212	3
213	23
214	38
215	9
216	56
217	90
218	80
219	46
220	42
221	86
222	9
223	10
224	59
225	38
226	8
227	48
228	43
229	44
230	71
231	44
232	40
233	31
234	81
235	47
236	19
237	34
238	28
239	3
240	46
241	92
242	71
243	25
244	5
245	21
246	87
247	75
248	17
249	78
250	19
251	69
252	60
253	88
254	20
255	35
256	15
257	88
258	76
259	89
260	14
261	74
262	32
263	90
264	37
265	57
266	46
267	10
268	2
269	10
270	80
271	42
272	88
273	19
274	90
275	18
276	36
277	57
278	26
279	17
280	7
281	80
282	16
283	29
284	12
285	31
286	19
287	57
288	11
289	84
290	70
291	32
292	51
293	4
294	63
295	43
296	7
297	16
298	15
299	27
300	89
301	32
302	6
303	23
304	9
305	25
306	25
307	9
308	62
309	85
310	16
311	67
312	59
313	20
314	21
315	71
316	87
317	75
318	20
319	4
320	16
321	40
322	29
323	13
324	28
325	33
326	93
327	19
328	92
329	49
330	30
331	40
332	78
333	65
334	35
335	52
336	38
337	62
338	30
339	12
340	18
341	9
342	18
343	78
344	82
345	62
346	31
347	44
348	5
349	85
350	14
351	21
352	48
353	48
354	38
355	44
356	69
357	64
358	32
359	56
360	25
361	16
362	61
363	3
364	90
365	36
366	2
367	36
368	54
369	60
370	29
371	11
372	2
373	14
374	81
375	50
376	38
377	78
378	53
379	17
380	17
381	31
382	16
383	8
384	35
385	25
386	76
387	29
388	87
389	7
390	52
391	39
392	28
393	9
394	15
395	50
396	91
397	1
398	48
399	76
400	8
401	7
402	65
403	1
404	38
405	27
406	17
407	34
408	5
409	23
410	13
411	88
412	5
413	58
414	69
415	81
416	8
417	2
418	11
419	63
420	20
421	84
422	14
423	81
424	45
425	34
426	7
427	92
428	26
429	66
430	9
431	2
432	88
433	17
434	19
435	29
436	55
437	85
438	24
439	19
440	26
441	18
442	91
443	15
444	40
445	66
446	2
447	36
448	6
449	33
450	78
451	1
452	46
453	27
454	28
455	26
456	33
457	41
458	8
459	58
460	3
461	20
462	13
463	70
464	47
465	45
466	2
467	46
468	59
469	76
470	4
471	8
472	62
473	9
474	2
475	12
476	11
477	8
478	14
479	8
480	87
481	85
482	3
483	52
484	43
485	55
486	18
487	15
488	63
489	6
490	12
491	2
492	23
493	34
494	13
495	51
496	26
497	59
498	80
499	25
500	34
501	47
502	38
503	78
504	49
505	18
506	51
507	34
508	34
509	61
510	8
511	91
512	13
513	16
514	34
515	36
516	84
517	70
518	41
519	59
520	48
521	8
522	88
523	58
524	11
525	73
526	24
527	71
528	18
529	31
530	19
531	56
532	3
533	31
534	39
535	70
536	82
537	76
538	35
539	50
540	51
541	53
542	9
543	12
544	13
545	22
546	45
547	25
548	16
549	33
550	31
551	83
552	15
553	87
554	3
555	79
556	51
557	22
558	10
559	47
560	37
561	2
562	7
563	44
564	30
565	46
566	14
567	11
568	49
569	4
570	48
571	91
572	46
573	72
574	38
575	16
576	16
577	6
578	25
579	62
580	70
581	79
582	7
583	53
584	72
585	39
586	9
587	19
588	72
589	29
590	47
591	90
592	76
593	27
594	64
595	59
596	17
597	22
598	17
599	35
600	87
601	72
602	7
603	78
604	28
605	51
606	9
607	57
608	88
609	52
610	7
611	16
612	63
613	74
614	4
615	64
616	6
617	22
618	69
619	31
620	7
621	20
622	52
623	30
624	46
625	34
626	20
627	34
628	7
629	10
630	43
631	63
632	93
633	6
634	89
635	29
636	63
637	53
638	51
639	39
640	77
641	37
642	88
643	32
644	16
645	8
646	68
647	11
648	71
649	4
650	45
651	44
652	25
653	32
654	2
655	47
656	11
657	78
658	64
659	80
660	25
661	65
662	16
663	2
664	6
665	5
666	53
667	11
668	3
669	56
670	65
671	56
672	50
673	42
674	51
675	27
676	6
677	6
678	87
679	59
680	72
681	2
682	37
683	45
684	57
685	35
686	44
687	4
688	40
689	41
690	89
691	7
692	32
693	40
694	32
695	40
696	81
697	72
698	89
699	62
700	56
701	86
702	69
703	6
704	15
705	9
706	23
707	38
708	10
709	37
710	33
711	27
712	46
713	21
714	73
715	87
716	31
717	6
718	45
719	35
720	9
721	80
722	18
723	17
724	56
725	29
726	39
727	81
728	68
729	18
730	83
731	92
732	5
733	13
734	3
735	56
736	49
737	13
738	81
739	33
740	39
741	3
742	45
743	33
744	54
745	28
746	48
747	50
748	7
749	48
750	32
751	38
752	33
753	79
754	24
755	51
756	2
757	90
758	91
759	77
760	4
761	37
762	84
763	50
764	38
765	85
766	84
767	42
768	77
769	27
770	9
771	15
772	84
773	57
774	2
775	20
776	53
777	45
778	35
779	58
780	35
781	91
782	76
783	46
784	42
785	46
786	34
787	3
788	10
789	68
790	1
791	68
792	37
793	6
794	12
795	32
796	4
797	47
798	84
799	13
800	6
801	19
802	89
803	43
804	6
805	30
806	15
807	9
808	44
809	37
810	60
811	93
812	38
813	22
814	36
815	8
816	12
817	73
818	24
819	41
820	15
821	80
822	5
823	9
824	27
825	3
826	93
827	3
828	1
829	33
830	1
831	39
832	86
833	40
834	38
835	46
836	37
837	11
838	10
839	38
840	48
841	4
842	19
843	82
844	81
845	50
846	26
847	37
848	90
849	34
850	7
851	41
852	8
853	32
854	6
855	76
856	17
857	4
858	48
859	23
860	5
861	64
862	57
863	31
864	79
865	11
866	60
867	71
868	2
869	1
870	65
871	58
872	87
873	34
874	12
875	26
876	4
877	8
878	80
879	37
880	26
881	44
882	39
883	91
884	53
885	53
886	21
887	40
888	43
889	57
890	11
891	40
892	24
893	27
894	43
895	91
896	22
897	86
898	20
899	57
900	10
901	77
902	10
903	41
904	89
905	54
906	29
907	11
908	34
909	31
910	62
911	32
912	67
913	57
914	6
915	7
916	18
917	6
918	84
919	89
920	58
921	60
922	15
923	30
924	85
925	31
926	76
927	66
928	27
929	22
930	32
931	12
932	82
933	44
934	61
935	20
936	28
937	4
938	86
939	43
940	67
941	38
942	56
943	59
944	56
945	16
946	58
947	10
948	72
949	48
950	91
951	11
952	80
953	19
954	9
955	33
956	42
957	55
958	1
959	59
960	37
961	61
962	86
963	40
964	40
965	9
966	24
967	23
968	53
969	57
970	16
971	5
972	70
973	12
974	15
975	69
976	17
977	22
978	43
979	18
980	21
981	14
982	38
983	1
984	6
985	72
986	38
987	63
988	3
989	57
990	38
991	4
992	31
993	45
994	14
995	64
996	56
997	62
998	75
999	66
1000	2
1001	31
1002	18
1003	80
1004	24
1005	44
1006	29
1007	43
1008	3
1009	19
1010	56
1011	77
1012	44
1013	62
1014	44
1015	78
1016	50
1017	17
1018	91
1019	28
1020	55
1021	88
1022	90
1023	90
1024	4
1025	40
1026	54
1027	82
1028	52
1029	77
1030	52
1031	20
1032	4
1033	13
1034	80
1035	60
1036	31
1037	8
1038	22
1039	53
1040	7
1041	65
1042	2
1043	50
1044	77
1045	32
1046	21
1047	65
1048	40
1049	26
1050	26
1051	60
1052	57
1053	66
1054	64
1055	88
1056	81
1057	23
1058	8
1059	21
1060	19
1061	80
1062	83
1063	7
1064	37
1065	62
1066	62
1067	4
1068	3
1069	67
1070	18
1071	58
1072	40
1073	60
1074	35
1075	33
1076	89
1077	2
1078	17
1079	27
1080	71
1081	32
1082	55
1083	36
1084	33
1085	72
1086	2
1087	62
1088	37
1089	9
1090	20
1091	30
1092	67
1093	36
1094	48
1095	2
1096	80
1097	5
1098	42
1099	16
1100	50
1101	76
1102	77
1103	77
1104	19
1105	29
1106	29
1107	49
1108	24
1109	48
1110	59
1111	20
1112	37
1113	3
1114	26
1115	66
1116	5
1117	49
1118	53
1119	67
1120	35
1121	52
1122	79
1123	38
1124	74
1125	64
1126	7
1127	12
1128	76
1129	73
1130	64
1131	6
1132	42
1133	27
1134	86
1135	34
1136	81
1137	54
1138	17
1139	51
1140	17
1141	41
1142	36
1143	8
1144	36
1145	23
1146	30
1147	12
1148	37
1149	83
1150	6
1151	24
1152	79
1153	59
1154	22
1155	8
1156	43
1157	80
1158	21
1159	62
1160	83
1161	72
1162	86
1163	68
1164	69
1165	9
1166	28
1167	30
1168	51
1169	23
1170	9
1171	27
1172	32
1173	72
1174	10
1175	3
1176	17
1177	2
1178	8
1179	63
1180	2
1181	63
1182	21
1183	21
1184	65
1185	22
1186	48
1187	33
1188	73
1189	83
1190	48
1191	16
1192	48
1193	2
1194	89
1195	49
1196	54
1197	91
1198	4
1199	92
1200	69
1201	70
1202	45
1203	58
1204	63
1205	9
1206	11
1207	4
1208	24
1209	80
1210	13
1211	89
1212	61
1213	17
1214	23
1215	34
1216	30
1217	79
1218	47
1219	73
1220	86
1221	93
1222	9
1223	21
1224	32
1225	57
1226	28
1227	40
1228	16
1229	17
1230	48
1231	83
1232	50
1233	15
1234	13
1235	4
1236	17
1237	2
1238	61
1239	86
1240	28
1241	89
1242	18
1243	6
1244	75
1245	78
1246	8
1247	29
1248	35
1249	39
1250	11
1251	22
1252	34
1253	20
1254	54
1255	31
1256	88
1257	42
1258	26
1259	68
1260	66
1261	5
1262	74
1263	4
1264	30
1265	11
1266	85
1267	66
1268	24
1269	14
1270	33
1271	36
1272	50
1273	11
1274	56
1275	88
1276	81
1277	81
1278	59
1279	83
1280	52
1281	21
1282	19
1283	2
1284	12
1285	85
1286	39
1287	45
1288	23
1289	72
1290	23
1291	25
1292	10
1293	50
1294	60
1295	32
1296	76
1297	93
1298	49
1299	91
1300	68
1301	65
1302	56
1303	15
1304	5
1305	47
1306	32
1307	46
1308	23
1309	79
1310	22
1311	66
1312	4
1313	21
1314	46
1315	5
1316	76
1317	92
1318	20
1319	39
1320	72
1321	11
1322	18
1323	30
1324	2
1325	32
1326	34
1327	70
1328	37
1329	23
1330	9
1331	19
1332	78
1333	76
1334	64
1335	32
1336	14
1337	75
1338	44
1339	60
1340	1
1341	6
1342	37
1343	16
1344	12
1345	38
1346	54
1347	12
1348	67
1349	62
1350	89
1351	82
1352	23
1353	2
1354	4
1355	13
1356	81
1357	22
1358	34
1359	31
1360	27
1361	85
1362	74
1363	52
1364	1
1365	82
1366	67
1367	29
1368	20
1369	20
1370	66
1371	82
1372	37
1373	53
1374	89
1375	81
1376	39
1377	17
1378	20
1379	60
1380	5
1381	14
1382	2
1383	68
1384	74
1385	47
1386	66
1387	32
1388	32
1389	20
1390	52
1391	35
1392	44
1393	57
1394	82
1395	83
1396	34
1397	42
1398	14
1399	31
1400	5
1401	82
1402	27
1403	24
1404	83
1405	53
1406	37
1407	83
1408	63
1409	16
1410	87
1411	62
1412	50
1413	39
1414	60
1415	55
1416	24
1417	7
1418	38
1419	44
1420	20
1421	15
1422	74
1423	7
1424	10
1425	52
1426	11
1427	59
1428	25
1429	89
1430	70
1431	28
1432	6
1433	15
1434	72
1435	11
1436	72
1437	25
1438	14
1439	18
1440	7
1441	63
1442	31
1443	54
1444	66
1445	84
1446	93
1447	30
1448	38
1449	3
1450	17
1451	41
1452	52
1453	77
1454	7
1455	2
1456	42
1457	30
1458	8
1459	19
1460	85
1461	75
1462	2
1463	17
1464	30
1465	24
1466	82
1467	53
1468	87
1469	45
1470	22
1471	5
1472	71
1473	34
1474	10
1475	22
1476	12
1477	89
1478	23
1479	83
1480	88
1481	1
1482	12
1483	75
1484	67
1485	39
1486	47
1487	49
1488	87
1489	23
1490	29
1491	6
1492	60
1493	41
1494	90
1495	20
1496	18
1497	1
1498	26
1499	44
1500	59
1501	74
1502	68
1503	87
1504	55
1505	34
1506	87
1507	41
1508	31
1509	54
1510	8
1511	69
1512	44
1513	37
1514	56
1515	5
1516	7
1517	74
1518	41
1519	75
1520	17
1521	23
1522	75
1523	16
1524	30
1525	14
1526	7
1527	23
1528	40
1529	13
1530	27
1531	72
1532	82
1533	19
1534	34
1535	54
1536	59
1537	76
1538	14
1539	30
1540	23
1541	26
1542	71
1543	84
1544	52
1545	22
1546	59
1547	75
1548	6
1549	41
1550	79
1551	34
1552	29
1553	9
1554	30
1555	53
1556	72
1557	77
1558	25
1559	66
1560	82
1561	34
1562	14
1563	86
1564	77
1565	78
1566	19
1567	26
1568	14
1569	7
1570	5
1571	85
1572	10
1573	34
1574	55
1575	88
1576	18
1577	15
1578	77
1579	3
1580	1
1581	13
1582	9
1583	15
1584	20
1585	33
1586	54
1587	35
1588	73
1589	33
1590	13
1591	23
1592	28
1593	62
1594	79
1595	6
1596	23
1597	38
1598	8
1599	1
1600	89
1601	4
1602	50
1603	50
1604	48
1605	44
1606	81
1607	36
1608	51
1609	2
1610	1
1611	9
1612	67
1613	58
1614	54
1615	81
1616	11
1617	25
1618	55
1619	43
1620	31
1621	28
1622	8
1623	86
1624	7
1625	73
1626	66
1627	91
1628	23
1629	54
1630	35
1631	21
1632	70
1633	75
1634	40
1635	49
1636	9
1637	2
1638	20
1639	25
1640	33
1641	6
1642	22
1643	43
1644	31
1645	31
1646	10
1647	9
1648	46
1649	73
1650	74
1651	4
1652	87
1653	25
1654	30
1655	13
1656	14
1657	70
1658	2
1659	7
1660	18
1661	45
1662	26
1663	16
1664	21
1665	23
1666	31
1667	11
1668	28
1669	32
1670	11
1671	26
1672	90
1673	24
1674	49
1675	8
1676	64
1677	62
1678	22
1679	2
1680	22
1681	41
1682	36
1683	12
1684	93
1685	27
1686	74
1687	30
1688	52
1689	15
1690	13
1691	75
1692	3
1693	8
1694	10
1695	53
1696	52
1697	5
1698	11
1699	2
1700	27
1701	51
1702	8
1703	93
1704	78
1705	15
1706	86
1707	19
1708	25
1709	66
1710	12
1711	45
1712	44
1713	66
1714	1
1715	80
1716	65
1717	23
1718	12
1719	54
1720	60
1721	22
1722	32
1723	88
1724	28
1725	13
1726	12
1727	15
1728	46
1729	51
1730	44
1731	22
1732	61
1733	5
1734	45
1735	7
1736	11
1737	28
1738	2
1739	71
1740	73
1741	21
1742	14
1743	29
1744	6
1745	3
1746	32
1747	75
1748	7
1749	17
1750	75
1751	37
1752	89
1753	74
1754	27
1755	13
1756	27
1757	52
1758	61
1759	55
1760	84
1761	48
1762	66
1763	21
1764	27
1765	65
1766	39
1767	16
1768	35
1769	71
1770	39
1771	61
1772	29
1773	17
1774	71
1775	36
1776	37
1777	92
1778	27
1779	64
1780	73
1781	1
1782	19
1783	30
1784	15
1785	3
1786	90
1787	33
1788	84
1789	11
1790	78
1791	64
1792	67
1793	39
1794	84
1795	20
1796	44
1797	12
1798	17
1799	21
1800	38
1801	74
1802	54
1803	24
1804	8
1805	6
1806	4
1807	7
1808	29
1809	92
1810	13
1811	87
1812	40
1813	13
1814	2
1815	90
1816	57
1817	4
1818	43
1819	13
1820	17
1821	82
1822	23
1823	9
1824	70
1825	87
1826	17
1827	5
1828	23
1829	3
1830	68
1831	59
1832	55
1833	72
1834	23
1835	84
1836	83
1837	12
1838	90
1839	18
1840	69
1841	49
1842	21
1843	61
1844	71
1845	90
1846	2
1847	63
1848	35
1849	40
1850	89
1851	5
1852	90
1853	74
1854	8
1855	31
1856	53
1857	13
1858	46
1859	19
1860	54
1861	45
1862	1
1863	19
1864	5
1865	26
1866	80
1867	27
1868	5
1869	38
1870	6
1871	64
1872	12
1873	19
1874	9
1875	30
1876	49
1877	14
1878	27
1879	13
1880	92
1881	53
1882	67
1883	57
1884	23
1885	58
1886	46
1887	6
1888	52
1889	25
1890	40
1891	28
1892	35
1893	35
1894	18
1895	68
1896	4
1897	4
1898	8
1899	72
1900	60
1901	61
1902	25
1903	25
1904	27
1905	70
1906	20
1907	84
1908	27
1909	28
1910	11
1911	47
1912	15
1913	51
1914	14
1915	35
1916	21
1917	73
1918	3
1919	45
1920	9
1921	57
1922	17
1923	9
1924	18
1925	36
1926	86
1927	45
1928	23
1929	29
1930	6
1931	32
1932	5
1933	68
1934	11
1935	2
1936	51
1937	16
1938	35
1939	21
1940	5
1941	59
1942	4
1943	77
1944	33
1945	35
1946	50
1947	39
1948	90
1949	8
1950	92
1951	16
1952	10
1953	87
1954	92
1955	2
1956	33
1957	16
1958	8
1959	10
1960	82
1961	63
1962	20
1963	79
1964	15
1965	22
1966	58
1967	17
1968	44
1969	54
1970	49
1971	16
1972	10
1973	46
1974	44
1975	15
1976	45
1977	20
1978	69
1979	54
1980	3
1981	43
1982	51
1983	92
1984	41
1985	31
1986	63
1987	81
1988	36
1989	1
1990	10
1991	56
1992	4
1993	27
1994	30
1995	35
1996	81
1997	7
1998	51
1999	17
2000	17
2001	91
2002	11
2003	74
2004	56
2005	84
2006	20
2007	43
2008	47
2009	18
2010	32
2011	40
2012	21
2013	18
2014	24
2015	30
2016	77
2017	10
2018	64
2019	84
2020	29
2021	26
2022	62
2023	37
2024	42
2025	12
2026	4
2027	14
2028	6
2029	90
2030	26
2031	25
2032	17
2033	6
2034	9
2035	38
2036	77
2037	71
2038	10
2039	75
2040	37
2041	19
2042	5
2043	30
2044	20
2045	34
2046	35
2047	2
2048	28
2049	13
2050	5
2051	22
2052	13
2053	53
2054	68
2055	2
2056	12
2057	52
2058	70
2059	30
2060	24
2061	63
2062	7
2063	14
2064	25
2065	5
2066	34
2067	14
2068	36
2069	8
2070	47
2071	27
2072	9
2073	73
2074	30
2075	87
2076	29
2077	33
2078	91
2079	16
2080	93
2081	4
2082	40
2083	14
2084	70
2085	12
2086	7
2087	33
2088	33
2089	20
2090	70
2091	24
2092	41
2093	35
2094	4
2095	69
2096	42
2097	71
2098	69
2099	65
2100	16
2101	86
2102	8
2103	93
2104	2
2105	55
2106	57
2107	36
2108	10
2109	26
2110	7
2111	40
2112	42
2113	78
2114	4
2115	43
2116	84
2117	7
2118	1
2119	13
2120	30
2121	10
2122	35
2123	39
2124	45
2125	43
2126	51
2127	29
2128	83
2129	3
2130	92
2131	57
2132	3
2133	73
2134	57
2135	26
2136	23
2137	59
2138	30
2139	85
2140	17
2141	44
2142	82
2143	10
2144	77
2145	41
2146	25
2147	7
2148	83
2149	80
2150	46
2151	55
2152	39
2153	90
2154	59
2155	87
2156	74
2157	51
2158	61
2159	84
2160	80
2161	3
2162	11
2163	37
2164	3
2165	12
2166	70
2167	11
2168	16
2169	11
2170	48
2171	1
2172	6
2173	27
2174	79
2175	24
2176	24
2177	49
2178	8
2179	83
2180	43
2181	24
2182	49
2183	18
2184	2
2185	56
2186	62
2187	86
2188	16
2189	12
2190	64
2191	46
2192	2
2193	3
2194	91
2195	2
2196	3
2197	17
2198	51
2199	6
2200	83
2201	38
2202	47
2203	39
2204	77
2205	88
2206	19
2207	70
2208	40
2209	27
2210	63
2211	32
2212	72
2213	65
2214	5
2215	18
2216	27
2217	42
2218	84
2219	81
2220	36
2221	18
2222	68
2223	63
2224	7
2225	90
2226	85
2227	5
2228	13
2229	53
2230	39
2231	70
2232	37
2233	52
2234	77
2235	65
2236	38
2237	14
2238	39
2239	85
2240	14
2241	32
2242	15
2243	17
2244	24
2245	5
2246	22
2247	42
2248	25
2249	33
2250	9
2251	47
2252	1
2253	38
2254	83
2255	24
2256	34
2257	73
2258	18
2259	41
2260	71
2261	28
2262	45
2263	43
2264	4
2265	38
2266	24
2267	38
2268	26
2269	4
2270	44
2271	6
2272	47
2273	16
2274	33
2275	7
2276	27
2277	10
2278	39
2279	30
2280	56
2281	62
2282	79
2283	57
2284	5
2285	91
2286	1
2287	26
2288	50
2289	55
2290	87
2291	27
2292	25
2293	65
2294	16
2295	2
2296	60
2297	47
2298	55
2299	29
2300	92
2301	15
2302	24
2303	46
2304	5
2305	52
2306	76
2307	82
2308	18
2309	92
2310	32
2311	38
2312	9
2313	64
2314	1
2315	57
2316	7
2317	4
2318	26
2319	26
2320	49
2321	13
2322	10
2323	58
2324	60
2325	83
2326	92
2327	10
2328	84
2329	2
2330	2
2331	29
2332	68
2333	46
2334	4
2335	44
2336	3
2337	14
2338	82
2339	45
2340	64
2341	49
2342	45
2343	12
2344	58
2345	6
2346	34
2347	78
2348	20
2349	17
2350	65
2351	5
2352	25
2353	83
2354	4
2355	55
2356	88
2357	20
2358	45
2359	2
2360	10
2361	77
2362	91
2363	68
2364	84
2365	88
2366	49
2367	55
2368	13
2369	13
2370	54
2371	81
2372	14
2373	12
2374	34
2375	8
2376	15
2377	88
2378	44
2379	57
2380	36
2381	44
2382	70
2383	93
2384	9
2385	39
2386	83
2387	17
2388	1
2389	19
2390	9
2391	25
2392	50
2393	67
2394	21
2395	32
2396	14
2397	78
2398	15
2399	2
2400	46
2401	85
2402	61
2403	24
2404	16
2405	34
2406	5
2407	56
2408	4
2409	65
2410	10
2411	7
2412	45
2413	92
2414	2
2415	22
2416	14
2417	5
2418	11
2419	59
2420	16
2421	24
2422	55
2423	85
2424	1
2425	71
2426	20
2427	7
2428	49
2429	66
2430	47
2431	84
2432	38
2433	56
2434	21
2435	48
2436	87
2437	51
2438	32
2439	29
2440	70
2441	51
2442	58
2443	32
2444	13
2445	60
2446	63
2447	8
2448	34
2449	65
2450	47
2451	76
2452	3
2453	39
2454	92
2455	9
2456	43
2457	51
2458	72
2459	46
2460	5
2461	1
2462	58
2463	58
2464	47
2465	34
2466	80
2467	2
2468	16
2469	83
2470	25
2471	32
2472	59
2473	18
2474	92
2475	48
2476	63
2477	26
2478	31
2479	55
2480	45
2481	83
2482	3
2483	48
2484	85
2485	87
2486	69
2487	61
2488	5
2489	38
2490	18
2491	60
2492	26
2493	27
2494	42
2495	37
2496	41
2497	8
2498	32
2499	6
2500	26
2501	3
2502	41
2503	39
2504	7
2505	91
2506	12
2507	47
2508	73
2509	66
2510	31
2511	12
2512	44
2513	3
2514	19
2515	31
2516	50
2517	34
2518	62
2519	56
2520	77
2521	70
2522	61
2523	9
2524	8
2525	6
2526	54
2527	34
2528	3
2529	13
2530	3
2531	33
2532	53
2533	44
2534	9
2535	7
2536	83
2537	15
2538	42
2539	52
2540	69
2541	73
2542	29
2543	19
2544	26
2545	15
2546	91
2547	14
2548	60
2549	22
2550	71
2551	13
2552	6
2553	72
2554	76
2555	71
2556	40
2557	12
2558	12
2559	91
2560	68
2561	21
2562	19
2563	57
2564	2
2565	32
2566	43
2567	30
2568	89
2569	85
2570	4
2571	85
2572	46
2573	15
2574	47
2575	10
2576	19
2577	1
2578	30
2579	3
2580	1
2581	11
2582	58
2583	22
2584	4
2585	83
2586	11
2587	2
2588	37
2589	17
2590	4
2591	50
2592	23
2593	77
2594	14
2595	12
2596	78
2597	30
2598	10
2599	58
2600	26
2601	23
2602	13
2603	77
2604	39
2605	4
2606	47
2607	10
2608	24
2609	79
2610	62
2611	78
2612	23
2613	61
2614	22
2615	91
2616	22
2617	66
2618	11
2619	92
2620	13
2621	55
2622	17
2623	10
2624	78
2625	58
2626	42
2627	67
2628	86
2629	42
2630	13
2631	12
2632	10
2633	15
2634	16
2635	63
2636	82
2637	1
2638	57
2639	54
2640	75
2641	7
2642	55
2643	81
2644	77
2645	7
2646	80
2647	69
2648	32
2649	76
2650	51
2651	19
2652	29
2653	5
2654	34
2655	44
2656	67
2657	24
2658	8
2659	3
2660	83
2661	17
2662	12
2663	79
2664	39
2665	20
2666	18
2667	75
2668	35
2669	9
2670	84
2671	9
2672	15
2673	39
2674	10
2675	6
2676	4
2677	74
2678	74
2679	2
2680	14
2681	77
2682	14
2683	12
2684	28
2685	67
2686	14
2687	20
2688	82
2689	10
2690	4
2691	41
2692	10
2693	93
2694	52
2695	45
2696	41
2697	36
2698	46
2699	66
2700	84
2701	17
2702	15
2703	16
2704	66
2705	57
2706	30
2707	6
2708	68
2709	14
2710	6
2711	66
2712	52
2713	3
2714	46
2715	72
2716	4
2717	2
2718	7
2719	91
2720	22
2721	49
2722	16
2723	64
2724	19
2725	12
2726	57
2727	54
2728	24
2729	43
2730	15
2731	29
2732	34
2733	56
2734	59
2735	3
2736	26
2737	35
2738	35
2739	83
2740	84
2741	55
2742	77
2743	30
2744	46
2745	88
2746	33
2747	42
2748	42
2749	64
2750	66
2751	2
2752	86
2753	35
2754	26
2755	13
2756	45
2757	21
2758	22
2759	4
2760	3
2761	87
2762	10
2763	90
2764	78
2765	4
2766	85
2767	51
2768	21
2769	3
2770	23
2771	42
2772	24
2773	9
2774	3
2775	14
2776	19
2777	4
2778	92
2779	49
2780	33
2781	39
2782	46
2783	7
2784	76
2785	44
2786	12
2787	33
2788	18
2789	29
2790	4
2791	37
2792	18
2793	72
2794	59
2795	8
2796	74
2797	17
2798	18
2799	76
2800	3
2801	68
2802	61
2803	23
2804	88
2805	33
2806	10
2807	12
2808	15
2809	90
2810	13
2811	35
2812	26
2813	49
2814	24
2815	59
2816	60
2817	74
2818	21
2819	1
2820	28
2821	19
2822	15
2823	67
2824	44
2825	12
2826	88
2827	20
2828	68
2829	47
2830	22
2831	19
2832	84
2833	3
2834	32
2835	30
2836	13
2837	35
2838	91
2839	53
2840	37
2841	76
2842	74
2843	42
2844	9
2845	52
2846	3
2847	36
2848	52
2849	87
2850	86
2851	39
2852	63
2853	30
2854	55
2855	14
2856	76
2857	9
2858	73
2859	92
2860	75
2861	58
2862	51
2863	13
2864	6
2865	9
2866	45
2867	57
2868	25
2869	55
2870	26
2871	51
2872	65
2873	7
2874	3
2875	9
2876	8
2877	28
2878	5
2879	12
2880	17
2881	57
2882	87
2883	7
2884	86
2885	41
2886	10
2887	2
2888	17
2889	15
2890	67
2891	59
2892	57
2893	24
2894	61
2895	10
2896	11
2897	7
2898	38
2899	16
2900	27
2901	60
2902	38
2903	17
2904	64
2905	81
2906	7
2907	40
2908	83
2909	15
2910	49
2911	35
2912	18
2913	7
2914	11
2915	46
2916	22
2917	21
2918	19
2919	66
2920	55
2921	41
2922	91
2923	22
2924	74
2925	37
2926	28
2927	30
2928	36
2929	75
2930	18
2931	50
2932	45
2933	75
2934	34
2935	25
2936	34
2937	46
2938	22
2939	88
2940	50
2941	36
2942	14
2943	59
2944	3
2945	11
2946	20
2947	87
2948	60
2949	6
2950	77
2951	41
2952	82
2953	92
2954	65
2955	10
2956	18
2957	67
2958	47
2959	11
2960	6
2961	75
2962	57
2963	6
2964	7
2965	67
2966	83
2967	29
2968	2
2969	28
2970	48
2971	87
2972	2
2973	61
2974	50
2975	62
2976	26
2977	53
2978	2
2979	29
2980	67
2981	71
2982	54
2983	51
2984	21
2985	25
2986	86
2987	52
2988	9
2989	11
2990	42
2991	12
2992	5
2993	8
2994	7
2995	22
2996	26
2997	87
2998	14
2999	54
3000	13
3001	32
3002	62
3003	1
3004	26
3005	3
3006	45
3007	65
3008	49
3009	9
3010	76
3011	76
3012	16
3013	41
3014	36
3015	9
3016	20
3017	75
3018	14
3019	25
3020	36
3021	73
3022	37
3023	10
3024	54
3025	68
3026	44
3027	71
3028	20
3029	36
3030	65
3031	3
3032	17
3033	6
3034	78
3035	7
3036	20
3037	36
3038	49
3039	2
3040	6
3041	67
3042	28
3043	88
3044	51
3045	93
3046	64
3047	3
3048	15
3049	31
3050	16
3051	26
3052	22
3053	39
3054	70
3055	27
3056	23
3057	38
3058	4
3059	11
3060	10
3061	60
3062	72
3063	14
3064	88
3065	77
3066	42
3067	33
3068	1
3069	21
3070	32
3071	52
3072	23
3073	20
3074	78
3075	81
3076	73
3077	7
3078	40
3079	28
3080	67
3081	62
3082	88
3083	51
3084	81
3085	39
3086	6
3087	59
3088	55
3089	80
3090	71
3091	4
3092	32
3093	35
3094	88
3095	63
3096	1
3097	3
3098	79
3099	15
3100	6
3101	33
3102	13
3103	38
3104	93
3105	52
3106	45
3107	86
3108	17
3109	48
3110	50
3111	57
3112	8
3113	31
3114	30
3115	43
3116	14
3117	54
3118	22
3119	39
3120	3
3121	15
3122	50
3123	10
3124	24
3125	61
3126	31
3127	40
3128	55
3129	92
3130	27
3131	14
3132	52
3133	2
3134	10
3135	82
3136	33
3137	25
3138	12
3139	9
3140	6
3141	44
3142	61
3143	20
3144	67
3145	65
3146	55
3147	1
3148	31
3149	65
3150	54
3151	38
3152	10
3153	47
3154	75
3155	3
3156	28
3157	66
3158	42
3159	69
3160	14
3161	52
3162	30
3163	12
3164	36
3165	56
3166	5
3167	60
3168	71
3169	39
3170	33
3171	64
3172	15
3173	9
3174	42
3175	73
3176	10
3177	14
3178	54
3179	92
3180	20
3181	86
3182	4
3183	53
3184	15
3185	79
3186	44
3187	29
3188	8
3189	59
3190	5
3191	37
3192	4
3193	56
3194	74
3195	33
3196	16
3197	4
3198	1
3199	91
3200	29
3201	71
3202	90
3203	42
3204	55
3205	78
3206	18
3207	60
3208	89
3209	50
3210	33
3211	34
3212	56
3213	9
3214	11
3215	18
3216	68
3217	13
3218	26
3219	22
3220	12
3221	52
3222	31
3223	19
3224	13
3225	49
3226	4
3227	43
3228	55
3229	68
3230	19
3231	54
3232	13
3233	67
3234	42
3235	39
3236	24
3237	4
3238	33
3239	18
3240	75
3241	21
3242	3
3243	7
3244	3
3245	52
3246	3
3247	31
3248	48
3249	90
3250	26
3251	12
3252	51
3253	83
3254	27
3255	9
3256	44
3257	18
3258	25
3259	34
3260	68
3261	19
3262	36
3263	72
3264	85
3265	26
3266	14
3267	24
3268	28
3269	26
3270	78
3271	5
3272	52
3273	62
3274	77
3275	44
3276	28
3277	42
3278	4
3279	23
3280	41
3281	49
3282	21
3283	25
3284	22
3285	76
3286	76
3287	42
3288	14
3289	23
3290	42
3291	89
3292	79
3293	47
3294	7
3295	3
3296	4
3297	8
3298	64
3299	49
3300	26
3301	30
3302	4
3303	30
3304	2
3305	35
3306	1
3307	41
3308	63
3309	72
3310	42
3311	67
3312	82
3313	21
3314	23
3315	61
3316	25
3317	63
3318	7
3319	1
3320	5
3321	82
3322	48
3323	19
3324	62
3325	40
3326	28
3327	50
3328	25
3329	38
3330	88
3331	2
3332	25
3333	62
3334	35
3335	47
3336	58
3337	9
3338	90
3339	70
3340	43
3341	30
3342	1
3343	5
3344	46
3345	46
3346	47
3347	39
3348	21
3349	44
3350	4
3351	6
3352	34
3353	2
3354	85
3355	52
3356	31
3357	46
3358	24
3359	10
3360	79
3361	24
3362	87
3363	8
3364	78
3365	8
3366	7
3367	1
3368	82
3369	16
3370	2
3371	18
3372	4
3373	24
3374	2
3375	32
3376	7
3377	21
3378	30
3379	16
3380	69
3381	12
3382	11
3383	81
3384	64
3385	69
3386	4
3387	6
3388	63
3389	24
3390	68
3391	8
3392	88
3393	48
3394	70
3395	37
3396	12
3397	2
3398	76
3399	10
3400	7
3401	85
3402	15
3403	90
3404	34
3405	51
3406	34
3407	31
3408	92
3409	2
3410	62
3411	28
3412	22
3413	89
3414	23
3415	22
3416	46
3417	93
3418	29
3419	40
3420	28
3421	13
3422	91
3423	8
3424	30
3425	80
3426	25
3427	93
3428	77
3429	54
3430	70
3431	64
3432	78
3433	17
3434	19
3435	82
3436	37
3437	37
3438	26
3439	28
3440	10
3441	44
3442	10
3443	93
3444	37
3445	6
3446	42
3447	37
3448	2
3449	68
3450	67
3451	64
3452	67
3453	93
3454	31
3455	21
3456	74
3457	40
3458	79
3459	29
3460	9
3461	5
3462	21
3463	33
3464	18
3465	10
3466	26
3467	22
3468	28
3469	61
3470	44
3471	43
3472	80
3473	29
3474	39
3475	2
3476	21
3477	21
3478	56
3479	84
3480	28
3481	21
3482	18
3483	86
3484	12
3485	7
3486	4
3487	87
3488	12
3489	29
3490	37
3491	24
3492	67
3493	93
3494	51
3495	6
3496	40
3497	38
3498	37
3499	48
3500	15
3501	80
3502	50
3503	64
3504	65
3505	45
3506	39
3507	6
3508	84
3509	60
3510	34
3511	14
3512	5
3513	83
3514	15
3515	54
3516	1
3517	8
3518	34
3519	8
3520	9
3521	28
3522	73
3523	14
3524	35
3525	18
3526	35
3527	21
3528	48
3529	58
3530	45
3531	41
3532	91
3533	66
3534	17
3535	47
3536	40
3537	8
3538	80
3539	12
3540	50
3541	52
3542	31
3543	15
3544	16
3545	16
3546	35
3547	36
3548	12
3549	22
3550	73
3551	27
3552	11
3553	50
3554	19
3555	66
3556	21
3557	61
3558	40
3559	64
3560	58
3561	47
3562	53
3563	2
3564	29
3565	6
3566	78
3567	1
3568	44
3569	55
3570	25
3571	66
3572	50
3573	27
3574	85
3575	18
3576	52
3577	45
3578	80
3579	93
3580	2
3581	69
3582	32
3583	63
3584	62
3585	46
3586	47
3587	25
3588	16
3589	80
3590	47
3591	39
3592	25
3593	15
3594	27
3595	10
3596	6
3597	7
3598	37
3599	86
3600	48
3601	37
3602	43
3603	18
3604	40
3605	44
3606	56
3607	16
3608	88
3609	28
3610	1
3611	10
3612	30
3613	78
3614	14
3615	74
3616	14
3617	3
3618	13
3619	13
3620	39
3621	74
3622	36
3623	54
3624	59
3625	48
3626	81
3627	3
3628	13
3629	50
3630	24
3631	84
3632	15
3633	43
3634	12
3635	93
3636	46
3637	9
3638	7
3639	50
3640	72
3641	25
3642	7
3643	41
3644	33
3645	25
3646	5
3647	37
3648	3
3649	65
3650	69
3651	14
3652	68
3653	43
3654	45
3655	82
3656	17
3657	24
3658	1
3659	5
3660	40
3661	81
3662	79
3663	57
3664	83
3665	44
3666	21
3667	78
3668	14
3669	11
3670	75
3671	26
3672	63
3673	56
3674	61
3675	22
3676	44
3677	20
3678	2
3679	32
3680	31
3681	52
3682	91
3683	62
3684	21
3685	69
3686	3
3687	68
3688	28
3689	78
3690	41
3691	5
3692	28
3693	77
3694	10
3695	56
3696	20
3697	30
3698	69
3699	74
3700	51
3701	79
3702	11
3703	58
3704	13
3705	20
3706	17
3707	2
3708	59
3709	72
3710	4
3711	93
3712	10
3713	35
3714	10
3715	72
3716	3
3717	16
3718	64
3719	3
3720	75
3721	59
3722	22
3723	19
3724	66
3725	19
3726	6
3727	81
3728	47
3729	42
3730	4
3731	41
3732	27
3733	40
3734	69
3735	49
3736	68
3737	52
3738	28
3739	40
3740	8
3741	6
3742	23
3743	28
3744	60
3745	22
3746	7
3747	3
3748	6
3749	59
3750	36
3751	29
3752	46
3753	2
3754	12
3755	33
3756	20
3757	56
3758	24
3759	4
3760	14
3761	82
3762	89
3763	82
3764	67
3765	10
3766	80
3767	11
3768	21
3769	19
3770	32
3771	25
3772	37
3773	42
3774	65
3775	54
3776	4
3777	34
3778	71
3779	59
3780	49
3781	13
3782	14
3783	75
3784	19
3785	42
3786	57
3787	1
3788	11
3789	46
3790	85
3791	64
3792	21
3793	93
3794	66
3795	43
3796	50
3797	48
3798	17
3799	14
3800	9
3801	29
3802	36
3803	46
3804	69
3805	24
3806	22
3807	50
3808	56
3809	12
3810	9
3811	40
3812	46
3813	74
3814	14
3815	37
3816	92
3817	13
3818	22
3819	57
3820	48
3821	15
3822	3
3823	57
3824	75
3825	11
3826	86
3827	9
3828	8
3829	14
3830	23
3831	67
3832	32
3833	11
3834	42
3835	11
3836	41
3837	52
3838	73
3839	41
3840	31
3841	19
3842	44
3843	6
3844	17
3845	66
3846	70
3847	34
3848	13
3849	4
3850	34
3851	36
3852	11
3853	75
3854	33
3855	90
3856	6
3857	36
3858	10
3859	13
3860	16
3861	22
3862	79
3863	53
3864	56
3865	13
3866	46
3867	73
3868	36
3869	59
3870	31
3871	27
3872	25
3873	35
3874	79
3875	22
3876	21
3877	38
3878	41
3879	5
3880	87
3881	36
3882	42
3883	53
3884	79
3885	85
3886	79
3887	78
3888	23
3889	10
3890	4
3891	19
3892	12
3893	20
3894	60
3895	18
3896	55
3897	92
3898	29
3899	25
3900	10
3901	16
3902	43
3903	25
3904	79
3905	40
3906	70
3907	43
3908	51
3909	49
3910	85
3911	78
3912	93
3913	71
3914	78
3915	29
3916	49
3917	51
3918	90
3919	72
3920	21
3921	68
3922	27
3923	36
3924	23
3925	10
3926	19
3927	11
3928	67
3929	19
3930	86
3931	42
3932	61
3933	50
3934	8
3935	19
3936	56
3937	92
3938	85
3939	18
3940	24
3941	33
3942	41
3943	12
3944	69
3945	56
3946	35
3947	12
3948	18
3949	10
3950	70
3951	60
3952	60
3953	59
3954	45
3955	70
3956	70
3957	75
3958	88
3959	89
3960	29
3961	6
3962	5
3963	20
3964	28
3965	51
3966	34
3967	3
3968	91
3969	69
3970	76
3971	23
3972	32
3973	9
3974	21
3975	22
3976	4
3977	28
3978	19
3979	87
3980	27
3981	59
3982	73
3983	3
3984	38
3985	63
3986	54
3987	93
3988	4
3989	14
3990	33
3991	6
3992	32
3993	24
3994	46
3995	18
3996	59
3997	69
3998	31
3999	20
4000	45
4001	47
4002	20
4003	48
4004	27
4005	5
4006	28
4007	30
4008	29
4009	55
4010	54
4011	15
4012	29
4013	21
4014	3
4015	8
4016	33
4017	21
4018	49
4019	55
4020	30
4021	18
4022	5
4023	78
4024	53
4025	8
4026	16
4027	6
4028	39
4029	3
4030	65
4031	58
4032	46
4033	20
4034	10
4035	36
4036	11
4037	30
4038	85
4039	68
4040	26
4041	20
4042	87
4043	17
4044	53
4045	43
4046	45
4047	48
4048	11
4049	27
4050	63
4051	66
4052	73
4053	63
4054	13
4055	67
4056	64
4057	12
4058	3
4059	41
4060	14
4061	17
4062	93
4063	32
4064	70
4065	61
4066	12
4067	36
4068	75
4069	18
4070	36
4071	53
4072	20
4073	86
4074	5
4075	89
4076	44
4077	40
4078	90
4079	26
4080	17
4081	43
4082	45
4083	11
4084	11
4085	13
4086	47
4087	3
4088	54
4089	4
4090	43
4091	42
4092	50
4093	74
4094	20
4095	41
4096	4
4097	11
4098	85
4099	83
4100	43
4101	28
4102	81
4103	68
4104	58
4105	19
4106	9
4107	13
4108	31
4109	89
4110	31
4111	84
4112	4
4113	66
4114	85
4115	39
4116	21
4117	11
4118	92
4119	39
4120	11
4121	4
4122	16
4123	46
4124	23
4125	35
4126	28
4127	90
4128	2
4129	75
4130	15
4131	50
4132	53
4133	3
4134	85
4135	7
4136	53
4137	91
4138	84
4139	82
4140	5
4141	26
4142	9
4143	28
4144	6
4145	21
4146	63
4147	55
4148	48
4149	20
4150	92
4151	70
4152	50
4153	89
4154	42
4155	66
4156	24
4157	47
4158	40
4159	90
4160	67
4161	40
4162	38
4163	60
4164	37
4165	5
4166	18
4167	22
4168	10
4169	50
4170	18
4171	21
4172	66
4173	24
4174	24
4175	12
4176	35
4177	41
4178	10
4179	22
4180	17
4181	55
4182	76
4183	21
4184	62
4185	15
4186	22
4187	7
4188	13
4189	28
4190	43
4191	40
4192	84
4193	30
4194	42
4195	17
4196	9
4197	15
4198	65
4199	25
4200	48
4201	14
4202	54
4203	49
4204	4
4205	18
4206	19
4207	57
4208	71
4209	5
4210	48
4211	91
4212	5
4213	52
4214	80
4215	5
4216	54
4217	73
4218	16
4219	43
4220	52
4221	24
4222	36
4223	11
4224	72
4225	49
4226	38
4227	77
4228	51
4229	55
4230	47
4231	41
4232	37
4233	25
4234	2
4235	13
4236	8
4237	23
4238	20
4239	43
4240	80
4241	17
4242	20
4243	61
4244	18
4245	3
4246	58
4247	8
4248	6
4249	8
4250	6
4251	41
4252	89
4253	2
4254	47
4255	90
4256	62
4257	24
4258	30
4259	24
4260	32
4261	87
4262	52
4263	68
4264	25
4265	25
4266	30
4267	5
4268	81
4269	30
4270	1
4271	29
4272	72
4273	31
4274	2
4275	52
4276	37
4277	13
4278	41
4279	12
4280	22
4281	10
4282	28
4283	8
4284	38
4285	2
4286	26
4287	37
4288	15
4289	32
4290	26
4291	61
4292	73
4293	50
4294	1
4295	55
4296	48
4297	63
4298	28
4299	12
4300	7
4301	71
4302	61
4303	84
4304	74
4305	29
4306	76
4307	29
4308	25
4309	33
4310	36
4311	53
4312	14
4313	15
4314	55
4315	49
4316	58
4317	32
4318	56
4319	81
4320	88
4321	49
4322	28
4323	18
4324	12
4325	42
4326	76
4327	23
4328	27
4329	35
4330	4
4331	32
4332	76
4333	27
4334	74
4335	31
4336	11
4337	16
4338	11
4339	22
4340	55
4341	75
4342	69
4343	2
4344	38
4345	8
4346	81
4347	12
4348	70
4349	33
4350	57
4351	28
4352	13
4353	24
4354	81
4355	3
4356	48
4357	8
4358	18
4359	91
4360	16
4361	33
4362	9
4363	4
4364	13
4365	9
4366	36
4367	8
4368	23
4369	53
4370	2
4371	58
4372	46
4373	8
4374	71
4375	49
4376	55
4377	63
4378	21
4379	24
4380	91
4381	9
4382	57
4383	62
4384	51
4385	21
4386	65
4387	73
4388	90
4389	8
4390	18
4391	70
4392	23
4393	12
4394	27
4395	7
4396	37
4397	6
4398	7
4399	63
4400	18
4401	93
4402	82
4403	40
4404	60
4405	51
4406	80
4407	57
4408	25
4409	11
4410	5
4411	14
4412	54
4413	55
4414	46
4415	73
4416	5
4417	11
4418	70
4419	19
4420	23
4421	5
4422	60
4423	79
4424	69
4425	77
4426	6
4427	3
4428	82
4429	22
4430	65
4431	63
4432	46
4433	74
4434	43
4435	73
4436	67
4437	19
4438	43
4439	3
4440	17
4441	37
4442	6
4443	45
4444	15
4445	42
4446	48
4447	24
4448	48
4449	28
4450	11
4451	14
4452	83
4453	27
4454	26
4455	2
4456	63
4457	4
4458	19
4459	22
4460	50
4461	39
4462	23
4463	2
4464	33
4465	33
4466	44
4467	35
4468	55
4469	33
4470	55
4471	23
4472	84
4473	79
4474	61
4475	19
4476	26
4477	7
4478	58
4479	30
4480	66
4481	71
4482	74
4483	4
4484	35
4485	31
4486	18
4487	4
4488	74
4489	9
4490	9
4491	75
4492	19
4493	9
4494	36
4495	47
4496	9
4497	67
4498	22
4499	12
4500	93
4501	15
4502	85
4503	25
4504	74
4505	57
4506	3
4507	79
4508	5
4509	21
4510	75
4511	58
4512	66
4513	79
4514	19
4515	18
4516	15
4517	40
4518	93
4519	57
4520	12
4521	38
4522	21
4523	63
4524	77
4525	47
4526	15
4527	13
4528	33
4529	20
4530	23
4531	72
4532	80
4533	12
4534	51
4535	27
4536	85
4537	5
4538	13
4539	49
4540	72
4541	76
4542	68
4543	82
4544	11
4545	74
4546	15
4547	65
4548	76
4549	20
4550	6
4551	68
4552	5
4553	49
4554	41
4555	63
4556	31
4557	8
4558	62
4559	3
4560	10
4561	65
4562	26
4563	49
4564	23
4565	84
4566	42
4567	60
4568	5
4569	5
4570	16
4571	4
4572	7
4573	69
4574	43
4575	19
4576	79
4577	41
4578	92
4579	41
4580	6
4581	93
4582	3
4583	67
4584	53
4585	73
4586	50
4587	61
4588	3
4589	23
4590	88
4591	33
4592	13
4593	20
4594	10
4595	9
4596	36
4597	21
4598	64
4599	3
4600	22
4601	39
4602	2
4603	36
4604	25
4605	44
4606	22
4607	61
4608	9
4609	48
4610	18
4611	91
4612	87
4613	21
4614	71
4615	33
4616	67
4617	93
4618	80
4619	26
4620	69
4621	51
4622	29
4623	15
4624	69
4625	61
4626	68
4627	19
4628	35
4629	92
4630	13
4631	86
4632	39
4633	71
4634	47
4635	8
4636	85
4637	36
4638	3
4639	28
4640	74
4641	71
4642	5
4643	50
4644	6
4645	7
4646	47
4647	40
4648	58
4649	79
4650	13
4651	45
4652	25
4653	53
4654	28
4655	79
4656	89
4657	40
4658	24
4659	64
4660	7
4661	38
4662	10
4663	35
4664	53
4665	10
4666	5
4667	3
4668	81
4669	75
4670	32
4671	41
4672	43
4673	15
4674	49
4675	69
4676	86
4677	10
4678	19
4679	58
4680	47
4681	68
4682	17
4683	65
4684	36
4685	52
4686	6
4687	64
4688	11
4689	64
4690	11
4691	71
4692	60
4693	34
4694	63
4695	5
4696	86
4697	90
4698	45
4699	5
4700	38
4701	56
4702	39
4703	69
4704	77
4705	92
4706	36
4707	52
4708	36
4709	75
4710	35
4711	65
4712	29
4713	56
4714	12
4715	13
4716	11
4717	48
4718	31
4719	83
4720	88
4721	9
4722	16
4723	61
4724	43
4725	54
4726	31
4727	30
4728	29
4729	48
4730	17
4731	40
4732	66
4733	80
4734	8
4735	7
4736	92
4737	55
4738	4
4739	8
4740	22
4741	61
4742	73
4743	3
4744	61
4745	8
4746	89
4747	23
4748	14
4749	27
4750	69
4751	89
4752	65
4753	6
4754	23
4755	13
4756	13
4757	7
4758	54
4759	89
4760	69
4761	8
4762	17
4763	69
4764	5
4765	29
4766	48
4767	16
4768	26
4769	82
4770	13
4771	38
4772	68
4773	31
4774	89
4775	4
4776	46
4777	16
4778	84
4779	41
4780	19
4781	50
4782	68
4783	43
4784	73
4785	30
4786	23
4787	15
4788	35
4789	17
4790	43
4791	12
4792	10
4793	72
4794	14
4795	26
4796	36
4797	27
4798	17
4799	71
4800	9
4801	22
4802	33
4803	8
4804	54
4805	34
4806	27
4807	80
4808	74
4809	41
4810	53
4811	22
4812	72
4813	39
4814	53
4815	71
4816	33
4817	62
4818	4
4819	76
4820	27
4821	57
4822	38
4823	58
4824	86
4825	47
4826	3
4827	42
4828	33
4829	19
4830	58
4831	25
4832	61
4833	93
4834	93
4835	30
4836	62
4837	60
4838	83
4839	58
4840	25
4841	53
4842	19
4843	85
4844	54
4845	51
4846	58
4847	14
4848	17
4849	5
4850	70
4851	76
4852	35
4853	25
4854	20
4855	8
4856	17
4857	43
4858	16
4859	21
4860	21
4861	10
4862	15
4863	77
4864	2
4865	68
4866	81
4867	25
4868	16
4869	49
4870	28
4871	90
4872	5
4873	36
4874	3
4875	12
4876	9
4877	59
4878	37
4879	39
4880	51
4881	56
4882	71
4883	22
4884	31
4885	25
4886	6
4887	4
4888	18
4889	15
4890	31
4891	37
4892	6
4893	60
4894	15
4895	7
4896	34
4897	39
4898	29
4899	45
4900	12
4901	12
4902	58
4903	38
4904	47
4905	59
4906	37
4907	45
4908	14
4909	47
4910	64
4911	76
4912	71
4913	45
4914	34
4915	27
4916	62
4917	61
4918	14
4919	51
4920	24
4921	16
4922	73
4923	2
4924	8
4925	2
4926	62
4927	29
4928	16
4929	28
4930	43
4931	78
4932	20
4933	31
4934	59
4935	16
4936	26
4937	11
4938	80
4939	53
4940	25
4941	20
4942	14
4943	15
4944	27
4945	69
4946	11
4947	40
4948	12
4949	68
4950	60
4951	27
4952	5
4953	65
4954	38
4955	47
4956	31
4957	78
4958	50
4959	44
4960	61
4961	20
4962	63
4963	45
4964	43
4965	69
4966	17
4967	14
4968	18
4969	41
4970	48
4971	14
4972	41
4973	42
4974	41
4975	23
4976	36
4977	3
4978	43
4979	29
4980	41
4981	62
4982	23
4983	21
4984	20
4985	73
4986	46
4987	45
4988	22
4989	13
4990	79
4991	13
4992	65
4993	8
4994	26
4995	79
4996	67
4997	11
4998	45
4999	1
5000	42
