1	27
1	29
1	46
1	51
1	55
1	56
1	63
1	64
1	66
1	79
1	94
1	95
1	104
1	105
1	108
1	123
1	137
1	161
1	175
1	177
1	210
1	218
1	229
1	256
1	306
1	318
1	328
1	333
1	376
1	400
1	408
1	416
1	419
1	431
1	477
1	500
1	545
1	547
1	561
1	609
1	625
1	652
1	683
1	715
1	781
1	809
1	888
1	901
1	936
1	985
2	14
2	20
2	35
2	40
2	43
2	44
2	68
2	76
2	78
2	80
2	94
2	101
2	111
2	116
2	132
2	144
2	146
2	181
2	204
2	229
2	248
2	260
2	271
2	275
2	312
2	362
2	393
2	396
2	459
2	493
2	498
2	505
2	506
2	525
2	606
2	667
2	695
2	696
2	719
2	758
2	764
2	782
2	788
2	795
2	830
2	848
2	853
2	874
2	924
3	9
3	15
3	16
3	21
3	24
3	37
3	42
3	45
3	53
3	57
3	61
3	74
3	93
3	114
3	119
3	124
3	135
3	186
3	201
3	222
3	225
3	241
3	253
3	278
3	294
3	324
3	340
3	377
3	389
3	392
3	428
3	448
3	496
3	540
3	586
3	629
3	640
3	647
3	660
3	762
3	839
3	840
3	873
3	917
3	935
3	953
3	974
4	7
4	8
4	30
4	34
4	35
4	41
4	59
4	81
4	90
4	97
4	99
4	130
4	136
4	144
4	147
4	148
4	157
4	168
4	207
4	221
4	230
4	301
4	323
4	325
4	327
4	359
4	391
4	402
4	423
4	449
4	451
4	531
4	569
4	589
4	593
4	654
4	768
4	779
4	781
4	908
4	916
4	919
4	949
4	958
4	973
4	996
4	997
5	10
5	12
5	17
5	28
5	31
5	84
5	86
5	96
5	140
5	141
5	151
5	165
5	166
5	185
5	196
5	211
5	219
5	265
5	273
5	295
5	303
5	317
5	326
5	371
5	387
5	408
5	417
5	443
5	446
5	570
5	591
5	642
5	668
5	671
5	684
5	688
5	731
5	738
5	739
5	805
5	854
5	857
5	877
5	890
5	933
5	981
6	11
6	25
6	26
6	46
6	52
6	58
6	61
6	65
6	67
6	87
6	139
6	152
6	162
6	172
6	173
6	184
6	198
6	200
6	215
6	240
6	262
6	279
6	284
6	308
6	309
6	329
6	334
6	343
6	345
6	441
6	472
6	501
6	515
6	532
6	602
6	608
6	619
6	653
6	673
6	727
6	787
6	841
6	884
6	905
6	979
6	989
7	12
7	13
7	30
7	34
7	41
7	50
7	52
7	81
7	86
7	91
7	99
7	109
7	113
7	119
7	130
7	136
7	144
7	145
7	147
7	168
7	180
7	231
7	234
7	276
7	290
7	320
7	339
7	381
7	474
7	503
7	516
7	517
7	553
7	569
7	593
7	617
7	693
7	701
7	708
7	713
7	877
7	881
7	940
8	13
8	30
8	34
8	38
8	50
8	59
8	81
8	90
8	91
8	97
8	99
8	130
8	136
8	145
8	148
8	189
8	231
8	276
8	296
8	297
8	314
8	320
8	345
8	364
8	381
8	421
8	423
8	459
8	463
8	483
8	485
8	546
8	554
8	584
8	634
8	692
8	701
8	775
8	844
8	949
8	960
8	995
9	15
9	16
9	19
9	21
9	24
9	37
9	40
9	45
9	53
9	61
9	110
9	117
9	121
9	124
9	152
9	159
9	182
9	186
9	206
9	222
9	340
9	344
9	346
9	355
9	411
9	422
9	433
9	444
9	480
9	571
9	598
9	620
9	640
9	680
9	796
9	850
9	873
9	902
9	928
9	965
9	970
10	12
10	17
10	28
10	31
10	32
10	43
10	84
10	86
10	96
10	140
10	141
10	151
10	158
10	173
10	182
10	196
10	219
10	254
10	265
10	272
10	273
10	277
10	305
10	371
10	387
10	399
10	425
10	443
10	466
10	489
10	541
10	549
10	591
10	651
10	698
10	738
10	741
10	785
10	789
10	826
10	959
11	15
11	22
11	25
11	26
11	47
11	67
11	100
11	126
11	128
11	150
11	152
11	173
11	179
11	216
11	236
11	279
11	284
11	308
11	309
11	334
11	343
11	345
11	382
11	434
11	452
11	507
11	515
11	562
11	602
11	614
11	704
11	751
11	787
11	836
11	893
11	900
11	918
11	979
11	996
12	17
12	28
12	31
12	32
12	86
12	151
12	154
12	156
12	158
12	208
12	213
12	219
12	265
12	273
12	317
12	332
12	366
12	446
12	489
12	497
12	570
12	579
12	590
12	668
12	688
12	772
12	789
12	810
12	824
12	826
12	854
12	866
12	903
12	933
13	18
13	35
13	50
13	52
13	90
13	97
13	99
13	130
13	136
13	144
13	145
13	147
13	157
13	180
13	212
13	221
13	234
13	246
13	288
13	296
13	320
13	334
13	359
13	461
13	503
13	531
13	535
13	553
13	654
13	719
13	817
13	846
13	865
13	949
14	32
14	38
14	40
14	43
14	44
14	80
14	94
14	101
14	116
14	132
14	181
14	214
14	242
14	248
14	267
14	268
14	271
14	280
14	307
14	388
14	438
14	506
14	525
14	542
14	587
14	613
14	667
14	695
14	729
14	764
14	788
14	813
14	848
14	923
14	975
15	19
15	21
15	24
15	53
15	57
15	74
15	110
15	117
15	118
15	124
15	133
15	142
15	241
15	253
15	294
15	319
15	355
15	365
15	411
15	422
15	469
15	476
15	586
15	616
15	620
15	680
15	721
15	766
15	771
15	798
15	972
15	991
16	19
16	21
16	42
16	45
16	61
16	74
16	117
16	133
16	142
16	186
16	205
16	238
16	278
16	283
16	346
16	347
16	433
16	454
16	486
16	495
16	567
16	588
16	601
16	620
16	629
16	632
16	721
16	850
16	869
16	885
16	889
16	906
16	935
17	21
17	28
17	31
17	32
17	70
17	82
17	84
17	86
17	113
17	156
17	158
17	191
17	219
17	270
17	273
17	295
17	371
17	395
17	399
17	432
17	534
17	548
17	579
17	601
17	662
17	684
17	688
17	728
17	753
17	807
17	981
17	999
18	23
18	33
18	48
18	54
18	83
18	98
18	102
18	106
18	127
18	138
18	176
18	195
18	202
18	220
18	291
18	298
18	302
18	331
18	397
18	427
18	439
18	494
18	566
18	615
18	631
18	644
18	661
18	691
18	724
18	814
18	920
18	952
18	994
19	21
19	24
19	42
19	61
19	77
19	85
19	115
19	121
19	133
19	145
19	159
19	201
19	205
19	225
19	283
19	319
19	344
19	346
19	392
19	401
19	433
19	448
19	495
19	529
19	540
19	598
19	640
19	697
19	821
19	863
19	998
20	40
20	43
20	44
20	68
20	76
20	80
20	94
20	101
20	116
20	125
20	166
20	181
20	204
20	259
20	260
20	267
20	268
20	271
20	280
20	336
20	413
20	493
20	498
20	508
20	533
20	604
20	655
20	719
20	732
20	788
20	848
20	874
20	894
21	24
21	37
21	45
21	53
21	57
21	74
21	93
21	142
21	205
21	206
21	209
21	222
21	324
21	363
21	444
21	448
21	483
21	502
21	537
21	567
21	614
21	721
21	752
21	821
21	915
21	951
21	978
21	991
22	25
22	26
22	46
22	58
22	65
22	67
22	78
22	87
22	100
22	126
22	128
22	255
22	263
22	266
22	308
22	389
22	440
22	441
22	457
22	467
22	471
22	480
22	512
22	573
22	595
22	610
22	714
22	727
22	737
22	778
22	833
22	973
22	989
23	39
23	62
23	75
23	134
23	153
23	192
23	193
23	198
23	199
23	223
23	233
23	251
23	374
23	378
23	398
23	412
23	420
23	460
23	470
23	487
23	509
23	512
23	560
23	621
23	638
23	676
23	703
23	716
23	825
23	855
23	931
23	969
23	988
24	45
24	53
24	61
24	74
24	115
24	117
24	121
24	133
24	159
24	170
24	205
24	215
24	228
24	344
24	365
24	379
24	428
24	496
24	571
24	660
24	680
24	706
24	721
24	762
24	815
24	917
24	953
24	978
24	983
25	26
25	52
25	58
25	65
25	69
25	87
25	100
25	150
25	155
25	179
25	183
25	184
25	187
25	188
25	263
25	284
25	308
25	334
25	389
25	412
25	499
25	501
25	511
25	595
25	602
25	628
25	657
25	710
25	737
25	959
26	45
26	47
26	58
26	65
26	139
26	152
26	162
26	181
26	224
26	228
26	236
26	249
26	279
26	305
26	310
26	440
26	452
26	471
26	488
26	511
26	599
26	624
26	659
26	673
26	723
26	895
26	956
26	988
27	51
27	56
27	60
27	63
27	66
27	79
27	95
27	104
27	170
27	175
27	197
27	206
27	218
27	235
27	238
27	333
27	526
27	545
27	547
27	580
27	597
27	611
27	625
27	715
27	720
27	822
27	878
27	883
27	898
27	927
27	976
28	32
28	82
28	84
28	86
28	95
28	154
28	191
28	196
28	213
28	244
28	265
28	326
28	342
28	375
28	406
28	417
28	432
28	549
28	574
28	616
28	662
28	739
28	765
28	854
28	859
28	912
28	933
29	51
29	53
29	55
29	63
29	66
29	104
29	120
29	123
29	135
29	161
29	170
29	194
29	197
29	218
29	256
29	318
29	370
29	436
29	545
29	605
29	609
29	611
29	648
29	650
29	652
29	715
29	746
29	793
29	801
29	862
30	35
30	50
30	81
30	90
30	91
30	109
30	113
30	119
30	136
30	145
30	221
30	290
30	296
30	349
30	361
30	368
30	397
30	402
30	445
30	485
30	517
30	528
30	569
30	654
30	804
30	865
30	964
30	987
31	32
31	50
31	54
31	70
31	82
31	84
31	96
31	140
31	208
31	213
31	219
31	290
31	332
31	342
31	366
31	395
31	406
31	432
31	446
31	466
31	489
31	555
31	570
31	574
31	741
31	785
31	837
32	44
32	70
32	82
32	84
32	86
32	96
32	154
32	155
32	191
32	219
32	265
32	273
32	277
32	303
32	332
32	408
32	425
32	666
32	765
32	824
32	859
32	877
32	879
32	882
32	933
33	83
33	98
33	102
33	106
33	140
33	163
33	174
33	195
33	220
33	239
33	245
33	282
33	302
33	331
33	358
33	397
33	427
33	454
33	504
33	519
33	566
33	578
33	693
33	727
33	743
33	760
33	774
33	786
33	805
33	920
34	41
34	50
34	52
34	109
34	113
34	130
34	136
34	148
34	157
34	168
34	189
34	221
34	230
34	231
34	296
34	327
34	355
34	364
34	380
34	503
34	537
34	686
34	689
34	768
34	769
34	861
34	881
34	899
35	41
35	43
35	50
35	59
35	91
35	97
35	130
35	144
35	157
35	207
35	246
35	301
35	316
35	420
35	449
35	483
35	485
35	519
35	584
35	607
35	618
35	839
35	899
35	919
35	964
35	987
36	49
36	60
36	71
36	89
36	129
36	141
36	143
36	160
36	281
36	297
36	299
36	313
36	405
36	429
36	468
36	473
36	521
36	552
36	574
36	612
36	634
36	643
36	651
36	677
36	804
36	827
36	847
36	856
36	925
36	992
37	45
37	57
37	61
37	121
37	159
37	162
37	186
37	222
37	245
37	268
37	340
37	346
37	355
37	363
37	379
37	401
37	480
37	482
37	494
37	496
37	533
37	664
37	815
37	858
37	934
37	991
38	39
38	62
38	64
38	73
38	88
38	134
38	153
38	165
38	171
38	199
38	211
38	233
38	251
38	292
38	398
38	410
38	438
38	470
38	529
38	655
38	681
38	716
38	745
38	819
38	825
38	947
39	56
39	62
39	73
39	75
39	153
39	165
39	171
39	187
39	192
39	193
39	212
39	223
39	227
39	251
39	264
39	349
39	352
39	374
39	398
39	410
39	487
39	550
39	638
39	730
39	732
39	738
40	43
40	44
40	76
40	80
40	111
40	116
40	181
40	226
40	267
40	268
40	271
40	336
40	362
40	372
40	394
40	612
40	732
40	734
40	764
40	813
40	894
40	921
40	924
41	59
41	91
41	99
41	108
41	130
41	205
41	221
41	230
41	288
41	301
41	320
41	327
41	351
41	391
41	435
41	463
41	535
41	585
41	708
41	908
41	916
41	944
41	977
42	53
42	57
42	74
42	110
42	124
42	166
42	186
42	243
42	346
42	356
42	365
42	411
42	428
42	469
42	476
42	502
42	571
42	759
42	791
42	822
42	896
42	938
42	950
42	991
43	44
43	80
43	94
43	125
43	229
43	242
43	248
43	269
43	280
43	312
43	372
43	559
43	606
43	650
43	675
43	735
43	782
43	823
43	831
43	929
43	945
44	76
44	94
44	101
44	111
44	125
44	184
44	232
44	267
44	268
44	275
44	312
44	372
44	505
44	542
44	735
44	813
44	842
44	864
44	921
44	937
45	77
45	93
45	112
45	142
45	205
45	238
45	273
45	278
45	346
45	401
45	422
45	482
45	537
45	571
45	681
45	798
45	840
45	869
45	938
46	47
46	65
46	85
46	126
46	184
46	192
46	244
46	255
46	309
46	343
46	348
46	490
46	501
46	512
46	608
46	628
46	709
46	711
46	722
46	751
46	802
46	849
46	852
47	67
47	100
47	113
47	139
47	172
47	183
47	200
47	236
47	237
47	252
47	284
47	287
47	407
47	440
47	619
47	645
47	672
47	673
47	714
47	802
47	872
47	884
47	918
48	127
48	163
48	167
48	174
48	195
48	220
48	239
48	245
48	282
48	310
48	358
48	397
48	454
48	484
48	504
48	661
48	691
48	760
48	836
48	866
48	910
48	954
48	980
48	990
49	60
49	71
49	89
49	110
49	129
49	143
49	160
49	257
49	281
49	293
49	297
49	299
49	304
49	315
49	450
49	521
49	563
49	612
49	634
49	643
49	736
49	777
49	803
49	804
50	81
50	91
50	97
50	119
50	147
50	189
50	231
50	276
50	314
50	359
50	368
50	387
50	391
50	414
50	481
50	783
50	837
50	916
51	63
51	66
51	79
51	95
51	104
51	108
51	120
51	129
51	137
51	170
51	177
51	197
51	218
51	235
51	333
51	425
51	500
51	526
51	545
51	572
51	648
51	878
52	90
52	109
52	144
52	147
52	157
52	168
52	301
52	359
52	368
52	402
52	414
52	423
52	467
52	516
52	641
52	851
52	880
52	899
52	919
53	57
53	74
53	77
53	104
53	112
53	114
53	121
53	142
53	241
53	278
53	285
53	365
53	392
53	771
53	815
53	863
53	890
54	83
54	98
54	127
54	138
54	167
54	176
54	239
54	270
54	341
54	353
54	454
54	566
54	656
54	661
54	760
54	836
54	907
54	943
54	954
54	966
54	968
54	982
55	56
55	63
55	66
55	104
55	105
55	108
55	123
55	161
55	170
55	197
55	210
55	235
55	306
55	328
55	419
55	453
55	477
55	502
55	630
55	683
55	883
55	888
56	63
56	95
56	120
56	123
56	137
56	156
56	161
56	175
56	177
56	333
56	477
56	524
56	545
56	572
56	581
56	609
56	718
56	770
56	809
56	888
57	110
57	112
57	115
57	117
57	124
57	201
57	209
57	222
57	251
57	496
57	680
57	815
57	847
57	889
57	892
57	902
57	922
57	953
58	65
58	87
58	173
58	207
58	224
58	237
58	244
58	262
58	310
58	321
58	412
58	440
58	488
58	515
58	559
58	669
58	816
58	884
58	993
59	90
59	136
59	145
59	148
59	246
59	314
59	383
59	483
59	485
59	531
59	561
59	584
59	654
59	775
59	779
59	795
59	944
59	977
59	997
60	71
60	143
60	160
60	166
60	257
60	281
60	286
60	293
60	299
60	304
60	313
60	341
60	405
60	437
60	468
60	484
60	594
60	677
60	777
60	871
61	67
61	93
61	114
61	117
61	209
61	225
61	241
61	344
61	428
61	598
61	670
61	757
61	771
61	885
61	902
61	965
62	88
62	165
62	178
62	192
62	198
62	212
62	251
62	253
62	353
62	386
62	398
62	550
62	649
62	658
62	676
62	716
62	825
62	904
62	909
62	963
63	66
63	104
63	127
63	137
63	235
63	256
63	333
63	370
63	431
63	524
63	526
63	536
63	611
63	715
63	856
63	927
64	75
64	88
64	178
64	188
64	198
64	199
64	223
64	233
64	335
64	403
64	509
64	538
64	637
64	658
64	681
64	703
64	912
64	913
64	947
64	962
65	67
65	139
65	184
65	244
65	252
65	266
65	329
65	343
65	434
65	447
65	470
65	532
65	555
65	722
65	749
65	794
66	101
66	123
66	147
66	170
66	210
66	235
66	370
66	524
66	572
66	580
66	582
66	652
66	665
66	717
66	718
66	901
67	85
67	152
67	188
67	255
67	329
67	360
67	520
67	532
67	583
67	722
67	763
67	778
67	802
67	806
67	833
67	900
68	80
68	101
68	111
68	125
68	229
68	268
68	280
68	307
68	462
68	475
68	498
68	627
68	633
68	700
68	782
68	823
68	831
68	894
68	975
69	72
69	122
69	150
69	164
69	169
69	202
69	203
69	258
69	311
69	464
69	479
69	522
69	557
69	596
69	623
69	705
69	761
69	799
69	812
69	818
70	82
70	84
70	86
70	90
70	154
70	158
70	185
70	254
70	265
70	375
70	497
70	541
70	549
70	741
70	857
70	859
70	933
70	957
71	143
71	160
71	169
71	261
71	281
71	293
71	304
71	319
71	369
71	429
71	468
71	473
71	484
71	594
71	651
71	856
71	871
71	891
72	73
72	80
72	103
72	118
72	122
72	131
72	164
72	203
72	247
72	258
72	274
72	311
72	330
72	390
72	455
72	539
72	592
72	687
72	742
72	776
73	134
73	171
73	193
73	211
73	212
73	223
73	233
73	251
73	292
73	335
73	349
73	395
73	621
73	637
73	638
73	931
73	962
73	969
74	77
74	115
74	142
74	152
74	159
74	243
74	426
74	480
74	640
74	706
74	757
74	794
74	935
74	978
75	88
75	165
75	178
75	188
75	212
75	264
75	343
75	398
75	529
75	550
75	655
75	658
75	676
75	725
75	913
75	955
75	969
76	125
76	166
76	169
76	204
76	229
76	242
76	275
76	336
76	388
76	393
76	396
76	465
76	627
76	830
76	864
76	876
77	103
77	110
77	114
77	142
77	205
77	222
77	253
77	324
77	428
77	461
77	482
77	660
77	935
77	965
77	967
77	972
78	150
78	162
78	188
78	200
78	249
78	266
78	284
78	337
78	348
78	404
78	441
78	447
78	522
78	523
78	610
78	624
78	690
78	816
79	95
79	105
79	120
79	126
79	161
79	197
79	416
79	419
79	453
79	477
79	526
79	561
79	717
79	781
79	801
79	809
79	984
80	111
80	116
80	125
80	132
80	138
80	259
80	336
80	362
80	542
80	600
80	695
80	696
81	99
81	113
81	117
81	136
81	180
81	221
81	323
81	339
81	391
81	485
81	535
81	554
81	607
81	973
82	185
82	196
82	208
82	219
82	224
82	254
82	295
82	317
82	332
82	579
82	686
82	777
82	786
82	857
83	98
83	138
83	174
83	245
83	282
83	291
83	300
83	302
83	356
83	576
83	578
83	685
83	757
83	814
83	835
83	836
84	86
84	96
84	156
84	196
84	213
84	387
84	406
84	574
84	639
84	666
84	738
84	854
85	126
85	128
85	139
85	152
85	155
85	172
85	224
85	236
85	237
85	252
85	266
85	348
85	440
85	456
85	816
85	852
86	141
86	154
86	208
86	213
86	446
86	605
86	684
86	753
86	786
86	999
87	100
87	172
87	183
87	237
87	249
87	255
87	310
87	329
87	424
87	455
87	490
87	509
87	766
87	868
87	895
88	153
88	171
88	193
88	217
88	353
88	470
88	487
88	538
88	637
88	655
88	676
88	681
88	819
88	846
88	905
89	143
89	149
89	160
89	257
89	261
89	286
89	304
89	315
89	367
89	429
89	484
89	552
89	677
89	679
89	867
89	891
89	992
90	136
90	189
90	207
90	230
90	296
90	314
90	359
90	414
90	485
90	589
90	881
90	908
91	96
91	99
91	168
91	276
91	338
91	402
91	423
91	511
91	569
91	618
91	865
91	987
92	118
92	122
92	149
92	203
92	217
92	250
92	274
92	306
92	357
92	418
92	596
92	687
92	742
92	761
92	843
92	887
92	958
92	960
93	110
93	114
93	115
93	238
93	278
93	326
93	347
93	355
93	433
93	502
93	570
93	796
93	832
93	967
94	125
94	181
94	248
94	267
94	269
94	362
94	505
94	559
94	667
94	848
94	874
94	900
95	170
95	177
95	218
95	256
95	431
95	436
95	572
95	650
95	717
95	927
95	976
95	986
96	156
96	272
96	303
96	377
96	406
96	443
96	466
96	590
96	755
96	785
96	807
96	882
97	130
97	144
97	189
97	234
97	316
97	380
97	414
97	546
97	617
97	630
97	689
97	692
97	971
98	102
98	106
98	138
98	163
98	270
98	397
98	656
98	748
98	849
98	862
98	926
98	943
98	954
98	980
99	109
99	223
99	314
99	316
99	325
99	327
99	381
99	459
99	553
99	585
99	754
100	126
100	152
100	172
100	236
100	266
100	329
100	381
100	645
100	699
100	711
100	820
100	897
100	979
101	142
101	204
101	336
101	372
101	438
101	486
101	600
101	613
101	734
101	829
101	831
102	127
102	163
102	166
102	174
102	270
102	510
102	566
102	626
102	656
102	685
102	811
102	966
102	968
102	994
103	107
103	118
103	131
103	164
103	190
103	307
103	385
103	464
103	479
103	522
103	544
103	773
103	799
103	812
103	937
104	105
104	177
104	197
104	306
104	333
104	477
104	500
104	536
104	717
104	888
105	120
105	123
105	197
105	210
105	266
105	581
105	648
105	650
105	720
105	790
105	822
105	936
105	941
106	138
106	167
106	174
106	176
106	356
106	427
106	451
106	568
106	626
106	656
106	709
106	805
106	866
106	898
107	118
107	122
107	149
107	190
107	258
107	289
107	330
107	357
107	373
107	384
107	646
107	773
107	774
107	784
107	886
107	914
108	120
108	137
108	138
108	175
108	194
108	256
108	436
108	453
108	547
108	648
108	712
108	790
108	976
109	113
109	145
109	207
109	250
109	316
109	320
109	368
109	435
109	459
109	585
109	713
109	908
110	121
110	135
110	186
110	243
110	285
110	540
110	603
110	791
110	869
110	922
111	146
111	185
111	248
111	269
111	396
111	465
111	758
111	792
111	830
111	851
111	945
111	975
112	133
112	241
112	263
112	283
112	285
112	363
112	374
112	411
112	422
112	476
112	647
112	821
112	840
112	906
113	157
113	351
113	361
113	483
113	485
113	516
113	535
113	554
113	708
114	135
114	241
114	285
114	379
114	537
114	548
114	630
114	647
114	889
114	896
114	915
115	206
115	274
115	355
115	495
115	598
115	629
115	762
115	800
115	889
115	951
115	998
116	226
116	232
116	248
116	280
116	367
116	486
116	613
116	695
116	735
116	829
116	929
117	195
117	225
117	253
117	411
117	670
117	680
117	706
117	791
117	858
118	122
118	247
118	373
118	390
118	544
118	592
118	687
118	702
118	767
118	799
118	875
119	130
119	168
119	314
119	339
119	421
119	708
119	750
119	783
119	844
119	846
119	964
119	997
120	210
120	328
120	333
120	409
120	451
120	526
120	536
120	581
120	720
120	746
121	127
121	201
121	294
121	319
121	354
121	365
121	426
121	469
121	502
121	636
122	149
122	169
122	250
122	274
122	330
122	385
122	449
122	492
122	886
122	961
123	170
123	256
123	360
123	526
123	597
123	682
123	790
123	878
123	906
124	142
124	167
124	206
124	222
124	363
124	392
124	422
124	752
124	821
124	934
125	241
125	248
125	259
125	508
125	600
125	700
125	864
125	923
126	128
126	152
126	179
126	216
126	404
126	714
126	914
126	979
126	989
127	167
127	176
127	220
127	239
127	282
127	615
127	656
127	693
127	966
128	172
128	236
128	240
128	279
128	357
128	413
128	456
128	507
128	628
128	645
128	657
129	133
129	286
129	293
129	405
129	429
129	468
129	634
129	643
129	651
129	736
129	777
129	803
130	136
130	180
130	338
130	381
130	475
130	539
131	149
131	169
131	250
131	274
131	384
131	415
131	492
131	623
131	716
131	761
131	810
131	875
131	887
132	232
132	260
132	396
132	493
132	525
132	552
132	593
132	613
132	633
132	788
132	830
132	853
133	225
133	294
133	347
133	379
133	426
133	478
133	533
133	840
133	917
134	153
134	165
134	171
134	187
134	260
134	292
134	443
134	538
134	564
134	707
134	913
134	969
135	142
135	205
135	209
135	411
135	448
135	476
135	495
135	537
135	586
135	660
135	917
136	207
136	221
136	290
136	527
136	618
137	218
137	416
137	419
137	453
137	547
137	580
137	611
137	718
137	790
137	984
138	167
138	176
138	291
138	356
138	558
138	644
138	693
138	862
139	150
139	172
139	173
139	181
139	183
139	237
139	279
139	321
139	478
139	737
140	182
140	196
140	295
140	326
140	366
140	534
140	543
140	579
140	642
140	890
141	158
141	213
141	277
141	371
141	399
141	543
141	590
141	605
141	981
141	999
142	285
142	392
142	502
142	757
143	146
143	261
143	281
143	299
143	401
143	484
143	563
143	679
143	856
144	207
144	231
144	381
144	414
144	461
144	463
144	553
145	147
145	221
145	276
145	380
145	478
145	585
145	964
146	181
146	214
146	242
146	396
146	575
146	587
146	600
146	853
146	874
146	930
146	975
147	180
147	351
147	361
147	380
147	391
147	546
147	851
148	180
148	230
148	327
148	352
148	368
148	435
148	503
148	516
148	607
148	1000
149	164
149	289
149	384
149	415
149	455
149	557
149	705
149	784
149	799
150	155
150	200
150	345
150	360
150	424
150	649
150	751
150	794
150	868
151	158
151	182
151	191
151	417
151	443
151	496
151	555
151	595
151	740
151	807
151	837
152	599
152	749
152	802
152	849
152	893
153	171
153	199
153	233
153	349
153	529
153	576
153	800
153	909
153	988
154	156
154	332
154	351
154	387
154	406
154	534
154	570
154	666
154	837
155	184
155	237
155	255
155	456
155	471
155	518
155	551
155	710
155	787
155	838
156	366
156	425
156	597
156	642
156	756
156	765
156	797
156	890
157	168
157	320
157	351
157	361
157	459
157	463
157	626
157	944
158	303
158	377
158	408
158	443
158	548
158	601
158	618
158	671
159	209
159	253
159	285
159	411
159	494
159	567
159	647
159	821
159	970
160	257
160	297
160	367
160	405
160	468
160	552
160	612
160	803
160	833
161	175
161	177
161	194
161	460
161	524
161	526
161	878
161	985
161	986
162	173
162	252
162	380
162	382
162	430
162	434
162	663
162	802
162	852
163	176
163	270
163	287
163	397
163	498
163	510
163	576
163	743
163	907
164	203
164	217
164	248
164	250
164	322
164	390
164	455
164	492
164	914
165	178
165	198
165	264
165	349
165	378
165	460
165	493
166	249
166	271
166	388
166	429
166	458
166	705
166	808
167	174
167	195
167	510
167	576
167	644
167	943
167	952
168	231
168	368
168	507
168	817
168	949
168	995
169	322
169	455
169	539
169	577
169	767
169	808
169	811
169	961
170	235
170	256
170	436
170	609
170	712
171	193
171	227
171	335
171	378
171	398
171	700
171	725
172	252
172	308
172	628
172	659
172	672
172	791
173	240
173	457
173	511
173	657
173	778
173	957
173	989
174	176
174	287
174	298
174	300
174	644
174	661
174	990
175	306
175	376
175	431
175	609
175	611
175	801
175	809
175	965
176	195
176	202
176	239
176	291
176	944
176	974
177	210
177	400
177	409
177	536
177	561
177	581
177	870
178	187
178	199
178	233
178	353
178	460
178	707
178	713
178	963
178	988
179	244
179	337
179	413
179	472
179	507
179	523
179	560
179	737
179	780
179	911
180	234
180	435
180	639
180	775
180	798
180	949
180	977
181	204
181	259
181	275
181	312
181	575
182	208
182	219
182	394
182	489
182	497
182	684
182	740
182	854
182	981
183	216
183	240
183	244
183	314
183	424
183	532
183	573
183	709
183	903
184	389
184	404
184	610
184	645
184	711
184	766
184	806
185	272
185	342
185	375
185	399
185	497
185	543
185	684
185	755
185	877
186	238
186	354
186	588
186	632
186	669
186	751
186	892
187	198
187	212
187	403
187	410
187	529
187	638
187	703
187	912
187	955
188	215
188	382
188	413
188	456
188	649
188	694
188	845
188	870
189	383
189	546
189	581
189	593
189	775
189	851
189	861
190	203
190	322
190	330
190	522
190	557
190	747
190	767
190	784
190	914
190	950
191	219
191	278
191	303
191	395
191	466
191	555
191	616
191	879
192	212
192	223
192	227
192	352
192	353
192	386
192	676
192	725
193	311
193	378
193	487
193	513
193	564
193	655
193	955
194	210
194	306
194	328
194	545
194	580
194	674
194	683
194	718
194	984
195	245
195	282
195	287
195	358
195	566
195	982
196	303
196	326
196	446
196	469
196	765
196	810
197	321
197	333
197	477
197	536
197	665
198	223
198	335
198	374
198	460
198	470
198	707
199	212
199	227
199	251
199	410
199	474
199	487
199	707
200	215
200	216
200	262
200	266
200	284
200	300
200	404
200	490
201	253
201	355
201	401
201	469
201	480
201	495
201	706
201	806
202	298
202	358
202	397
202	427
202	510
202	691
202	693
202	910
202	920
203	373
203	384
203	415
203	458
203	462
203	687
203	939
204	229
204	232
204	259
204	369
204	508
204	734
204	894
205	238
205	319
205	354
205	998
206	480
206	482
206	540
206	752
206	850
206	928
206	948
207	246
207	327
207	474
207	531
207	958
208	232
208	371
208	425
208	497
208	666
208	756
209	344
209	393
209	426
209	448
209	791
209	800
210	300
210	318
210	419
210	611
211	227
211	264
211	335
211	550
211	637
211	658
211	745
211	988
212	352
212	378
212	941
213	417
213	425
213	489
213	491
213	556
214	248
214	315
214	336
214	438
214	506
214	613
214	695
214	842
214	876
215	252
215	310
215	348
215	452
215	457
215	599
215	959
216	338
216	382
216	472
216	499
216	530
216	841
216	872
217	311
217	322
217	330
217	357
217	464
217	492
217	544
217	776
218	235
218	279
218	318
218	500
218	547
219	698
219	797
220	245
220	255
220	356
220	661
220	748
220	952
220	974
221	445
221	458
221	839
222	278
222	283
222	324
222	885
223	264
223	564
223	825
223	904
224	382
224	457
224	551
224	608
224	659
224	663
224	911
225	278
225	363
225	401
225	469
225	664
225	668
226	242
226	267
226	269
226	271
226	312
226	486
226	813
226	831
226	842
227	353
227	529
227	538
227	621
227	631
227	855
228	279
228	360
228	467
228	583
228	608
228	645
228	663
228	766
228	918
229	260
229	336
229	372
229	388
229	945
230	290
230	451
230	463
230	519
230	701
230	713
231	325
231	383
231	531
231	585
231	620
232	260
232	465
232	493
232	505
232	729
232	921
233	264
233	513
233	814
233	825
233	941
234	323
234	420
234	461
234	527
234	617
234	679
234	754
235	248
235	328
235	376
235	781
236	309
236	530
236	673
236	694
236	868
237	252
237	434
237	672
237	731
237	860
238	283
238	347
238	721
238	796
238	983
239	302
239	439
239	510
239	862
239	956
239	982
240	257
240	321
240	329
240	427
240	434
240	530
240	649
241	347
241	586
241	697
241	892
242	267
242	280
242	288
242	307
242	493
242	674
243	253
243	324
243	365
243	502
243	680
243	863
243	880
243	896
244	263
244	343
244	710
244	711
244	838
245	282
245	427
245	726
245	866
245	966
246	320
246	327
246	461
246	503
246	554
246	593
246	780
247	250
247	258
247	390
247	415
247	462
247	759
247	808
247	812
247	937
248	729
249	262
249	329
249	389
249	424
249	573
249	833
250	289
250	539
250	776
250	946
251	550
251	655
251	716
252	507
252	592
252	872
253	586
253	850
254	272
254	277
254	332
254	362
254	375
254	797
254	826
255	441
255	653
255	727
255	911
256	458
256	597
256	625
257	367
257	405
257	677
257	744
257	992
258	350
258	385
258	390
258	664
258	747
258	914
259	559
259	575
259	675
259	728
259	735
260	525
260	633
260	729
260	788
261	378
261	450
261	521
261	643
261	679
261	871
261	891
262	332
262	404
262	562
262	749
262	833
262	918
263	309
263	514
263	523
263	532
263	562
263	710
264	374
264	470
264	638
264	659
265	277
265	305
265	402
265	556
266	337
266	413
266	523
267	316
267	667
267	945
268	269
268	307
268	498
268	506
269	542
269	732
269	746
269	782
269	923
270	615
270	631
270	835
270	943
270	982
271	372
271	506
271	525
271	924
272	408
272	439
272	491
272	548
272	601
272	789
273	366
273	395
273	408
273	671
274	289
274	418
274	596
274	747
274	960
275	300
275	307
275	362
275	465
275	604
275	823
276	323
276	481
276	516
276	554
276	556
277	299
277	425
277	489
277	686
277	824
278	379
278	632
279	389
279	467
279	722
280	307
280	388
280	553
280	758
281	341
281	827
281	847
281	963
281	992
282	287
282	298
282	567
282	626
283	363
283	418
283	482
283	840
283	935
284	337
284	545
284	763
284	787
285	340
285	869
285	980
285	998
286	369
286	405
286	437
286	552
286	674
286	847
286	891
287	454
287	615
287	635
287	907
287	968
288	323
288	327
288	421
288	503
288	817
288	958
288	971
289	464
289	479
289	886
289	887
289	924
289	939
290	421
290	423
290	449
290	584
290	940
291	331
291	431
291	576
291	622
291	743
291	862
292	352
292	353
292	442
292	669
292	745
292	931
292	955
293	304
293	315
293	437
293	450
293	992
294	433
294	458
294	476
294	494
294	632
295	326
295	399
295	534
295	574
295	579
296	339
296	475
296	768
296	783
297	304
297	315
297	341
297	552
297	925
298	439
298	631
298	748
298	828
298	891
299	304
299	450
299	468
299	804
300	376
300	551
300	704
300	925
301	414
301	475
301	783
301	817
301	853
302	358
302	397
302	582
302	631
302	835
303	326
303	523
303	728
304	341
304	361
305	375
305	399
305	432
305	548
305	662
305	741
306	318
306	328
306	431
307	792
307	829
308	441
308	452
308	568
308	733
309	371
309	499
309	583
309	900
310	343
310	407
310	518
310	780
311	322
311	544
311	623
311	646
311	961
312	364
312	486
312	929
312	930
313	315
313	468
313	521
313	736
313	803
313	847
313	875
314	535
314	607
315	367
315	437
315	736
316	481
316	701
316	916
316	942
317	387
317	417
317	491
317	556
317	657
317	668
318	465
318	581
318	682
318	746
319	798
319	896
319	928
319	948
320	383
320	772
321	337
321	412
321	583
321	723
321	993
322	350
322	385
322	422
322	742
323	380
323	607
323	880
323	944
324	632
324	669
324	762
324	950
325	459
325	474
325	517
325	654
325	708
325	987
326	548
326	740
327	932
328	400
328	712
328	927
329	430
329	961
330	385
330	724
330	742
330	812
331	487
331	558
331	566
331	748
331	866
331	966
332	387
332	489
333	648
334	583
334	619
334	678
334	820
334	895
335	386
335	460
335	707
335	885
336	515
336	921
337	467
337	595
337	603
337	859
338	339
338	481
338	527
338	528
338	880
338	940
339	517
339	569
339	639
339	641
340	354
340	355
340	771
340	918
340	953
341	369
341	429
341	473
341	803
342	371
342	395
342	514
342	548
342	590
342	807
343	573
343	749
344	392
344	494
344	739
344	873
345	389
345	490
345	624
345	711
345	841
346	478
346	494
346	588
347	647
347	832
347	873
347	983
348	407
348	565
348	868
348	897
349	442
349	538
349	745
350	539
350	577
350	702
350	776
350	811
350	818
351	531
351	618
351	971
352	386
352	564
352	909
353	926
354	363
354	452
354	571
354	885
356	358
356	635
356	898
357	373
357	479
357	544
357	808
358	510
358	835
359	618
359	692
359	851
360	663
360	673
360	733
360	763
361	435
361	750
361	942
362	600
362	606
363	968
364	463
364	519
364	593
364	769
364	834
365	411
365	697
366	451
366	555
366	616
367	405
367	473
367	594
368	391
368	641
369	594
369	634
369	679
369	871
370	376
370	650
370	704
370	801
370	986
371	882
372	388
372	853
373	415
373	418
373	539
373	773
374	403
374	560
374	658
375	591
375	789
375	877
376	572
376	582
376	822
377	395
377	417
377	574
377	740
377	741
378	398
378	725
379	591
379	759
379	832
380	834
380	880
381	420
381	919
382	467
382	511
382	599
383	463
383	689
383	768
383	969
384	418
384	441
384	623
384	887
385	598
385	702
385	724
386	426
386	442
386	460
386	913
387	668
388	394
388	396
389	515
390	415
390	478
390	818
391	421
391	519
392	533
392	823
393	396
393	493
393	575
393	587
393	876
394	667
394	830
394	876
394	921
394	923
395	753
396	505
398	497
399	675
399	772
400	561
400	582
400	718
400	736
400	986
401	598
401	815
402	435
402	474
402	516
403	509
403	528
403	560
403	658
403	819
404	430
404	518
404	722
405	630
406	450
406	555
406	684
407	430
407	514
407	666
407	714
407	778
408	497
408	688
409	453
409	505
409	547
409	597
409	781
409	901
410	513
410	550
410	905
410	915
412	456
412	507
412	514
412	649
413	452
413	530
413	867
414	916
414	942
415	464
415	544
416	770
416	793
416	901
416	984
416	985
417	491
417	534
418	747
418	811
418	939
419	436
419	580
419	793
420	449
420	617
420	713
420	846
421	527
421	586
421	932
422	934
422	938
423	483
423	893
423	940
424	458
424	672
424	694
424	849
425	534
426	636
426	922
426	967
427	439
427	990
428	536
428	896
428	948
429	521
429	744
430	690
430	748
430	872
430	956
431	801
432	437
432	605
432	857
433	632
433	670
434	490
434	897
435	481
436	676
436	720
437	651
437	925
438	506
438	782
438	874
439	568
439	907
440	441
440	709
442	621
442	681
442	710
442	730
443	556
444	476
444	478
444	537
444	967
444	983
445	481
445	641
445	740
445	783
445	973
446	549
446	666
447	488
447	501
447	587
447	657
447	663
448	588
448	991
449	475
449	977
450	473
450	594
451	703
451	1000
452	838
453	585
453	878
454	644
454	774
455	462
455	623
456	565
456	624
457	520
457	694
457	749
458	513
459	942
461	528
461	971
462	492
462	705
462	961
464	726
464	761
465	508
465	924
466	616
466	728
466	859
467	653
469	640
470	931
471	472
471	565
471	624
471	957
472	690
472	780
472	864
473	648
473	827
474	708
474	861
475	519
475	844
476	629
477	625
478	694
479	522
479	767
479	773
480	697
481	621
482	892
482	938
483	584
484	643
484	651
486	606
486	829
487	681
488	523
488	595
488	657
488	699
490	530
490	625
491	546
491	579
491	797
492	557
492	960
494	537
495	660
495	674
496	588
496	983
498	696
498	929
499	503
499	551
499	763
499	895
500	625
500	793
500	936
501	532
501	604
501	852
504	568
504	622
504	669
504	943
504	980
505	729
506	633
507	845
508	627
508	675
508	696
509	730
509	912
509	962
510	814
511	551
511	678
512	530
512	733
512	868
512	993
513	725
513	819
513	912
514	562
514	619
514	903
515	608
515	678
516	897
517	544
517	639
517	834
518	520
518	562
518	699
518	838
519	779
520	602
520	820
520	911
520	996
521	612
521	827
522	724
522	875
523	794
524	715
524	770
524	883
525	587
525	675
527	639
527	653
527	977
528	546
528	689
528	754
529	962
530	727
531	908
532	884
533	706
533	915
533	928
534	556
535	704
535	769
536	976
538	904
538	962
539	592
540	646
540	664
540	800
541	543
541	591
541	614
541	668
541	882
542	698
542	700
542	842
543	671
543	810
543	857
546	1000
547	883
549	642
549	662
549	761
550	637
551	610
551	841
552	679
553	932
554	834
557	596
557	886
558	635
558	685
558	693
558	910
559	587
559	829
560	905
560	947
561	682
562	678
563	589
563	634
563	744
563	777
564	730
564	932
565	751
565	806
565	957
567	759
567	965
568	828
568	994
569	769
570	810
571	629
572	976
573	595
573	897
575	675
575	758
576	743
577	623
577	811
577	818
577	946
578	635
578	663
578	805
578	814
580	720
582	682
582	927
583	816
584	689
588	950
589	713
589	932
589	964
590	616
590	698
591	731
592	596
592	886
594	677
596	937
597	770
599	669
599	956
600	700
601	642
601	772
602	690
602	903
603	690
603	723
603	895
603	900
604	719
604	795
604	876
605	756
605	765
606	758
606	864
607	754
608	999
609	665
610	653
610	838
612	925
613	795
614	715
614	770
614	972
615	907
615	974
617	768
617	942
619	860
619	893
620	636
620	948
621	745
622	691
622	774
622	835
622	898
624	690
626	920
626	968
627	764
627	792
627	930
628	794
628	832
629	647
630	704
630	793
631	828
633	696
633	723
635	836
635	910
636	699
636	922
636	970
637	947
638	905
639	881
640	796
641	839
641	967
642	952
643	827
644	990
645	867
646	939
646	946
646	960
649	959
650	683
652	682
652	919
652	936
653	737
654	750
656	910
659	678
659	996
660	798
661	687
662	826
662	999
664	706
664	771
665	936
665	985
665	986
667	795
670	828
670	934
670	951
671	817
671	890
672	867
672	904
673	709
674	752
674	860
677	871
678	903
682	822
683	712
683	985
685	726
685	952
685	990
686	739
686	756
686	879
687	724
688	772
688	797
689	899
691	954
691	974
692	701
692	861
692	997
694	959
695	848
696	732
697	906
697	948
698	756
698	807
699	763
699	870
700	734
701	861
702	705
702	784
702	937
703	855
703	909
704	917
705	742
707	995
709	806
710	860
711	778
712	717
712	971
714	922
714	989
716	855
717	720
718	888
719	813
719	842
721	750
723	852
726	760
726	774
728	753
730	904
731	755
731	837
733	870
733	956
734	894
735	984
738	882
739	789
743	994
744	804
744	856
746	901
747	767
750	775
752	759
753	755
754	865
755	824
757	858
760	898
762	796
764	975
766	845
769	987
773	946
776	808
779	899
779	973
780	993
784	939
785	786
785	824
786	879
787	845
790	883
792	929
792	930
799	843
800	938
805	994
809	818
812	843
816	863
819	947
820	831
820	849
823	923
826	981
828	982
832	950
834	954
839	1000
841	870
843	875
843	887
844	869
844	958
845	957
846	995
850	915
855	963
858	972
858	978
860	872
863	951
865	881
867	993
873	951
879	978
884	996
889	970
892	934
893	911
902	906
902	998
909	926
913	941
920	980
926	941
926	963
928	972
930	945
931	955
940	1000
946	979
953	970
995	997
