1	2
1	6
1	8
1	10
1	13
1	25
1	26
1	41
1	43
1	51
1	60
1	122
1	123
1	141
1	150
1	157
1	170
1	194
1	195
1	236
1	301
1	327
1	352
1	382
1	422
1	431
1	448
1	467
1	554
1	555
1	600
1	605
1	633
1	659
1	672
1	691
1	693
1	752
1	801
1	863
1	896
1	929
1	930
1	935
1	944
1	952
1	962
1	984
1	986
1	992
2	8
2	10
2	15
2	25
2	26
2	30
2	41
2	45
2	51
2	61
2	73
2	87
2	90
2	122
2	123
2	169
2	170
2	171
2	176
2	195
2	223
2	224
2	228
2	236
2	256
2	263
2	317
2	319
2	382
2	387
2	393
2	415
2	422
2	452
2	537
2	541
2	555
2	559
2	578
2	621
2	724
2	791
2	802
2	893
2	898
2	942
2	954
2	957
2	980
3	6
3	11
3	23
3	24
3	34
3	53
3	78
3	82
3	99
3	109
3	139
3	154
3	165
3	173
3	185
3	202
3	220
3	226
3	243
3	244
3	249
3	253
3	262
3	295
3	297
3	299
3	341
3	350
3	360
3	418
3	438
3	444
3	476
3	489
3	514
3	566
3	623
3	629
3	717
3	747
3	750
3	785
3	853
3	860
3	891
3	909
3	916
3	943
3	983
4	7
4	14
4	33
4	34
4	36
4	57
4	67
4	69
4	80
4	81
4	88
4	94
4	101
4	110
4	111
4	115
4	118
4	120
4	129
4	133
4	134
4	158
4	161
4	203
4	223
4	234
4	235
4	269
4	298
4	304
4	320
4	350
4	371
4	394
4	432
4	434
4	441
4	469
4	482
4	539
4	542
4	546
4	557
4	723
4	764
4	792
4	866
4	960
5	16
5	28
5	34
5	35
5	61
5	66
5	70
5	91
5	92
5	96
5	97
5	105
5	120
5	137
5	211
5	222
5	227
5	233
5	247
5	251
5	335
5	354
5	364
5	367
5	445
5	447
5	455
5	456
5	481
5	496
5	513
5	514
5	517
5	530
5	568
5	592
5	595
5	598
5	623
5	625
5	662
5	755
5	771
5	794
5	823
5	915
5	935
6	19
6	23
6	24
6	28
6	39
6	50
6	53
6	63
6	78
6	79
6	82
6	90
6	102
6	109
6	138
6	139
6	165
6	220
6	253
6	270
6	274
6	297
6	350
6	374
6	403
6	408
6	418
6	429
6	461
6	491
6	522
6	566
6	569
6	596
6	629
6	652
6	717
6	759
6	768
6	822
6	841
6	922
6	972
6	982
6	983
7	21
7	28
7	35
7	42
7	46
7	48
7	50
7	61
7	64
7	93
7	96
7	101
7	103
7	132
7	204
7	205
7	239
7	255
7	273
7	296
7	305
7	307
7	325
7	339
7	350
7	373
7	395
7	396
7	402
7	408
7	412
7	445
7	462
7	476
7	479
7	502
7	585
7	605
7	675
7	676
7	730
7	752
7	820
7	886
7	923
8	10
8	25
8	45
8	51
8	60
8	61
8	73
8	87
8	122
8	123
8	141
8	176
8	195
8	217
8	224
8	228
8	236
8	248
8	263
8	319
8	341
8	381
8	426
8	448
8	456
8	458
8	460
8	465
8	554
8	572
8	605
8	621
8	636
8	666
8	737
8	781
8	801
8	890
8	911
8	912
8	968
8	986
8	992
9	10
9	25
9	26
9	27
9	29
9	31
9	49
9	66
9	70
9	79
9	95
9	107
9	108
9	129
9	144
9	159
9	172
9	185
9	194
9	237
9	273
9	278
9	302
9	318
9	341
9	403
9	413
9	419
9	465
9	466
9	495
9	507
9	588
9	606
9	608
9	658
9	777
9	817
9	847
9	851
9	862
9	948
9	953
9	961
9	992
10	25
10	26
10	41
10	51
10	60
10	73
10	74
10	103
10	107
10	122
10	169
10	170
10	182
10	191
10	228
10	236
10	248
10	251
10	256
10	263
10	316
10	324
10	382
10	422
10	431
10	467
10	537
10	547
10	581
10	688
10	691
10	885
10	886
10	897
10	912
10	929
10	954
10	962
10	969
10	988
11	18
11	32
11	37
11	38
11	42
11	55
11	60
11	65
11	74
11	77
11	86
11	114
11	138
11	140
11	147
11	162
11	187
11	199
11	208
11	212
11	213
11	230
11	266
11	321
11	333
11	368
11	406
11	410
11	420
11	425
11	450
11	468
11	491
11	516
11	580
11	622
11	640
11	777
11	873
11	946
11	953
11	977
11	994
12	18
12	22
12	35
12	36
12	37
12	43
12	64
12	98
12	106
12	110
12	113
12	155
12	172
12	181
12	186
12	189
12	195
12	210
12	212
12	229
12	237
12	252
12	254
12	264
12	265
12	284
12	293
12	301
12	303
12	340
12	355
12	370
12	376
12	426
12	565
12	627
12	718
12	740
12	758
12	776
12	846
12	919
12	981
13	15
13	24
13	28
13	37
13	38
13	50
13	56
13	65
13	66
13	68
13	72
13	77
13	99
13	107
13	123
13	133
13	142
13	148
13	157
13	184
13	188
13	200
13	206
13	210
13	222
13	302
13	454
13	481
13	485
13	488
13	537
13	582
13	584
13	614
13	646
13	677
13	715
13	796
13	797
13	868
13	886
13	998
14	20
14	21
14	29
14	36
14	57
14	67
14	73
14	81
14	101
14	105
14	111
14	118
14	120
14	130
14	158
14	201
14	203
14	218
14	223
14	235
14	257
14	263
14	273
14	289
14	298
14	320
14	396
14	410
14	431
14	472
14	482
14	507
14	529
14	551
14	564
14	697
14	723
14	773
14	888
14	924
15	38
15	39
15	64
15	72
15	90
15	117
15	119
15	128
15	131
15	136
15	168
15	192
15	219
15	257
15	258
15	296
15	329
15	338
15	349
15	352
15	360
15	414
15	419
15	452
15	466
15	502
15	505
15	550
15	559
15	570
15	613
15	674
15	730
15	772
15	790
15	810
15	843
15	871
15	958
16	20
16	24
16	28
16	35
16	43
16	44
16	47
16	70
16	75
16	79
16	92
16	96
16	97
16	126
16	137
16	153
16	172
16	261
16	290
16	296
16	364
16	379
16	427
16	443
16	459
16	480
16	496
16	500
16	517
16	543
16	599
16	611
16	644
16	663
16	679
16	696
16	827
16	955
16	994
17	18
17	22
17	43
17	74
17	92
17	95
17	98
17	106
17	135
17	148
17	151
17	155
17	165
17	189
17	214
17	277
17	282
17	312
17	349
17	358
17	397
17	418
17	474
17	500
17	627
17	632
17	678
17	699
17	741
17	749
17	796
17	819
17	840
17	887
17	900
17	902
17	910
17	976
17	997
18	22
18	27
18	40
18	43
18	98
18	106
18	122
18	125
18	135
18	161
18	163
18	172
18	188
18	209
18	214
18	254
18	291
18	300
18	305
18	349
18	370
18	373
18	376
18	403
18	415
18	511
18	548
18	586
18	680
18	682
18	819
18	872
18	919
18	936
18	939
18	966
19	43
19	52
19	56
19	75
19	81
19	116
19	125
19	132
19	148
19	156
19	170
19	173
19	177
19	180
19	193
19	198
19	242
19	265
19	268
19	347
19	446
19	509
19	520
19	556
19	557
19	558
19	560
19	637
19	715
19	786
19	820
19	920
19	937
19	947
19	965
19	974
19	995
19	998
20	28
20	35
20	61
20	76
20	83
20	88
20	92
20	97
20	105
20	126
20	146
20	152
20	158
20	159
20	162
20	225
20	227
20	238
20	304
20	309
20	310
20	336
20	345
20	351
20	427
20	513
20	544
20	604
20	608
20	624
20	662
20	720
20	745
20	823
20	834
20	910
21	37
21	43
21	53
21	62
21	79
21	100
21	104
21	107
21	146
21	161
21	175
21	191
21	241
21	245
21	253
21	265
21	316
21	324
21	352
21	364
21	395
21	400
21	432
21	479
21	529
21	534
21	544
21	574
21	584
21	610
21	659
21	663
21	676
21	733
21	857
22	27
22	43
22	62
22	63
22	93
22	113
22	117
22	151
22	160
22	161
22	163
22	189
22	216
22	254
22	284
22	307
22	353
22	378
22	425
22	428
22	430
22	478
22	518
22	536
22	547
22	603
22	626
22	635
22	643
22	695
22	699
22	749
22	840
22	907
23	50
23	78
23	90
23	99
23	102
23	109
23	121
23	139
23	173
23	194
23	243
23	244
23	262
23	295
23	328
23	342
23	374
23	389
23	455
23	463
23	489
23	490
23	541
23	650
23	689
23	717
23	724
23	736
23	750
23	753
23	809
23	906
23	956
23	972
23	984
24	39
24	41
24	49
24	66
24	79
24	92
24	128
24	175
24	185
24	198
24	246
24	260
24	271
24	278
24	336
24	354
24	404
24	427
24	444
24	464
24	526
24	568
24	619
24	630
24	644
24	702
24	725
24	746
24	759
24	841
24	872
24	933
25	26
25	39
25	41
25	45
25	51
25	73
25	87
25	95
25	112
25	122
25	170
25	176
25	191
25	213
25	228
25	236
25	251
25	256
25	263
25	282
25	303
25	324
25	325
25	338
25	354
25	365
25	578
25	636
25	688
25	885
25	952
26	41
26	45
26	51
26	73
26	87
26	122
26	135
26	146
26	194
26	195
26	196
26	228
26	236
26	248
26	317
26	365
26	382
26	435
26	536
26	543
26	578
26	649
26	691
26	724
26	729
26	761
26	863
26	886
26	917
26	986
26	988
27	36
27	40
27	79
27	100
27	106
27	113
27	135
27	188
27	229
27	234
27	237
27	252
27	254
27	291
27	322
27	359
27	372
27	376
27	377
27	378
27	497
27	499
27	529
27	536
27	569
27	588
27	655
27	695
27	712
27	776
27	819
27	997
28	42
28	44
28	47
28	70
28	83
28	86
28	92
28	153
28	247
28	270
28	272
28	304
28	333
28	417
28	437
28	445
28	446
28	470
28	488
28	543
28	663
28	689
28	696
28	720
28	766
28	771
28	824
28	852
29	30
29	33
29	37
29	39
29	82
29	83
29	110
29	121
29	122
29	170
29	200
29	210
29	241
29	332
29	362
29	374
29	484
29	485
29	515
29	572
29	577
29	603
29	634
29	642
29	698
29	707
29	708
29	735
29	848
29	894
29	944
29	951
30	40
30	60
30	88
30	124
30	143
30	161
30	166
30	173
30	181
30	193
30	207
30	215
30	289
30	326
30	330
30	335
30	342
30	357
30	391
30	439
30	461
30	496
30	523
30	557
30	576
30	711
30	725
30	898
30	934
30	945
30	955
30	990
31	32
31	55
31	58
31	79
31	86
31	91
31	108
31	140
31	144
31	167
31	174
31	178
31	187
31	199
31	229
31	232
31	267
31	300
31	327
31	468
31	506
31	514
31	540
31	544
31	575
31	580
31	647
31	761
31	777
31	839
31	864
31	880
31	894
32	54
32	55
32	65
32	77
32	81
32	85
32	93
32	99
32	149
32	167
32	184
32	187
32	220
32	241
32	315
32	402
32	407
32	425
32	446
32	464
32	491
32	567
32	620
32	657
32	697
32	746
32	812
32	842
32	932
32	937
32	945
33	36
33	42
33	67
33	69
33	77
33	100
33	111
33	122
33	134
33	200
33	203
33	234
33	235
33	283
33	338
33	371
33	432
33	469
33	472
33	486
33	538
33	570
33	632
33	660
33	668
33	703
33	855
33	888
33	931
33	970
34	53
34	67
34	139
34	149
34	154
34	165
34	169
34	220
34	223
34	243
34	253
34	262
34	270
34	392
34	451
34	490
34	511
34	519
34	528
34	549
34	645
34	648
34	650
34	654
34	830
34	860
34	913
34	922
34	964
35	44
35	47
35	88
35	92
35	98
35	146
35	153
35	177
35	211
35	215
35	225
35	280
35	364
35	373
35	407
35	408
35	447
35	530
35	611
35	624
35	696
35	722
35	827
35	870
35	906
35	951
36	39
36	67
36	69
36	81
36	101
36	118
36	134
36	145
36	201
36	283
36	320
36	322
36	370
36	477
36	486
36	529
36	539
36	550
36	739
36	757
36	821
36	866
36	900
36	950
36	978
37	38
37	53
37	81
37	90
37	93
37	141
37	143
37	176
37	205
37	213
37	230
37	240
37	266
37	272
37	347
37	451
37	463
37	552
37	630
37	704
37	725
37	731
37	844
37	967
37	976
38	54
38	56
38	65
38	66
38	106
38	141
38	162
38	167
38	190
38	207
38	208
38	300
38	380
38	381
38	424
38	446
38	450
38	506
38	639
38	657
38	677
38	713
38	800
38	805
38	822
38	831
39	73
39	125
39	127
39	128
39	130
39	149
39	153
39	161
39	168
39	329
39	337
39	347
39	366
39	440
39	451
39	577
39	595
39	626
39	649
39	680
39	749
39	858
39	950
39	953
40	62
40	76
40	93
40	98
40	106
40	172
40	186
40	189
40	212
40	215
40	216
40	284
40	292
40	340
40	358
40	376
40	378
40	465
40	474
40	497
40	548
40	590
40	605
40	819
40	869
40	941
41	73
41	84
41	122
41	170
41	194
41	195
41	236
41	250
41	255
41	256
41	341
41	363
41	482
41	522
41	535
41	554
41	581
41	605
41	676
41	726
41	940
41	954
41	963
42	48
42	54
42	58
42	65
42	71
42	108
42	114
42	141
42	142
42	277
42	293
42	333
42	345
42	424
42	516
42	563
42	639
42	671
42	672
42	686
42	697
42	808
42	864
42	873
42	945
43	45
43	73
43	98
43	135
43	155
43	181
43	214
43	252
43	353
43	354
43	375
43	426
43	430
43	497
43	499
43	500
43	518
43	548
43	626
43	789
43	902
44	61
44	76
44	92
44	105
44	161
44	167
44	170
44	177
44	225
44	247
44	261
44	310
44	363
44	417
44	437
44	440
44	567
44	575
44	624
44	679
44	722
44	758
44	774
44	793
44	794
45	48
45	70
45	73
45	152
45	176
45	196
45	224
45	228
45	256
45	301
45	304
45	324
45	448
45	458
45	467
45	537
45	571
45	633
45	677
45	800
45	890
45	896
45	952
46	54
46	85
46	107
46	114
46	144
46	148
46	164
46	239
46	241
46	267
46	313
46	356
46	385
46	401
46	404
46	407
46	415
46	515
46	587
46	647
46	670
46	697
46	798
46	805
46	867
46	895
46	985
47	66
47	96
47	97
47	201
47	247
47	259
47	290
47	335
47	355
47	379
47	442
47	480
47	487
47	547
47	594
47	599
47	608
47	666
47	711
47	774
47	793
47	823
47	870
47	906
48	54
48	74
48	85
48	89
48	95
48	175
48	280
48	311
48	325
48	345
48	346
48	398
48	423
48	449
48	477
48	492
48	516
48	524
48	599
48	639
48	646
48	735
48	855
48	880
49	59
49	75
49	94
49	119
49	179
49	193
49	197
49	198
49	205
49	208
49	231
49	308
49	357
49	420
49	454
49	509
49	526
49	531
49	576
49	588
49	800
49	957
49	975
49	995
50	63
50	82
50	90
50	97
50	110
50	138
50	165
50	226
50	270
50	288
50	362
50	392
50	409
50	438
50	508
50	591
50	648
50	651
50	737
50	750
50	785
50	864
51	104
51	140
51	248
51	305
51	317
51	431
51	453
51	554
51	581
51	584
51	619
51	623
51	649
51	658
51	788
51	890
51	962
51	973
51	986
51	1000
52	56
52	59
52	60
52	77
52	125
52	127
52	148
52	179
52	198
52	204
52	231
52	268
52	343
52	475
52	498
52	509
52	556
52	559
52	576
52	618
52	714
52	828
52	916
52	996
53	59
53	82
53	101
53	109
53	143
53	165
53	173
53	220
53	244
53	270
53	297
53	390
53	397
53	461
53	512
53	525
53	526
53	650
53	909
53	985
54	55
54	65
54	66
54	118
54	208
54	222
54	232
54	239
54	266
54	362
54	366
54	385
54	402
54	415
54	477
54	563
54	642
54	722
54	723
54	842
55	58
55	66
55	74
55	85
55	151
55	153
55	154
55	157
55	161
55	190
55	213
55	260
55	280
55	299
55	408
55	410
55	424
55	463
55	477
55	642
55	647
56	59
56	62
56	97
56	121
56	125
56	127
56	164
56	169
56	204
56	265
56	294
56	326
56	359
56	409
56	494
56	553
56	813
56	865
56	882
56	921
57	94
57	111
57	118
57	120
57	145
57	158
57	159
57	203
57	231
57	273
57	295
57	451
57	465
57	483
57	546
57	551
57	579
57	628
57	714
57	832
57	866
57	912
58	77
58	108
58	141
58	146
58	148
58	178
58	184
58	362
58	399
58	406
58	506
58	525
58	531
58	547
58	653
58	661
58	732
58	765
58	799
58	830
58	831
59	75
59	79
59	113
59	125
59	152
59	218
59	228
59	233
59	242
59	279
59	294
59	473
59	545
59	558
59	702
59	807
59	909
59	927
59	937
60	64
60	79
60	90
60	93
60	134
60	192
60	210
60	299
60	416
60	419
60	494
60	519
60	649
60	650
60	818
60	971
60	978
61	70
61	76
61	88
61	97
61	146
61	169
61	177
61	222
61	227
61	281
61	305
61	335
61	447
61	571
61	710
61	856
61	874
62	88
62	98
62	139
62	183
62	186
62	189
62	277
62	378
62	525
62	635
62	699
62	741
62	756
62	773
62	787
62	789
62	806
62	848
62	961
63	67
63	99
63	140
63	163
63	225
63	255
63	318
63	381
63	472
63	494
63	511
63	523
63	572
63	620
63	711
63	720
63	761
63	852
63	951
64	69
64	87
64	95
64	114
64	117
64	192
64	207
64	285
64	297
64	312
64	406
64	426
64	479
64	601
64	612
64	701
64	721
64	842
65	93
65	241
65	249
65	280
65	287
65	300
65	353
65	398
65	515
65	521
65	534
65	602
65	657
65	791
65	895
65	930
66	73
66	139
66	151
66	185
66	285
66	307
66	328
66	399
66	411
66	419
66	521
66	601
66	622
66	696
67	95
67	111
67	118
67	120
67	130
67	132
67	134
67	215
67	269
67	273
67	482
67	723
67	792
67	898
67	905
68	104
68	119
68	148
68	204
68	209
68	233
68	307
68	308
68	494
68	511
68	531
68	545
68	557
68	583
68	685
68	727
68	841
68	914
68	918
68	974
69	81
69	118
69	120
69	134
69	151
69	201
69	203
69	298
69	333
69	403
69	482
69	539
69	634
69	669
69	775
69	834
69	844
70	91
70	96
70	105
70	137
70	247
70	281
70	294
70	298
70	367
70	441
70	459
70	490
70	720
70	774
70	834
71	80
71	85
71	141
71	157
71	167
71	232
71	245
71	257
71	299
71	306
71	309
71	322
71	410
71	575
71	677
71	692
71	738
71	782
71	838
71	991
72	84
72	109
72	110
72	131
72	135
72	182
72	192
72	219
72	240
72	265
72	286
72	466
72	552
72	730
72	762
72	826
72	843
72	884
72	899
73	163
73	251
73	301
73	341
73	362
73	365
73	393
73	649
73	944
73	980
74	77
74	174
74	179
74	184
74	190
74	239
74	267
74	300
74	315
74	323
74	324
74	424
74	532
74	540
74	692
75	84
75	127
75	198
75	209
75	215
75	233
75	282
75	475
75	494
75	716
75	779
75	839
75	876
75	932
75	959
75	969
76	91
76	137
76	146
76	152
76	281
76	375
76	427
76	463
76	526
76	611
76	673
76	710
76	771
76	786
76	847
76	915
77	86
77	178
77	293
77	344
77	350
77	386
77	464
77	563
77	582
77	692
77	714
77	735
77	946
78	99
78	102
78	154
78	235
78	253
78	374
78	387
78	390
78	416
78	434
78	444
78	519
78	589
78	591
78	645
78	731
78	748
79	168
79	190
79	206
79	258
79	459
79	622
79	644
79	746
79	763
79	776
79	861
80	150
80	165
80	182
80	202
80	240
80	296
80	329
80	338
80	368
80	411
80	457
80	466
80	573
80	687
80	706
80	762
80	815
80	849
81	101
81	120
81	201
81	223
81	320
81	333
81	486
81	529
81	634
81	660
81	774
81	905
81	953
82	102
82	109
82	149
82	245
82	390
82	442
82	511
82	522
82	606
82	648
82	705
82	717
82	736
82	809
82	931
83	105
83	108
83	126
83	137
83	153
83	210
83	249
83	253
83	310
83	367
83	437
83	440
83	445
83	592
83	594
83	755
83	815
84	104
84	124
84	128
84	131
84	136
84	171
84	210
84	219
84	258
84	261
84	296
84	346
84	550
84	561
84	570
84	690
84	810
85	96
85	104
85	197
85	213
85	280
85	368
85	399
85	423
85	506
85	602
85	709
85	830
85	892
85	994
86	140
86	141
86	162
86	175
86	178
86	190
86	221
86	313
86	369
86	391
86	515
86	631
86	657
86	675
86	828
87	119
87	122
87	123
87	194
87	248
87	458
87	584
87	636
87	716
87	743
87	770
87	788
87	846
87	942
88	91
88	166
88	247
88	364
88	459
88	487
88	524
88	552
88	594
88	744
88	793
88	827
88	874
89	115
89	141
89	142
89	145
89	167
89	280
89	285
89	323
89	425
89	534
89	580
89	587
89	622
89	646
89	778
89	883
89	904
89	917
90	185
90	226
90	252
90	288
90	508
90	512
90	549
90	606
90	651
90	737
90	768
90	913
91	92
91	105
91	144
91	153
91	278
91	356
91	440
91	608
91	624
91	771
91	793
91	852
91	859
91	904
92	96
92	102
92	153
92	211
92	222
92	245
92	246
92	253
92	336
92	592
93	127
93	133
93	199
93	292
93	332
93	333
93	513
93	535
93	695
93	790
93	863
93	926
94	101
94	111
94	123
94	145
94	158
94	235
94	247
94	283
94	356
94	371
94	394
94	469
94	482
94	632
94	853
94	950
95	155
95	171
95	182
95	272
95	339
95	420
95	484
95	519
95	532
95	679
95	703
95	721
95	865
96	129
96	168
96	225
96	227
96	246
96	272
96	304
96	668
96	679
96	733
96	834
96	850
97	153
97	225
97	259
97	290
97	304
97	362
97	364
97	437
97	508
97	663
97	668
98	176
98	216
98	237
98	282
98	398
98	430
98	435
98	449
98	869
98	872
98	967
99	166
99	199
99	206
99	306
99	343
99	368
99	408
99	457
99	536
99	704
99	760
99	892
100	145
100	169
100	200
100	211
100	375
100	413
100	582
100	653
100	655
100	664
100	763
100	780
100	788
100	793
100	999
101	120
101	121
101	130
101	134
101	234
101	235
101	273
101	332
101	357
101	441
101	554
102	109
102	207
102	244
102	262
102	270
102	288
102	343
102	444
102	508
102	528
102	716
102	751
102	753
103	112
103	125
103	127
103	153
103	159
103	160
103	193
103	204
103	255
103	576
103	715
103	836
103	914
103	973
103	974
103	975
104	186
104	368
104	376
104	432
104	441
104	451
104	526
104	589
104	769
104	882
104	908
104	913
104	959
105	130
105	153
105	196
105	238
105	246
105	336
105	340
105	379
105	512
105	683
105	794
106	155
106	160
106	179
106	181
106	214
106	228
106	282
106	312
106	313
106	500
106	548
106	604
107	151
107	185
107	200
107	217
107	316
107	356
107	360
107	382
107	447
107	501
107	512
107	857
107	984
108	141
108	162
108	169
108	190
108	257
108	315
108	410
108	421
108	423
108	506
108	760
108	845
108	904
109	115
109	139
109	262
109	303
109	388
109	401
109	525
109	579
109	933
109	971
110	117
110	124
110	128
110	131
110	147
110	168
110	240
110	258
110	296
110	346
110	414
110	780
111	199
111	221
111	429
111	441
111	486
111	527
111	538
111	685
111	739
111	837
111	964
112	158
112	199
112	215
112	278
112	286
112	298
112	306
112	365
112	380
112	412
112	465
112	479
112	616
112	919
112	976
113	155
113	185
113	186
113	221
113	224
113	237
113	378
113	500
113	531
113	604
113	690
113	806
113	966
114	162
114	174
114	208
114	213
114	230
114	322
114	399
114	574
114	590
114	656
114	800
114	834
114	969
115	129
115	177
115	186
115	249
115	264
115	368
115	383
115	407
115	408
115	719
115	903
115	944
115	954
115	999
116	156
116	197
116	199
116	279
116	347
116	359
116	471
116	548
116	556
116	588
116	699
116	734
116	802
116	921
116	924
116	975
117	124
117	128
117	129
117	136
117	147
117	182
117	207
117	338
117	502
117	640
117	772
117	899
117	911
118	201
118	303
118	320
118	355
118	371
118	538
118	540
118	562
118	660
118	867
119	148
119	156
119	180
119	268
119	333
119	361
119	409
119	498
119	572
119	588
119	637
119	640
119	778
120	130
120	235
120	243
120	248
120	507
120	529
120	703
120	728
120	996
121	125
121	132
121	156
121	169
121	242
121	348
121	372
121	409
121	443
121	593
121	901
121	914
121	989
122	166
122	224
122	248
122	263
122	814
122	825
123	174
123	191
123	228
123	251
123	301
123	317
123	397
123	400
123	460
123	605
123	936
124	127
124	128
124	136
124	147
124	150
124	182
124	248
124	286
124	413
124	436
124	613
124	690
124	772
125	193
125	326
125	347
125	348
125	443
125	520
125	618
125	661
125	779
126	222
126	225
126	270
126	272
126	336
126	342
126	408
126	480
126	517
126	594
126	625
126	665
126	698
126	783
127	180
127	384
127	420
127	428
127	443
127	734
127	879
127	947
127	988
128	136
128	217
128	360
128	503
128	684
128	706
128	780
128	826
128	902
129	143
129	194
129	195
129	200
129	355
129	385
129	386
129	486
129	487
129	610
129	799
130	134
130	138
130	463
130	609
130	757
130	788
130	905
130	949
130	950
130	970
131	136
131	162
131	219
131	258
131	269
131	285
131	286
131	338
131	360
131	466
131	654
131	930
132	134
132	152
132	159
132	198
132	204
132	279
132	303
132	326
132	361
132	428
132	466
132	473
133	149
133	156
133	230
133	339
133	378
133	405
133	428
133	564
133	575
133	616
133	641
133	861
133	956
134	158
134	396
134	407
134	610
134	685
134	721
134	978
135	172
135	199
135	264
135	291
135	328
135	349
135	435
135	718
135	902
135	961
136	286
136	348
136	359
136	462
136	601
136	603
136	613
136	687
136	835
136	990
137	153
137	225
137	334
137	486
137	487
137	590
137	673
137	686
137	859
137	862
137	979
138	262
138	263
138	274
138	295
138	390
138	438
138	476
138	522
138	759
138	928
138	933
138	999
139	274
139	392
139	394
139	476
139	528
139	541
139	689
139	896
139	1000
140	141
140	157
140	321
140	323
140	401
140	404
140	406
140	687
140	721
140	804
141	162
141	241
141	585
141	733
142	184
142	190
142	257
142	302
142	383
142	449
142	587
142	596
142	661
142	738
142	799
142	991
143	194
143	246
143	334
143	352
143	373
143	393
143	542
143	587
143	748
143	851
143	976
144	167
144	200
144	235
144	245
144	287
144	292
144	311
144	434
144	579
144	594
144	699
145	206
145	223
145	269
145	332
145	472
145	542
145	546
145	700
145	723
145	960
146	177
146	290
146	298
146	445
146	530
146	744
146	852
146	854
147	182
147	202
147	217
147	219
147	276
147	330
147	416
147	457
147	550
147	728
147	730
148	218
148	473
148	576
148	615
148	637
148	653
148	901
149	283
149	307
149	403
149	445
149	523
149	573
149	609
149	672
149	778
149	791
150	168
150	185
150	296
150	343
150	440
150	452
150	457
150	505
150	561
150	667
150	706
150	763
151	178
151	234
151	259
151	268
151	280
151	319
151	405
151	412
151	448
152	196
152	233
152	268
152	275
152	331
152	357
152	386
152	879
152	918
152	996
153	336
153	450
154	165
154	226
154	232
154	243
154	301
154	374
154	591
154	645
154	664
154	737
155	172
155	181
155	216
155	565
155	772
155	876
155	884
155	958
156	164
156	180
156	309
156	463
156	746
156	820
156	889
156	928
156	989
157	174
157	178
157	208
157	300
157	506
157	540
157	586
157	596
157	850
158	234
158	242
158	298
158	473
158	878
158	888
158	905
159	294
159	331
159	347
159	359
159	531
159	702
159	916
159	924
159	932
160	172
160	330
160	358
160	426
160	455
160	467
160	565
160	597
160	754
160	840
160	907
161	351
161	387
161	443
161	501
161	552
161	962
162	274
162	366
162	642
162	741
162	782
162	875
163	172
163	212
163	219
163	249
163	474
163	499
163	518
163	695
163	756
163	902
164	180
164	193
164	197
164	203
164	218
164	242
164	255
164	323
164	421
164	665
164	731
165	173
165	461
165	463
165	701
165	737
165	874
166	206
166	210
166	408
166	489
166	745
166	780
166	888
166	940
166	967
166	979
167	208
167	337
167	345
167	415
167	617
167	646
167	994
168	182
168	192
168	240
168	338
168	390
168	658
168	762
168	990
169	360
169	481
169	719
169	863
169	922
169	929
170	228
170	256
170	324
170	666
170	726
170	802
171	206
171	271
171	278
171	311
171	336
171	413
171	720
171	813
171	889
171	943
171	973
172	277
172	282
172	312
172	518
172	731
173	220
173	274
173	303
173	388
173	488
173	501
173	508
173	629
174	218
174	238
174	313
174	315
174	344
174	402
174	567
174	602
174	641
175	186
175	209
175	309
175	471
175	485
175	606
175	686
175	814
175	815
176	195
176	302
176	319
176	533
176	600
176	781
176	988
177	246
177	456
177	517
177	683
177	707
177	743
177	854
178	241
178	243
178	257
178	297
178	335
178	369
178	977
179	331
179	348
179	357
179	359
179	420
179	422
179	475
179	865
179	969
180	198
180	233
180	321
180	357
180	361
180	396
180	545
180	924
181	214
181	252
181	264
181	276
181	426
181	908
181	938
181	941
182	217
182	338
182	502
182	603
182	860
183	186
183	219
183	373
183	511
183	536
183	586
183	590
183	872
183	876
183	939
183	947
183	966
184	344
184	523
184	582
184	631
184	694
184	705
184	811
184	880
185	223
185	479
185	513
185	640
185	725
186	356
186	358
186	627
186	798
186	941
187	208
187	215
187	292
187	337
187	391
187	453
187	510
187	677
187	752
187	936
188	336
188	340
188	377
188	426
188	474
188	546
188	614
188	680
188	754
188	846
189	216
189	284
189	553
189	734
189	741
189	742
189	866
189	973
190	230
190	292
190	386
190	692
190	800
190	806
191	251
191	365
191	389
191	460
191	621
191	678
191	779
191	912
191	963
192	240
192	258
192	397
192	414
192	502
192	505
192	684
192	690
193	242
193	421
193	509
193	820
193	937
193	975
193	995
194	301
194	324
194	422
194	581
194	619
195	263
195	301
195	312
195	539
195	726
196	245
196	278
196	334
196	344
196	439
196	458
196	637
196	638
196	845
197	308
197	443
197	475
197	482
197	501
197	715
197	734
197	761
197	965
198	241
198	639
198	727
198	833
198	905
199	296
199	490
199	495
199	631
200	226
200	247
200	271
200	401
200	843
201	223
201	283
201	395
201	538
201	832
201	867
202	219
202	236
202	240
202	296
202	325
202	360
202	457
202	601
202	767
203	277
203	371
203	472
203	486
203	546
203	764
204	276
204	330
204	455
204	504
204	809
204	928
205	256
205	261
205	325
205	427
205	500
205	683
205	694
205	719
205	926
206	480
206	568
206	682
206	769
206	807
206	855
207	208
207	259
207	387
207	405
207	433
207	551
207	941
208	544
208	617
208	946
209	327
209	361
209	421
209	583
209	593
209	813
209	965
209	995
210	302
210	399
210	653
210	695
210	1000
211	259
211	272
211	316
211	417
211	742
211	796
211	823
211	910
212	277
212	305
212	306
212	419
212	499
212	614
212	941
212	979
213	260
213	506
213	567
213	641
213	812
213	898
214	252
214	307
214	373
214	376
214	598
214	701
214	754
215	281
215	334
215	372
215	722
215	978
216	218
216	229
216	264
216	417
216	598
216	695
216	781
217	219
217	314
217	329
217	395
217	545
217	674
217	871
218	294
218	421
218	531
218	764
218	957
218	998
219	360
219	609
219	923
220	244
220	405
220	429
220	571
220	881
220	916
221	252
221	318
221	381
221	536
221	586
221	678
221	806
221	876
221	887
222	281
222	367
222	623
222	666
222	667
222	906
223	432
223	551
223	773
223	867
224	248
224	308
224	317
224	395
224	400
224	659
224	885
225	326
225	458
225	552
225	786
226	244
226	429
226	433
226	541
226	549
226	654
226	701
227	287
227	318
227	447
227	667
227	673
227	814
227	817
227	869
228	387
228	460
229	332
229	353
229	497
229	655
229	682
229	718
229	846
229	990
230	232
230	321
230	468
230	622
230	724
230	875
231	255
231	326
231	433
231	716
231	727
231	734
231	826
231	914
232	287
232	344
232	390
232	402
232	931
232	985
233	593
233	640
233	825
233	861
233	957
234	298
234	773
234	851
234	879
234	970
235	327
235	685
235	714
236	625
236	666
236	886
237	349
237	386
237	623
237	708
237	787
237	806
238	246
238	272
238	479
238	698
238	766
238	797
238	893
238	910
239	257
239	364
239	404
239	492
239	647
239	839
239	943
240	258
240	279
240	379
240	687
241	337
241	773
241	812
242	373
242	494
242	545
242	723
242	879
243	438
243	446
243	461
243	525
243	881
244	381
244	489
244	566
244	768
244	982
245	381
245	423
245	615
245	732
245	842
246	265
246	370
246	673
246	854
247	277
247	445
247	625
248	400
248	636
249	265
249	325
249	379
249	421
249	671
249	816
250	271
250	286
250	345
250	446
250	453
250	532
250	617
250	664
250	722
250	812
251	271
251	290
251	825
251	896
251	917
252	370
252	553
252	593
252	918
253	416
253	429
253	476
253	689
254	281
254	340
254	370
254	389
254	464
254	712
254	997
255	279
255	420
255	493
255	630
255	716
256	382
256	530
256	537
256	736
257	401
257	664
257	831
257	991
258	275
258	452
258	770
258	925
259	261
259	322
259	335
259	440
259	560
259	797
260	300
260	337
260	402
260	481
260	612
260	618
260	628
260	656
261	327
261	335
261	367
261	577
261	742
261	824
262	308
262	363
262	444
262	814
262	860
263	431
263	674
263	788
264	277
264	291
264	349
264	678
264	785
264	863
265	335
265	438
265	724
265	901
266	349
266	413
266	489
266	516
266	697
266	752
266	856
266	977
267	278
267	366
267	404
267	618
267	631
267	661
267	726
267	894
268	637
268	693
268	826
268	901
268	921
268	924
269	507
269	609
269	636
269	714
269	956
269	970
270	340
270	442
270	922
271	306
271	358
271	413
271	685
271	705
272	367
272	668
272	845
273	565
273	579
273	757
273	878
274	288
274	389
274	519
274	645
274	647
275	300
275	326
275	377
275	545
275	833
275	932
275	989
275	996
276	284
276	361
276	428
276	475
276	520
276	969
276	993
277	518
277	682
278	578
278	873
278	942
279	421
279	610
279	676
279	702
279	921
280	344
280	446
280	694
281	304
281	480
281	671
281	774
282	284
282	348
282	375
282	981
283	292
283	535
283	775
283	832
283	925
284	340
284	375
284	449
284	712
285	362
285	449
285	563
285	671
285	712
285	739
286	527
286	728
286	815
286	956
287	346
287	398
287	399
287	453
287	595
287	811
288	293
288	297
288	390
288	561
288	612
288	860
289	406
289	417
289	572
289	669
289	827
289	841
289	947
289	968
290	348
290	379
290	436
290	670
290	797
291	362
291	500
291	586
291	745
291	936
291	938
292	610
292	804
292	907
292	920
293	383
293	510
293	580
293	631
293	657
293	677
294	354
294	420
294	454
294	548
294	993
295	397
295	490
295	508
295	526
295	689
295	759
296	314
297	751
297	753
297	868
297	890
298	634
298	792
299	345
299	423
299	765
299	818
299	945
299	987
300	361
300	521
301	411
301	458
302	357
302	392
302	597
302	607
302	824
303	615
303	662
303	825
303	858
304	447
304	496
304	951
305	312
305	435
305	712
305	872
305	939
306	405
306	468
306	738
306	784
306	829
307	388
307	745
307	767
307	789
308	803
308	828
308	947
308	974
309	384
309	391
309	494
309	629
309	638
310	367
310	395
310	465
310	487
310	599
310	667
311	322
311	391
311	515
311	628
311	895
311	948
312	435
312	789
312	792
313	369
313	416
313	642
313	811
313	812
314	363
314	423
314	561
314	658
314	690
314	763
314	784
315	471
315	620
315	839
315	922
315	977
316	480
316	641
316	654
316	729
316	828
317	368
317	537
317	802
317	893
318	353
318	616
318	681
318	740
318	980
319	334
319	400
319	503
319	940
319	962
320	396
320	503
320	538
320	925
321	401
321	669
321	704
321	765
321	873
322	540
322	811
322	930
323	343
323	406
323	501
323	567
323	602
324	388
324	578
325	366
325	501
325	635
326	475
326	783
327	329
327	550
327	616
327	859
328	354
328	434
328	491
328	571
328	686
328	906
329	527
329	616
329	849
329	934
330	398
330	498
330	523
330	672
330	921
331	410
331	715
331	727
331	783
331	836
331	952
332	432
332	714
332	888
332	925
333	710
333	891
334	487
334	644
334	719
334	757
335	594
336	608
337	369
337	492
337	782
337	987
338	411
339	545
339	659
339	731
339	857
339	911
339	958
340	532
340	590
341	448
341	619
341	884
341	917
342	397
342	430
342	496
342	598
342	754
342	987
343	447
343	451
343	630
343	814
344	383
344	493
344	563
345	602
345	656
345	727
346	520
346	603
346	706
346	730
346	923
347	428
347	498
347	991
348	421
348	454
348	937
349	430
349	907
350	476
350	569
350	751
350	809
351	403
351	468
351	562
351	686
351	761
351	891
351	994
352	411
352	527
352	763
352	767
352	990
353	375
353	635
353	705
353	840
354	439
354	808
354	955
355	372
355	676
355	769
355	811
355	908
356	476
356	745
356	940
356	954
357	498
357	993
358	430
358	478
358	484
358	708
359	485
359	504
359	964
360	527
361	492
361	587
361	702
362	827
363	439
363	765
363	796
363	808
363	838
364	455
364	499
365	393
365	414
365	422
365	667
366	407
366	540
366	732
366	782
367	438
367	478
368	547
368	835
369	391
369	406
369	437
369	740
369	891
370	509
370	900
370	936
371	520
371	703
371	775
372	450
372	484
372	577
372	711
373	650
374	444
374	462
374	785
375	497
375	626
376	597
376	981
377	378
377	413
377	499
377	614
377	829
378	700
379	664
379	698
380	383
380	492
380	620
380	791
380	808
380	987
381	462
381	522
382	467
382	877
383	415
383	524
383	574
384	394
384	420
384	443
384	523
384	833
384	957
385	514
385	595
385	664
385	669
385	948
386	552
386	566
386	635
387	801
387	896
387	942
388	442
388	573
388	971
388	972
389	414
389	577
389	719
389	882
390	528
391	582
391	884
392	422
392	525
392	648
392	717
393	726
393	857
393	887
393	897
394	477
394	757
394	770
394	951
395	644
395	655
396	571
396	660
396	703
397	505
397	620
398	523
398	628
398	713
399	642
399	835
400	554
400	801
400	946
401	468
401	770
402	672
402	818
403	412
403	608
404	521
404	535
404	595
405	651
405	853
405	898
406	777
407	453
407	895
409	583
409	621
409	865
409	998
410	760
410	880
411	505
411	687
411	762
412	436
412	514
412	652
412	680
413	535
414	772
414	810
414	899
415	669
415	732
416	418
416	519
416	650
417	455
417	513
417	850
418	566
418	741
418	753
418	984
419	492
419	724
419	849
422	458
423	713
423	875
424	524
424	592
424	873
424	899
425	481
425	732
425	752
425	822
426	776
427	445
427	663
427	908
428	716
428	995
429	444
429	549
429	556
430	681
430	919
431	539
431	584
431	935
432	481
432	564
433	470
433	475
433	527
433	551
433	611
434	436
434	645
434	710
434	883
435	604
435	756
435	758
436	585
436	791
436	822
436	926
437	755
437	762
437	854
438	444
438	490
439	462
439	563
439	643
439	749
440	496
440	943
441	542
441	960
441	968
442	522
442	526
442	853
442	927
443	889
446	972
447	657
448	713
448	929
448	980
449	495
449	803
449	894
450	765
450	786
450	818
450	948
451	627
452	484
452	502
452	810
453	639
453	830
454	460
454	783
454	959
455	683
456	513
456	624
456	720
456	958
457	707
457	826
459	611
459	824
459	847
460	929
460	948
461	607
461	684
462	816
462	881
464	524
464	694
464	743
465	848
466	790
467	555
467	729
468	477
469	542
469	564
469	668
469	807
470	474
470	553
470	565
470	635
470	655
471	538
471	660
471	965
471	985
472	562
472	682
473	769
473	828
473	964
474	895
474	953
477	656
478	604
478	708
478	803
478	983
479	769
480	662
481	568
483	562
483	632
483	802
483	875
483	878
483	949
484	571
484	790
485	949
485	976
485	987
487	599
488	549
488	701
488	751
488	916
489	573
489	913
490	606
491	544
491	903
491	904
492	903
493	509
493	744
493	865
493	928
493	996
495	758
495	821
495	823
495	893
496	560
497	572
497	671
498	779
498	845
499	600
501	851
502	711
503	570
503	680
503	848
503	858
504	531
504	533
504	725
504	740
504	901
505	561
505	926
507	562
507	833
507	866
508	573
509	874
510	581
510	643
510	799
510	842
510	883
511	894
512	525
512	785
512	984
513	560
514	731
514	832
515	830
515	856
516	597
516	656
516	784
517	556
517	679
517	835
518	586
518	747
519	589
520	533
520	615
521	641
521	697
521	966
522	591
524	755
524	856
527	911
528	681
528	909
528	981
529	539
530	670
530	710
530	993
532	711
532	841
532	856
533	576
533	693
533	756
533	889
534	732
534	760
534	808
534	934
535	694
535	764
536	961
537	649
538	950
539	609
540	805
541	651
541	881
541	892
542	685
542	915
543	652
543	670
543	692
543	979
544	620
544	844
546	837
546	998
547	795
547	943
548	869
549	671
549	740
550	728
550	815
551	609
551	960
552	963
553	614
553	700
553	747
554	968
555	633
555	681
555	783
556	964
557	989
557	993
558	588
558	643
558	920
558	982
559	684
559	690
559	877
560	679
560	689
561	977
562	598
564	832
564	949
565	747
566	721
567	843
568	775
568	870
569	748
569	971
569	1000
570	767
570	843
573	750
574	596
574	622
574	760
575	673
575	831
577	611
578	973
579	837
579	931
580	581
580	883
582	831
583	751
583	768
583	959
584	659
585	651
585	715
585	876
587	855
589	648
589	654
589	836
590	682
591	607
591	885
592	673
592	809
593	619
593	693
595	804
596	639
596	817
597	665
597	759
598	837
599	668
600	781
600	885
600	961
601	790
601	871
602	675
603	849
604	614
606	933
607	748
607	853
607	933
610	798
612	633
612	794
612	975
613	658
613	782
613	934
615	813
615	914
616	897
617	712
617	721
617	955
618	883
618	946
619	944
621	756
621	952
623	959
624	638
625	742
625	824
626	631
626	749
627	678
627	713
628	709
628	838
629	675
629	868
630	692
630	955
632	792
632	927
633	688
633	709
634	656
634	739
636	795
637	693
638	643
638	733
638	784
640	819
641	661
643	999
644	923
645	799
646	672
646	777
647	822
648	837
651	982
652	683
652	817
652	847
653	816
653	821
654	913
655	718
658	674
659	691
660	775
661	674
662	667
662	939
663	917
665	766
665	838
665	857
666	980
669	805
670	681
670	786
674	934
675	680
675	927
676	725
678	833
681	734
683	915
684	728
684	780
686	965
687	871
688	726
688	893
688	942
691	708
691	968
693	920
694	804
696	796
696	850
698	744
698	779
699	700
700	803
700	966
701	868
702	738
703	764
704	733
704	974
704	986
705	718
705	982
706	717
706	730
707	835
707	878
707	1000
708	829
709	719
709	864
709	877
710	870
713	985
718	999
722	861
727	971
728	981
729	805
729	807
729	849
733	767
735	738
735	795
735	945
736	861
736	972
739	845
742	892
743	818
743	838
744	938
746	869
747	787
748	909
750	770
753	967
754	821
755	870
758	900
766	852
766	859
768	908
771	862
776	789
778	851
778	939
781	848
784	816
787	919
787	967
794	915
795	899
795	963
797	910
798	900
798	997
801	912
803	938
804	868
807	859
810	854
813	918
816	997
817	874
820	928
821	836
825	963
829	846
829	887
836	879
839	956
840	850
844	877
844	904
847	979
855	903
858	960
858	992
862	864
862	938
867	978
871	927
875	930
877	991
878	925
880	903
881	983
882	932
882	989
884	918
887	907
889	920
890	935
891	926
892	983
897	940
897	992
911	923
931	949
935	988
958	970
