1	3
2	8
3	3
4	5
5	5
6	4
7	2
8	7
9	3
10	2
11	4
12	7
13	8
14	6
15	6
16	7
17	8
18	5
19	3
20	3
21	5
22	3
23	3
24	3
25	3
26	5
27	3
28	8
29	3
30	6
31	3
32	9
33	6
34	4
35	4
36	2
37	1
38	7
39	2
40	9
41	3
42	8
43	5
44	3
45	6
46	3
47	3
48	6
49	7
50	2
51	4
52	4
53	3
54	9
55	2
56	2
57	4
58	2
59	2
60	9
61	2
62	4
63	1
64	1
65	2
66	1
67	7
68	4
69	2
70	4
71	3
72	4
73	3
74	9
75	6
76	2
77	7
78	9
79	6
80	7
81	3
82	9
83	5
84	6
85	2
86	2
87	7
88	6
89	8
90	5
91	6
92	2
93	3
94	5
95	4
96	2
97	2
98	4
99	1
100	1
101	3
102	6
103	2
104	1
105	2
106	8
107	4
108	6
109	7
110	6
111	7
112	1
113	4
114	6
115	6
116	7
117	2
118	3
119	7
120	8
121	5
122	3
123	3
124	3
125	4
126	3
127	6
128	6
129	1
130	7
131	4
132	5
133	1
134	2
135	2
136	8
137	5
138	4
139	7
140	2
141	4
142	7
143	1
144	2
145	3
146	5
147	7
148	2
149	4
150	2
151	2
152	5
153	7
154	2
155	6
156	2
157	2
158	3
159	7
160	2
161	1
162	3
163	4
164	3
165	2
166	1
167	7
168	3
169	1
170	8
171	1
172	5
173	2
174	8
175	6
176	2
177	3
178	4
179	2
180	6
181	9
182	8
183	5
184	5
185	1
186	9
187	2
188	2
189	6
190	4
191	2
192	5
193	5
194	5
195	7
196	5
197	4
198	4
199	1
200	1
201	8
202	5
203	3
204	4
205	3
206	1
207	2
208	5
209	9
210	1
211	7
212	3
213	2
214	3
215	1
216	9
217	8
218	3
219	8
220	3
221	7
222	6
223	9
224	3
225	4
226	2
227	9
228	8
229	9
230	2
231	7
232	4
233	9
234	4
235	6
236	5
237	2
238	2
239	2
240	8
241	5
242	9
243	3
244	9
245	3
246	4
247	6
248	3
249	3
250	1
251	2
252	8
253	3
254	3
255	2
256	4
257	3
258	6
259	2
260	8
261	7
262	4
263	5
264	2
265	1
266	6
267	5
268	2
269	3
270	3
271	3
272	9
273	4
274	2
275	3
276	2
277	3
278	1
279	3
280	2
281	6
282	9
283	3
284	7
285	1
286	6
287	3
288	3
289	7
290	9
291	7
292	3
293	2
294	3
295	4
296	3
297	2
298	3
299	4
300	9
301	3
302	9
303	5
304	4
305	4
306	1
307	8
308	7
309	4
310	5
311	4
312	6
313	3
314	2
315	3
316	1
317	2
318	3
319	8
320	8
321	6
322	4
323	5
324	2
325	1
326	8
327	2
328	1
329	3
330	5
331	5
332	4
333	5
334	1
335	7
336	7
337	4
338	6
339	1
340	3
341	3
342	1
343	1
344	6
345	2
346	9
347	4
348	2
349	4
350	6
351	1
352	6
353	3
354	2
355	1
356	2
357	2
358	8
359	5
360	4
361	8
362	5
363	1
364	3
365	3
366	4
367	3
368	2
369	4
370	3
371	8
372	3
373	9
374	2
375	6
376	4
377	3
378	2
379	2
380	5
381	1
382	9
383	5
384	8
385	2
386	1
387	2
388	7
389	4
390	3
391	3
392	4
393	2
394	1
395	3
396	2
397	1
398	9
399	2
400	6
401	7
402	8
403	2
404	2
405	1
406	2
407	6
408	1
409	3
410	8
411	2
412	8
413	1
414	5
415	4
416	2
417	9
418	3
419	7
420	2
421	2
422	9
423	3
424	3
425	4
426	6
427	8
428	3
429	3
430	3
431	3
432	9
433	3
434	1
435	5
436	7
437	2
438	4
439	2
440	4
441	8
442	5
443	3
444	3
445	3
446	4
447	5
448	2
449	1
450	6
451	1
452	2
453	3
454	2
455	7
456	5
457	5
458	2
459	5
460	6
461	8
462	1
463	2
464	2
465	1
466	6
467	2
468	2
469	2
470	2
471	2
472	2
473	2
474	9
475	9
476	2
477	6
478	5
479	1
480	6
481	1
482	3
483	3
484	6
485	1
486	2
487	2
488	2
489	3
490	4
491	2
492	5
493	3
494	6
495	1
496	8
497	3
498	4
499	5
500	4
501	1
502	8
503	5
504	3
505	5
506	4
507	4
508	6
509	2
510	9
511	1
512	2
513	3
514	1
515	4
516	4
517	8
518	7
519	5
520	6
521	5
522	2
523	1
524	9
525	6
526	1
527	2
528	7
529	3
530	7
531	3
532	4
533	3
534	6
535	2
536	4
537	4
538	7
539	8
540	8
541	4
542	5
543	5
544	6
545	2
546	2
547	1
548	2
549	3
550	5
551	3
552	3
553	4
554	4
555	8
556	3
557	9
558	2
559	8
560	6
561	3
562	2
563	5
564	4
565	2
566	2
567	5
568	4
569	5
570	2
571	2
572	1
573	5
574	2
575	1
576	5
577	1
578	9
579	5
580	7
581	4
582	3
583	3
584	2
585	3
586	7
587	7
588	8
589	2
590	6
591	7
592	4
593	2
594	3
595	7
596	4
597	5
598	1
599	9
600	7
601	3
602	7
603	6
604	3
605	3
606	3
607	4
608	9
609	7
610	1
611	2
612	8
613	3
614	5
615	2
616	1
617	6
618	9
619	6
620	2
621	3
622	6
623	1
624	7
625	2
626	7
627	2
628	3
629	7
630	1
631	4
632	2
633	3
634	6
635	4
636	5
637	4
638	1
639	3
640	1
641	4
642	2
643	2
644	1
645	5
646	7
647	9
648	2
649	9
650	4
651	6
652	6
653	1
654	5
655	4
656	8
657	4
658	9
659	4
660	3
661	2
662	7
663	2
664	7
665	1
666	2
667	5
668	5
669	3
670	4
671	1
672	2
673	5
674	2
675	1
676	1
677	8
678	7
679	8
680	3
681	7
682	3
683	2
684	2
685	2
686	6
687	2
688	2
689	6
690	7
691	6
692	5
693	5
694	5
695	3
696	2
697	2
698	9
699	6
700	7
701	2
702	4
703	5
704	6
705	1
706	4
707	1
708	5
709	2
710	4
711	5
712	9
713	2
714	4
715	4
716	4
717	4
718	8
719	1
720	7
721	9
722	6
723	6
724	9
725	1
726	7
727	2
728	3
729	1
730	2
731	1
732	3
733	1
734	4
735	2
736	4
737	4
738	3
739	5
740	3
741	7
742	9
743	3
744	2
745	1
746	5
747	4
748	2
749	8
750	3
751	3
752	6
753	3
754	4
755	8
756	7
757	3
758	8
759	9
760	2
761	1
762	2
763	2
764	6
765	5
766	2
767	8
768	4
769	1
770	4
771	2
772	5
773	4
774	6
775	3
776	5
777	5
778	2
779	5
780	3
781	4
782	4
783	8
784	3
785	6
786	2
787	9
788	9
789	8
790	2
791	1
792	4
793	8
794	5
795	1
796	4
797	8
798	8
799	5
800	7
801	3
802	2
803	3
804	8
805	6
806	2
807	1
808	3
809	6
810	5
811	4
812	6
813	4
814	1
815	9
816	7
817	5
818	5
819	5
820	3
821	2
822	2
823	7
824	7
825	4
826	2
827	2
828	3
829	2
830	5
831	8
832	2
833	2
834	3
835	9
836	5
837	2
838	3
839	3
840	2
841	5
842	4
843	6
844	9
845	1
846	4
847	3
848	4
849	2
850	2
851	1
852	7
853	3
854	5
855	3
856	8
857	2
858	1
859	2
860	3
861	1
862	2
863	1
864	9
865	2
866	3
867	5
868	9
869	5
870	4
871	5
872	4
873	2
874	2
875	4
876	6
877	2
878	3
879	8
880	8
881	6
882	3
883	4
884	9
885	3
886	2
887	5
888	2
889	3
890	2
891	7
892	3
893	2
894	6
895	3
896	2
897	7
898	6
899	3
900	8
901	2
902	7
903	7
904	2
905	7
906	6
907	9
908	3
909	3
910	3
911	2
912	2
913	8
914	5
915	3
916	5
917	5
918	9
919	6
920	6
921	3
922	5
923	5
924	6
925	2
926	4
927	3
928	3
929	5
930	9
931	3
932	8
933	3
934	6
935	2
936	7
937	2
938	5
939	9
940	6
941	3
942	2
943	1
944	3
945	3
946	7
947	3
948	7
949	6
950	2
951	2
952	3
953	1
954	2
955	1
956	8
957	8
958	1
959	6
960	7
961	3
962	3
963	7
964	3
965	7
966	7
967	1
968	3
969	3
970	3
971	2
972	7
973	5
974	6
975	3
976	1
977	3
978	2
979	7
980	4
981	7
982	3
983	6
984	6
985	6
986	2
987	7
988	2
989	7
990	3
991	9
992	2
993	7
994	3
995	2
996	3
997	3
998	4
999	3
1000	1
