1	2
1	8
1	9
1	10
1	21
1	25
1	26
1	29
1	41
1	45
1	51
1	69
1	73
1	82
1	93
1	95
1	122
1	123
1	133
1	161
1	170
1	211
1	224
1	225
1	236
1	237
1	259
1	263
1	316
1	324
1	341
1	356
1	422
1	431
1	448
1	474
1	479
1	636
1	647
1	687
1	721
1	722
1	825
1	835
1	885
1	892
1	893
1	896
2	3
2	4
2	8
2	10
2	20
2	25
2	31
2	32
2	37
2	41
2	48
2	51
2	87
2	122
2	170
2	180
2	196
2	199
2	261
2	262
2	268
2	271
2	281
2	319
2	345
2	422
2	431
2	460
2	534
2	547
2	554
2	592
2	619
2	621
2	649
2	691
2	715
2	727
2	779
2	823
2	896
2	912
2	940
2	963
2	980
2	988
2	997
3	7
3	10
3	34
3	50
3	53
3	78
3	82
3	109
3	112
3	162
3	165
3	167
3	168
3	196
3	214
3	244
3	249
3	288
3	350
3	352
3	374
3	375
3	416
3	420
3	450
3	476
3	490
3	512
3	528
3	549
3	569
3	591
3	648
3	650
3	651
3	671
3	686
3	767
3	768
3	784
3	785
3	821
3	884
3	913
3	917
3	972
4	8
4	14
4	16
4	28
4	33
4	41
4	57
4	67
4	69
4	83
4	94
4	114
4	118
4	122
4	130
4	145
4	158
4	234
4	244
4	250
4	273
4	283
4	320
4	349
4	404
4	411
4	441
4	446
4	472
4	513
4	529
4	571
4	677
4	719
4	723
4	724
4	764
4	773
4	775
4	792
4	866
4	878
4	884
4	905
4	963
5	10
5	16
5	20
5	24
5	28
5	34
5	35
5	40
5	47
5	76
5	81
5	83
5	84
5	85
5	89
5	92
5	96
5	97
5	105
5	124
5	175
5	210
5	225
5	261
5	272
5	290
5	361
5	367
5	389
5	417
5	513
5	559
5	599
5	615
5	617
5	618
5	667
5	679
5	723
5	725
5	779
5	874
5	915
5	967
5	994
6	10
6	23
6	29
6	34
6	36
6	43
6	50
6	61
6	67
6	78
6	90
6	102
6	125
6	138
6	154
6	185
6	206
6	216
6	220
6	226
6	262
6	289
6	419
6	439
6	444
6	490
6	512
6	514
6	522
6	528
6	569
6	607
6	629
6	641
6	645
6	746
6	753
6	790
6	796
6	884
6	898
6	972
6	977
6	979
6	984
7	21
7	26
7	29
7	33
7	34
7	48
7	72
7	84
7	100
7	105
7	112
7	117
7	128
7	144
7	166
7	168
7	215
7	218
7	223
7	234
7	308
7	330
7	340
7	345
7	363
7	385
7	453
7	471
7	477
7	511
7	539
7	559
7	565
7	587
7	610
7	614
7	616
7	640
7	653
7	692
7	779
7	848
7	892
7	929
8	10
8	14
8	26
8	30
8	35
8	36
8	41
8	45
8	58
8	73
8	87
8	95
8	101
8	123
8	124
8	178
8	183
8	196
8	236
8	256
8	273
8	284
8	327
8	372
8	382
8	458
8	472
8	473
8	476
8	636
8	666
8	688
8	726
8	886
8	893
8	908
8	922
8	935
8	942
8	960
8	968
8	986
9	22
9	25
9	26
9	31
9	33
9	35
9	43
9	56
9	71
9	99
9	100
9	110
9	119
9	128
9	131
9	172
9	190
9	209
9	228
9	229
9	240
9	245
9	295
9	303
9	336
9	400
9	403
9	460
9	462
9	489
9	539
9	558
9	563
9	568
9	572
9	576
9	615
9	721
9	738
9	822
9	879
9	883
9	918
9	989
10	26
10	36
10	41
10	45
10	84
10	87
10	170
10	192
10	195
10	224
10	241
10	248
10	263
10	264
10	279
10	340
10	341
10	346
10	365
10	406
10	433
10	501
10	600
10	629
10	633
10	691
10	788
10	793
10	803
10	871
10	885
10	896
10	897
10	952
10	962
10	963
10	971
10	991
11	13
11	18
11	24
11	38
11	43
11	46
11	48
11	71
11	79
11	108
11	133
11	137
11	142
11	146
11	158
11	162
11	169
11	217
11	230
11	260
11	280
11	287
11	299
11	300
11	337
11	344
11	369
11	398
11	399
11	401
11	420
11	468
11	491
11	492
11	503
11	567
11	602
11	692
11	870
11	943
11	945
12	17
12	18
12	22
12	27
12	31
12	40
12	55
12	62
12	85
12	96
12	98
12	114
12	117
12	127
12	160
12	172
12	186
12	189
12	192
12	194
12	235
12	254
12	260
12	284
12	291
12	305
12	347
12	378
12	384
12	470
12	486
12	510
12	518
12	549
12	655
12	678
12	771
12	789
12	887
12	997
13	15
13	17
13	18
13	20
13	24
13	29
13	43
13	45
13	48
13	55
13	60
13	74
13	75
13	95
13	102
13	116
13	137
13	210
13	256
13	280
13	291
13	302
13	316
13	327
13	328
13	330
13	350
13	384
13	387
13	390
13	439
13	442
13	454
13	495
13	631
13	686
13	720
13	824
13	912
14	28
14	33
14	35
14	36
14	37
14	40
14	51
14	67
14	96
14	104
14	111
14	116
14	118
14	120
14	123
14	130
14	134
14	170
14	193
14	201
14	203
14	212
14	223
14	229
14	241
14	332
14	428
14	469
14	472
14	551
14	553
14	576
14	591
14	632
14	634
14	680
14	703
14	723
15	18
15	38
15	52
15	60
15	80
15	84
15	95
15	97
15	105
15	117
15	124
15	136
15	142
15	150
15	190
15	192
15	217
15	240
15	309
15	322
15	338
15	360
15	368
15	414
15	429
15	601
15	603
15	608
15	687
15	698
15	728
15	730
15	762
15	826
15	844
15	936
15	937
15	974
16	20
16	56
16	61
16	92
16	96
16	97
16	108
16	126
16	134
16	135
16	137
16	141
16	146
16	227
16	243
16	278
16	290
16	301
16	314
16	355
16	364
16	417
16	424
16	526
16	543
16	573
16	582
16	642
16	673
16	707
16	714
16	720
16	742
16	787
16	797
16	847
16	867
17	22
17	40
17	43
17	46
17	79
17	99
17	109
17	150
17	163
17	172
17	188
17	195
17	229
17	237
17	252
17	260
17	264
17	276
17	277
17	282
17	306
17	353
17	499
17	520
17	586
17	590
17	614
17	616
17	619
17	658
17	714
17	751
17	776
17	800
17	846
17	924
18	22
18	23
18	27
18	34
18	39
18	60
18	113
18	127
18	188
18	203
18	206
18	212
18	253
18	264
18	291
18	312
18	376
18	389
18	430
18	500
18	503
18	518
18	553
18	604
18	610
18	634
18	699
18	708
18	710
18	846
18	898
18	907
18	953
18	981
19	22
19	32
19	36
19	49
19	52
19	58
19	64
19	71
19	75
19	93
19	103
19	116
19	119
19	125
19	127
19	133
19	170
19	179
19	181
19	204
19	233
19	268
19	331
19	361
19	426
19	514
19	518
19	526
19	613
19	741
19	784
19	828
19	884
19	937
19	959
19	969
19	995
20	28
20	30
20	31
20	32
20	45
20	47
20	51
20	53
20	61
20	64
20	76
20	88
20	91
20	108
20	172
20	188
20	247
20	261
20	281
20	336
20	360
20	440
20	455
20	517
20	584
20	616
20	786
20	824
20	916
20	961
20	983
21	26
21	29
21	37
21	51
21	56
21	66
21	80
21	83
21	95
21	133
21	147
21	149
21	152
21	211
21	269
21	291
21	311
21	333
21	343
21	352
21	366
21	369
21	405
21	511
21	517
21	574
21	596
21	605
21	629
21	748
21	774
21	788
21	903
22	40
22	59
22	69
22	75
22	98
22	106
22	112
22	113
22	160
22	163
22	181
22	200
22	215
22	229
22	237
22	291
22	345
22	347
22	354
22	378
22	425
22	474
22	559
22	632
22	756
22	773
22	787
22	853
22	951
23	29
23	34
23	66
23	76
23	78
23	97
23	101
23	107
23	201
23	226
23	234
23	243
23	246
23	262
23	295
23	350
23	359
23	429
23	438
23	519
23	521
23	528
23	566
23	569
23	580
23	591
23	701
23	717
23	737
23	860
23	938
24	35
24	41
24	42
24	54
24	70
24	74
24	119
24	143
24	153
24	171
24	177
24	199
24	216
24	245
24	269
24	274
24	342
24	367
24	424
24	431
24	444
24	447
24	449
24	452
24	548
24	747
24	781
24	880
24	926
24	968
25	26
25	29
25	32
25	120
25	122
25	151
25	176
25	186
25	191
25	194
25	228
25	248
25	251
25	256
25	319
25	326
25	377
25	393
25	400
25	448
25	545
25	555
25	621
25	676
25	791
25	836
25	861
25	912
25	935
25	940
26	45
26	56
26	70
26	123
26	170
26	176
26	221
26	248
26	303
26	317
26	319
26	327
26	330
26	334
26	341
26	353
26	448
26	467
26	469
26	555
26	666
26	757
26	858
26	946
26	952
26	954
27	39
27	40
27	55
27	65
27	90
27	122
27	125
27	135
27	155
27	212
27	216
27	252
27	277
27	306
27	310
27	321
27	353
27	375
27	400
27	565
27	590
27	697
27	712
27	718
27	740
27	741
27	754
27	798
27	923
27	969
28	35
28	37
28	88
28	97
28	118
28	126
28	146
28	153
28	177
28	211
28	222
28	224
28	227
28	236
28	281
28	307
28	336
28	344
28	367
28	379
28	419
28	495
28	547
28	707
28	722
28	744
28	948
28	999
29	51
29	75
29	76
29	77
29	83
29	100
29	115
29	138
29	140
29	241
29	278
29	362
29	372
29	385
29	451
29	457
29	578
29	664
29	758
29	768
29	815
29	859
29	934
29	974
30	46
30	60
30	70
30	107
30	124
30	144
30	171
30	177
30	202
30	225
30	289
30	311
30	316
30	332
30	386
30	413
30	572
30	708
30	719
30	737
30	776
30	793
30	799
30	821
30	843
30	913
30	928
30	978
30	988
31	32
31	38
31	44
31	46
31	54
31	166
31	174
31	200
31	206
31	232
31	280
31	293
31	311
31	369
31	385
31	406
31	412
31	415
31	444
31	450
31	464
31	516
31	527
31	532
31	602
31	969
31	991
32	57
32	71
32	74
32	86
32	95
32	142
32	156
32	224
32	230
32	239
32	260
32	280
32	285
32	292
32	313
32	320
32	375
32	398
32	435
32	492
32	582
32	595
32	646
32	739
32	977
33	36
33	63
33	94
33	95
33	101
33	111
33	115
33	118
33	143
33	203
33	234
33	235
33	269
33	292
33	396
33	441
33	485
33	510
33	523
33	631
33	757
33	888
33	909
33	931
33	973
33	998
34	44
34	53
34	67
34	78
34	82
34	90
34	95
34	139
34	154
34	201
34	244
34	270
34	274
34	362
34	374
34	429
34	549
34	582
34	607
34	669
34	671
34	706
34	745
35	39
35	42
35	73
35	83
35	91
35	96
35	105
35	137
35	138
35	150
35	153
35	225
35	397
35	459
35	484
35	517
35	679
35	686
35	710
35	733
35	771
35	976
36	67
36	69
36	80
36	81
36	134
36	196
36	201
36	217
36	234
36	273
36	332
36	482
36	517
36	562
36	743
36	775
36	781
36	782
36	867
36	895
36	956
37	81
37	87
37	100
37	109
37	160
37	161
37	200
37	250
37	314
37	327
37	396
37	397
37	413
37	431
37	455
37	506
37	512
37	533
37	550
37	552
37	595
37	598
37	674
38	46
38	65
38	86
38	108
38	124
38	144
38	178
38	207
38	208
38	252
38	267
38	282
38	313
38	321
38	323
38	482
38	485
38	622
38	684
38	777
38	800
38	808
38	877
38	980
39	59
39	60
39	83
39	91
39	108
39	126
39	170
39	300
39	310
39	317
39	359
39	368
39	386
39	408
39	493
39	550
39	642
39	705
39	731
39	781
39	887
39	981
39	999
40	65
40	89
40	91
40	107
40	113
40	153
40	183
40	205
40	250
40	343
40	451
40	461
40	553
40	565
40	604
40	789
40	811
40	872
40	876
40	936
41	47
41	49
41	87
41	123
41	149
41	191
41	195
41	224
41	226
41	242
41	248
41	330
41	359
41	600
41	668
41	688
41	824
41	890
41	906
41	929
42	61
42	71
42	86
42	90
42	162
42	172
42	239
42	249
42	300
42	321
42	323
42	344
42	399
42	481
42	516
42	544
42	583
42	639
42	649
42	754
42	836
42	844
42	938
43	98
43	104
43	179
43	181
43	188
43	189
43	214
43	252
43	273
43	349
43	365
43	376
43	377
43	497
43	575
43	705
43	927
43	938
43	948
43	999
44	76
44	92
44	169
44	189
44	211
44	245
44	272
44	282
44	290
44	300
44	306
44	335
44	336
44	445
44	447
44	480
44	646
44	670
44	698
44	727
44	769
44	774
44	854
45	51
45	64
45	73
45	78
45	230
45	248
45	251
45	301
45	339
45	381
45	385
45	412
45	478
45	605
45	611
45	759
45	781
45	893
45	992
46	64
46	74
46	85
46	101
46	187
46	242
46	315
46	355
46	415
46	456
46	483
46	496
46	498
46	567
46	587
46	622
46	628
46	642
46	746
46	851
47	63
47	70
47	71
47	83
47	126
47	165
47	225
47	235
47	244
47	336
47	417
47	455
47	473
47	497
47	546
47	594
47	611
47	670
47	682
47	744
47	817
48	65
48	77
48	110
48	141
48	142
48	208
48	213
48	220
48	258
48	380
48	383
48	416
48	499
48	515
48	516
48	553
48	587
48	688
48	811
48	883
49	65
49	67
49	116
49	121
49	156
49	194
49	197
49	268
49	307
49	331
49	377
49	412
49	473
49	556
49	720
49	729
49	809
49	891
49	928
49	933
49	965
49	975
50	115
50	129
50	211
50	220
50	252
50	350
50	353
50	363
50	389
50	438
50	444
50	488
50	508
50	528
50	570
50	589
50	621
50	685
50	751
50	759
50	807
50	917
51	96
51	131
51	145
51	160
51	170
51	256
51	324
51	341
51	402
51	537
51	825
51	886
51	890
51	968
51	986
51	992
52	59
52	68
52	75
52	125
52	147
52	156
52	180
52	181
52	197
52	331
52	401
52	420
52	451
52	475
52	548
52	641
52	707
52	840
52	967
52	969
52	989
53	55
53	67
53	102
53	139
53	141
53	145
53	166
53	195
53	215
53	288
53	350
53	390
53	404
53	630
53	650
53	748
53	753
53	861
53	868
53	911
54	140
54	153
54	222
54	241
54	266
54	302
54	315
54	322
54	344
54	399
54	491
54	515
54	527
54	535
54	592
54	642
54	692
54	713
54	719
54	873
54	875
55	58
55	65
55	109
55	141
55	204
55	241
55	267
55	293
55	300
55	440
55	465
55	477
55	536
55	626
55	641
55	656
55	669
55	799
55	831
56	59
56	72
56	149
56	215
56	242
56	255
56	325
56	326
56	327
56	348
56	493
56	556
56	583
56	693
56	705
56	716
56	825
56	965
56	976
57	67
57	69
57	80
57	84
57	203
57	212
57	223
57	269
57	287
57	320
57	322
57	332
57	379
57	438
57	441
57	449
57	529
57	538
57	675
57	929
57	949
58	73
58	100
58	129
58	167
58	178
58	187
58	191
58	239
58	424
58	598
58	640
58	657
58	677
58	732
58	768
58	804
58	811
58	856
58	937
58	994
59	62
59	68
59	75
59	127
59	166
59	187
59	244
59	245
59	330
59	409
59	480
59	493
59	529
59	637
59	727
59	728
59	782
59	918
59	947
60	79
60	121
60	141
60	158
60	165
60	200
60	202
60	212
60	229
60	255
60	428
60	481
60	560
60	651
60	745
60	795
60	839
61	72
61	83
61	97
61	126
61	151
61	153
61	154
61	181
61	200
61	272
61	281
61	445
61	530
61	663
61	755
61	761
61	849
61	962
62	63
62	66
62	72
62	102
62	135
62	160
62	214
62	223
62	291
62	353
62	378
62	410
62	500
62	508
62	661
62	686
62	691
62	806
62	829
62	981
63	66
63	69
63	111
63	112
63	192
63	241
63	256
63	278
63	300
63	395
63	461
63	488
63	504
63	519
63	547
63	572
63	722
63	791
63	986
64	107
64	166
64	185
64	219
64	220
64	271
64	372
64	409
64	417
64	508
64	542
64	638
64	820
64	854
64	944
64	956
64	985
65	68
65	111
65	157
65	187
65	196
65	230
65	240
65	311
65	406
65	464
65	538
65	688
65	694
65	738
65	805
66	74
66	148
66	177
66	184
66	309
66	333
66	373
66	405
66	439
66	575
66	589
66	609
66	732
66	733
66	844
66	851
66	921
67	81
67	101
67	178
67	215
67	298
67	382
67	408
67	483
67	507
67	605
67	728
67	864
67	931
68	100
68	116
68	120
68	152
68	156
68	166
68	173
68	180
68	201
68	205
68	218
68	401
68	520
68	531
68	669
68	854
68	914
69	101
69	120
69	132
69	186
69	213
69	226
69	235
69	297
69	542
69	579
69	581
69	837
69	978
69	983
70	76
70	97
70	108
70	120
70	126
70	137
70	177
70	283
70	316
70	342
70	364
70	367
70	448
70	480
70	492
70	668
71	74
71	77
71	138
71	148
71	178
71	239
71	265
71	373
71	397
71	401
71	405
71	618
71	804
71	945
72	80
72	105
72	117
72	128
72	131
72	147
72	149
72	150
72	161
72	182
72	202
72	457
72	580
72	730
72	892
72	953
73	123
73	194
73	302
73	317
73	326
73	356
73	387
73	431
73	509
73	584
73	590
73	761
73	791
73	950
73	986
74	85
74	112
74	127
74	162
74	257
74	288
74	357
74	383
74	657
74	661
74	721
74	743
74	885
74	927
75	103
75	119
75	164
75	169
75	178
75	179
75	204
75	290
75	310
75	554
75	637
75	702
75	801
75	989
76	81
76	92
76	124
76	247
76	281
76	298
76	310
76	318
76	368
76	379
76	427
76	437
76	611
76	684
77	86
77	89
77	101
77	157
77	175
77	184
77	198
77	280
77	312
77	343
77	423
77	464
77	580
77	623
77	789
77	801
77	939
78	144
78	147
78	158
78	184
78	350
78	365
78	372
78	425
78	449
78	489
78	508
78	645
78	648
78	651
78	933
79	89
79	97
79	136
79	199
79	332
79	344
79	354
79	368
79	471
79	662
79	774
79	820
79	842
79	863
79	874
79	912
80	110
80	117
80	148
80	202
80	240
80	277
80	288
80	325
80	357
80	432
80	502
80	550
80	686
80	706
81	114
81	130
81	134
81	190
81	419
81	472
81	508
81	531
81	562
81	564
81	632
81	773
81	837
81	970
82	90
82	93
82	95
82	197
82	210
82	435
82	442
82	489
82	525
82	541
82	549
82	550
82	579
82	606
82	617
82	637
83	85
83	92
83	144
83	246
83	247
83	304
83	318
83	560
83	652
83	735
83	766
84	131
84	168
84	180
84	217
84	321
84	466
84	479
84	505
84	532
84	597
84	728
84	772
84	849
84	906
85	88
85	106
85	108
85	157
85	161
85	187
85	189
85	328
85	492
85	641
85	709
85	775
85	884
85	946
86	99
86	104
86	129
86	157
86	164
86	273
86	442
86	657
86	679
86	707
86	777
86	782
86	855
86	895
86	904
87	127
87	144
87	195
87	215
87	262
87	268
87	400
87	416
87	619
87	659
87	726
87	817
87	890
88	94
88	96
88	145
88	210
88	211
88	218
88	245
88	304
88	423
88	459
88	560
88	601
88	637
88	668
88	683
89	319
89	321
89	406
89	414
89	459
89	461
89	477
89	631
89	639
89	735
89	787
89	926
89	946
89	948
90	138
90	236
90	251
90	253
90	264
90	326
90	393
90	416
90	429
90	541
90	573
90	729
90	785
91	105
91	236
91	270
91	314
91	318
91	419
91	438
91	447
91	456
91	513
91	560
91	594
91	663
91	883
92	109
92	146
92	191
92	211
92	222
92	229
92	246
92	289
92	600
92	625
92	705
92	716
92	911
93	116
93	262
93	279
93	355
93	421
93	444
93	467
93	471
93	482
93	496
93	597
93	643
93	737
93	750
93	814
94	100
94	101
94	111
94	120
94	302
94	330
94	478
94	507
94	538
94	578
94	700
94	809
94	823
94	837
94	888
95	135
95	149
95	265
95	277
95	332
95	403
95	435
95	606
95	630
96	283
96	414
96	522
96	587
96	625
96	662
96	696
96	858
96	859
96	915
96	997
97	115
97	179
97	246
97	290
97	371
97	536
97	784
97	807
97	859
97	906
98	99
98	162
98	174
98	219
98	237
98	302
98	416
98	499
98	635
98	718
98	730
98	754
98	803
98	886
98	952
99	115
99	123
99	148
99	151
99	166
99	221
99	337
99	422
99	465
99	474
99	653
99	783
99	889
99	898
100	104
100	130
100	169
100	246
100	301
100	410
100	448
100	547
100	573
100	606
101	199
101	257
101	273
101	320
101	342
101	432
101	535
101	593
101	866
102	109
102	131
102	138
102	139
102	165
102	270
102	274
102	289
102	521
102	676
102	759
102	851
102	941
103	127
103	163
103	164
103	209
103	231
103	294
103	336
103	420
103	533
103	585
103	618
103	672
103	833
103	920
103	950
104	123
104	171
104	213
104	318
104	340
104	365
104	386
104	433
104	475
104	741
104	862
104	904
104	936
105	126
105	146
105	182
105	228
105	354
105	507
105	543
105	599
105	742
105	861
105	985
106	137
106	160
106	189
106	221
106	248
106	266
106	333
106	370
106	565
106	627
106	726
106	747
106	876
106	951
106	1000
107	129
107	143
107	265
107	270
107	274
107	296
107	373
107	446
107	487
107	571
107	665
107	769
107	976
108	173
108	241
108	255
108	287
108	299
108	329
108	410
108	596
108	656
108	855
109	165
109	173
109	243
109	253
109	274
109	510
109	792
109	922
109	945
109	971
110	117
110	215
110	258
110	296
110	322
110	338
110	344
110	352
110	360
110	540
110	745
110	843
110	845
111	129
111	207
111	371
111	394
111	432
111	500
111	551
111	557
111	739
111	808
111	925
112	124
112	136
112	226
112	245
112	316
112	555
112	556
112	655
112	676
112	940
112	982
113	163
113	181
113	183
113	221
113	451
113	481
113	542
113	548
113	635
113	652
113	719
113	754
113	987
114	132
114	142
114	161
114	174
114	190
114	216
114	345
114	415
114	506
114	524
114	666
114	830
114	898
115	238
115	247
115	294
115	403
115	427
115	519
115	575
115	794
115	901
115	903
115	974
116	119
116	205
116	421
116	458
116	526
116	644
116	691
116	833
116	836
116	937
117	129
117	150
117	175
117	202
117	217
117	250
117	532
117	871
117	894
117	899
118	130
118	171
118	199
118	200
118	235
118	471
118	486
118	546
118	714
118	728
118	894
118	899
119	121
119	182
119	195
119	197
119	335
119	347
119	355
119	367
119	583
119	865
119	901
120	145
120	158
120	175
120	223
120	247
120	423
120	433
120	525
120	542
120	832
121	127
121	164
121	198
121	200
121	259
121	392
121	436
121	454
121	488
121	576
121	577
121	889
121	964
122	128
122	169
122	194
122	195
122	295
122	301
122	400
122	566
122	633
122	649
122	963
123	319
123	339
123	381
123	636
123	643
123	733
123	765
123	954
124	131
124	168
124	182
124	258
124	450
124	477
124	570
124	810
124	899
125	163
125	180
125	197
125	204
125	220
125	495
125	509
125	545
125	588
125	816
125	958
125	996
126	161
126	232
126	304
126	315
126	487
126	552
126	910
126	925
126	987
127	148
127	159
127	219
127	348
127	564
127	716
127	906
127	995
128	147
128	192
128	205
128	223
128	234
128	258
128	362
128	457
128	532
128	658
128	767
128	772
129	165
129	168
129	206
129	514
129	552
129	553
129	568
129	676
129	710
129	832
130	235
130	250
130	399
130	403
130	413
130	469
130	483
130	681
130	748
130	925
130	931
131	199
131	219
131	263
131	411
131	502
131	564
131	684
131	810
131	845
131	868
132	193
132	326
132	392
132	457
132	494
132	531
132	533
132	545
132	557
132	718
132	727
132	828
132	889
133	227
133	359
133	362
133	369
133	436
133	485
133	620
133	643
133	711
133	743
133	850
134	269
134	456
134	613
134	644
134	714
134	852
134	862
134	867
134	878
134	905
134	941
135	160
135	168
135	181
135	186
135	205
135	216
135	265
135	330
135	599
135	604
135	787
136	147
136	165
136	191
136	296
136	303
136	441
136	601
136	762
136	767
136	790
136	899
136	907
137	177
137	190
137	191
137	451
137	496
137	672
137	702
137	742
137	824
138	295
138	543
138	577
138	667
138	670
138	800
138	881
138	913
138	916
139	165
139	216
139	275
139	374
139	412
139	461
139	589
139	612
139	629
139	644
139	731
139	759
140	178
140	267
140	286
140	297
140	299
140	344
140	432
140	495
140	510
140	540
140	593
140	738
140	816
141	144
141	203
141	267
141	366
141	423
141	561
141	675
141	692
141	697
141	743
142	182
142	232
142	289
142	326
142	358
142	383
142	386
142	410
142	647
142	669
143	159
143	165
143	208
143	250
143	283
143	314
143	396
143	681
143	703
143	789
143	891
143	907
144	238
144	261
144	320
144	425
144	534
144	585
144	834
144	850
145	223
145	371
145	386
145	571
145	643
145	713
145	960
145	970
145	978
145	987
146	247
146	259
146	373
146	427
146	496
146	746
146	786
146	892
146	919
146	940
147	150
147	174
147	365
147	452
147	591
147	603
147	690
147	730
147	966
148	149
148	231
148	326
148	348
148	370
148	593
148	615
148	617
148	622
148	998
149	180
149	185
149	422
149	509
149	604
149	744
149	788
149	821
149	920
150	227
150	233
150	243
150	285
150	407
150	527
150	762
150	790
151	209
151	249
151	271
151	403
151	545
151	628
151	638
151	697
151	764
151	962
151	970
152	180
152	186
152	193
152	275
152	339
152	361
152	449
152	479
152	494
152	500
152	901
152	975
153	190
153	207
153	211
153	227
153	268
153	459
153	683
153	689
154	173
154	247
154	295
154	324
154	327
154	381
154	390
154	489
154	525
154	701
154	971
155	264
155	284
155	305
155	349
155	378
155	426
155	441
155	529
155	565
155	595
155	700
155	836
155	947
156	218
156	357
156	375
156	440
156	493
156	504
156	512
156	520
156	682
156	922
157	266
157	309
157	381
157	385
157	471
157	531
157	574
157	650
157	677
157	858
158	201
158	281
158	323
158	396
158	600
158	660
158	693
158	792
158	905
159	168
159	204
159	209
159	275
159	279
159	294
159	333
159	445
159	454
159	526
159	811
159	984
160	189
160	265
160	291
160	361
160	503
160	802
160	864
161	229
161	320
161	323
161	355
161	362
161	537
161	740
161	961
162	167
162	280
162	294
162	323
162	491
162	502
162	646
162	762
162	873
163	189
163	354
163	406
163	442
163	594
163	682
163	819
163	907
163	997
164	231
164	268
164	270
164	364
164	409
164	481
164	530
164	715
164	872
164	924
165	226
165	267
165	464
165	573
165	753
166	387
166	401
166	437
166	549
166	745
166	772
166	799
167	178
167	199
167	206
167	234
167	322
167	425
167	472
167	642
167	687
167	856
167	994
168	202
168	346
168	616
168	724
168	728
168	815
168	911
169	257
169	339
169	345
169	378
169	468
169	614
169	671
169	709
169	918
170	202
170	224
170	276
170	397
170	649
170	718
171	272
171	297
171	434
171	451
171	463
171	470
171	641
171	658
171	660
171	816
172	196
172	229
172	298
172	399
172	470
172	536
172	700
172	715
172	919
173	196
173	238
173	262
173	270
173	295
173	355
173	388
173	508
173	803
174	200
174	213
174	260
174	342
174	380
174	571
174	616
174	709
174	760
175	242
175	281
175	301
175	434
175	512
175	514
175	662
175	780
175	813
176	248
176	252
176	258
176	301
176	325
176	422
176	501
176	537
176	540
176	581
176	885
177	204
177	238
177	487
177	517
177	627
177	678
177	827
178	190
178	257
178	311
178	618
178	627
179	198
179	222
179	233
179	276
179	454
179	473
179	475
179	878
179	899
180	213
180	370
180	420
180	727
180	833
180	924
181	229
181	282
181	349
181	559
181	572
181	806
182	239
182	285
182	446
182	452
182	466
182	613
182	706
182	866
183	196
183	204
183	215
183	216
183	252
183	358
183	404
183	430
183	478
183	973
184	188
184	190
184	213
184	230
184	241
184	323
184	336
184	337
184	397
184	647
185	218
185	448
185	482
185	544
185	555
185	704
185	804
185	897
185	909
185	955
186	338
186	456
186	474
186	497
186	682
186	716
186	776
186	848
187	207
187	267
187	337
187	389
187	407
187	425
187	635
187	811
188	240
188	278
188	284
188	299
188	376
188	377
188	816
188	966
189	206
189	213
189	227
189	418
189	474
189	500
190	260
190	266
190	415
190	777
190	964
191	458
191	554
191	843
191	917
191	940
191	944
191	959
192	197
192	217
192	329
192	352
192	664
192	883
192	990
193	197
193	228
193	242
193	276
193	360
193	480
193	751
193	932
193	996
194	276
194	301
194	413
194	537
194	788
194	822
194	862
195	203
195	236
195	408
195	423
195	917
196	233
196	496
196	731
196	1000
197	418
197	419
197	597
197	712
197	879
198	251
198	421
198	434
198	475
198	529
198	558
198	704
198	779
198	943
199	246
199	283
199	380
199	740
199	849
200	387
200	704
200	805
200	957
201	433
201	452
201	483
201	538
201	609
201	749
202	203
202	314
202	437
202	462
202	826
203	319
203	396
203	483
203	685
203	957
204	294
204	401
204	428
204	556
204	932
205	316
205	369
205	378
205	413
205	439
205	748
205	966
206	243
206	270
206	355
206	653
206	701
206	804
207	215
207	523
207	554
207	713
207	832
207	873
207	932
207	956
208	213
208	230
208	233
208	266
208	333
208	383
208	454
208	563
208	692
209	258
209	268
209	308
209	498
209	537
209	930
209	937
209	965
210	249
210	353
210	391
210	528
210	711
210	733
210	736
210	851
211	259
211	379
211	632
211	839
212	315
212	377
212	500
212	656
212	708
212	741
212	931
213	338
213	521
213	873
213	895
214	254
214	271
214	319
214	370
214	497
214	531
214	714
214	778
214	941
215	292
215	334
215	990
216	254
216	342
216	405
216	470
216	819
217	219
217	258
217	316
217	362
217	561
217	613
218	279
218	326
218	361
218	466
218	542
218	583
218	983
219	249
219	344
219	371
219	570
219	674
219	684
219	790
220	308
220	316
220	626
220	717
220	785
220	809
220	853
221	235
221	435
221	518
221	718
221	803
221	830
221	968
221	996
222	346
222	388
222	445
222	521
222	710
222	827
222	834
223	302
223	396
223	426
223	721
224	228
224	358
224	422
224	874
224	972
225	325
225	347
225	429
225	530
225	696
225	770
226	392
226	832
226	860
226	862
226	983
227	336
227	364
227	608
227	653
227	749
228	467
228	504
228	596
228	666
228	896
228	912
229	586
229	700
230	243
230	402
230	724
230	838
230	895
231	407
231	434
231	545
231	565
231	651
231	879
231	909
231	943
232	241
232	260
232	294
232	366
232	385
232	402
232	654
232	888
233	284
233	294
233	531
233	533
233	628
233	962
234	283
234	370
234	685
234	925
235	358
235	429
235	432
235	669
236	297
236	464
236	605
236	801
236	942
237	313
237	370
237	465
237	557
237	655
237	835
237	939
238	246
238	379
238	445
238	625
238	702
238	865
238	930
239	270
239	327
239	338
239	477
239	719
239	743
240	346
240	352
240	505
240	570
240	797
240	970
241	476
241	713
242	292
242	462
242	734
242	845
242	957
242	975
243	287
243	438
243	489
243	519
243	916
244	270
244	271
244	330
244	388
244	661
244	971
245	264
245	307
245	548
245	722
245	855
246	335
246	410
246	668
246	681
247	259
247	373
247	662
247	823
248	371
248	381
248	576
248	581
249	437
249	505
249	524
249	554
249	589
249	639
250	254
250	363
250	381
250	568
250	711
251	347
251	443
251	467
251	520
251	555
251	600
251	660
252	305
252	317
252	536
252	993
253	280
253	354
253	418
253	442
253	560
253	569
253	764
253	982
254	305
254	375
254	664
254	681
254	837
254	846
254	926
255	271
255	278
255	279
255	348
255	389
255	441
255	504
255	974
256	290
256	334
256	431
256	763
256	848
256	944
257	374
257	391
257	439
257	498
257	521
257	652
257	765
258	329
258	561
258	602
258	850
259	280
259	388
259	546
259	673
259	794
259	854
260	298
260	402
260	426
260	630
261	312
261	417
261	507
261	744
261	817
261	833
262	476
262	565
262	701
262	746
263	274
263	363
263	460
263	578
263	657
263	726
263	958
264	392
264	426
264	671
264	747
265	325
265	480
265	579
265	687
265	914
266	458
266	580
266	709
266	867
266	930
267	396
267	464
267	518
267	852
268	356
268	715
268	921
269	371
269	551
269	562
269	799
269	955
270	881
271	505
271	742
271	841
271	879
272	447
272	511
272	640
272	660
272	745
272	850
273	283
273	328
273	502
273	764
274	432
274	566
274	689
274	914
275	347
275	372
275	394
275	421
275	523
275	625
275	783
276	308
276	347
276	357
276	368
276	857
277	307
277	312
277	340
277	485
277	635
277	842
278	301
278	323
278	698
278	956
278	1000
279	328
279	588
279	671
279	702
279	778
280	599
280	782
281	673
281	693
281	876
282	435
282	479
282	495
282	672
282	758
282	840
283	479
283	949
283	950
284	346
284	484
284	548
284	674
284	712
285	316
285	370
285	435
285	622
285	705
285	716
285	890
286	314
286	360
286	411
286	452
286	486
286	490
286	655
286	780
286	992
287	323
287	423
287	468
287	526
287	595
287	846
288	418
288	610
288	629
288	736
288	814
288	952
289	339
289	467
289	473
289	558
289	882
290	431
290	437
290	633
290	770
291	317
291	599
291	894
292	307
292	332
292	372
292	409
292	412
292	825
293	450
293	491
293	519
293	574
293	819
293	893
293	984
293	994
294	428
294	503
294	995
295	395
295	429
295	495
295	654
296	329
296	338
296	370
296	529
296	532
296	690
296	951
297	512
297	541
297	542
297	737
297	922
297	982
298	303
298	511
298	539
298	703
298	757
298	960
299	333
299	337
299	346
299	425
299	675
299	904
300	398
300	577
300	657
300	733
301	400
301	956
302	351
302	577
302	663
302	905
303	397
303	471
303	525
303	665
303	736
303	840
304	430
304	456
304	487
304	535
304	668
304	870
304	888
305	312
305	317
305	670
305	935
305	966
306	341
306	390
306	623
306	640
306	755
306	831
307	344
307	351
307	368
307	462
308	530
308	693
308	716
308	973
308	993
309	460
309	584
309	606
309	664
309	742
309	838
310	455
310	670
310	774
310	847
310	922
311	620
311	766
311	777
311	839
312	543
312	626
312	752
312	961
313	504
313	544
313	607
313	631
313	944
313	977
314	329
314	356
314	452
315	580
315	863
315	875
315	883
315	985
317	365
317	578
317	857
318	321
318	472
318	573
318	677
318	943
319	423
319	581
320	469
320	509
320	723
321	433
321	567
321	864
322	468
322	582
322	782
322	796
323	991
324	334
324	688
324	785
324	802
324	948
324	954
325	378
325	487
325	577
325	927
326	928
327	547
327	771
328	372
328	418
328	557
328	845
328	880
329	440
329	561
329	744
329	915
330	830
331	389
331	556
331	568
331	603
331	942
331	959
332	482
332	769
333	371
333	373
333	672
334	341
334	352
334	360
334	803
334	964
335	339
335	414
335	639
335	662
335	720
335	979
336	618
337	394
337	586
337	628
337	839
338	346
338	763
338	978
339	552
339	656
339	810
340	375
340	426
340	699
340	848
340	869
341	387
341	788
341	831
342	608
342	784
342	786
342	823
343	364
343	645
343	730
343	739
343	759
343	952
345	352
345	424
345	515
345	602
346	414
346	544
347	428
347	557
348	443
348	528
348	689
348	724
348	877
349	380
349	626
349	680
349	887
349	902
350	391
350	525
350	531
351	390
351	490
351	604
351	616
351	619
351	627
351	636
352	466
352	690
353	448
353	574
353	614
354	430
354	583
354	694
354	999
355	497
355	807
356	382
356	405
356	587
356	741
356	780
357	503
357	598
357	633
357	836
357	928
358	490
358	590
358	695
358	700
358	938
359	384
359	509
359	598
359	615
359	901
360	413
360	502
360	648
361	409
361	494
361	851
361	996
362	930
362	968
362	995
363	538
363	696
363	756
363	958
363	994
364	608
364	640
364	766
364	844
365	385
365	537
365	897
366	398
366	450
366	647
366	662
366	760
366	808
367	424
367	543
367	560
367	926
368	595
368	617
368	729
369	399
369	506
369	526
369	805
370	869
371	482
371	507
372	547
372	901
373	438
373	583
373	973
374	418
374	516
374	522
374	603
374	611
375	612
375	627
376	426
376	501
376	725
376	842
376	958
377	435
377	621
377	729
378	817
379	592
379	624
379	746
380	456
380	527
380	752
380	765
381	593
381	695
382	500
382	581
382	726
382	935
382	964
383	558
383	684
383	882
383	951
384	447
384	504
384	548
384	593
384	947
385	694
386	477
386	791
386	868
387	458
387	467
387	659
388	436
388	476
388	556
388	654
389	603
389	818
390	523
390	573
390	654
391	516
391	609
391	713
391	819
391	987
392	648
392	689
392	768
392	830
393	434
393	467
393	578
393	885
393	954
393	955
394	406
394	594
394	751
394	802
394	804
395	427
395	439
395	484
395	514
395	695
395	796
396	685
397	449
397	816
398	421
398	443
398	470
398	842
399	596
399	731
400	535
400	605
401	424
401	563
402	474
402	510
402	657
402	699
403	411
403	591
403	623
404	407
404	587
404	595
404	600
404	877
405	636
405	822
405	984
406	856
406	880
407	524
407	551
407	752
407	808
408	453
408	481
408	628
408	795
408	841
409	498
409	676
409	678
410	521
410	777
410	945
411	458
411	538
411	550
411	687
412	558
412	630
412	863
413	492
413	569
414	491
414	674
414	763
415	543
415	580
415	856
415	896
416	442
416	461
416	890
417	440
417	634
417	663
418	488
418	579
419	499
419	646
419	835
420	552
420	865
420	882
421	588
421	789
421	988
422	523
422	643
423	622
424	492
424	556
425	734
425	818
426	635
427	447
427	530
427	624
427	972
428	558
428	742
428	992
429	461
430	651
430	665
430	754
430	819
431	667
432	539
432	683
433	561
433	648
433	805
434	546
434	602
434	845
435	718
436	585
436	711
436	785
436	814
436	943
437	592
437	834
437	871
438	748
438	847
439	465
439	535
440	698
440	854
440	869
441	486
441	712
442	449
442	629
443	465
443	510
443	520
443	734
443	820
444	488
444	489
444	623
445	524
445	566
445	613
446	753
446	829
446	838
446	900
446	981
447	570
447	872
448	584
449	450
449	739
450	733
450	880
451	653
451	982
452	707
452	794
453	507
453	541
453	646
453	800
453	805
454	473
454	765
455	551
455	592
455	717
456	624
457	575
457	680
457	810
458	705
459	463
459	496
459	834
460	506
460	801
460	967
461	650
462	562
462	717
462	721
463	469
463	535
463	564
463	620
463	985
464	640
465	630
465	933
466	674
466	731
466	967
468	510
468	596
468	659
469	515
469	551
470	652
470	990
471	585
472	736
473	974
474	934
475	528
475	545
475	666
476	572
476	591
477	544
478	485
478	725
478	806
478	900
479	758
479	887
480	610
480	793
481	752
481	792
482	609
483	597
483	756
484	686
484	749
484	755
484	997
485	597
485	923
486	529
486	832
486	979
487	672
487	701
488	750
488	771
489	984
490	607
490	909
491	509
491	643
492	877
493	494
493	498
493	580
494	585
494	638
494	762
495	661
496	610
497	596
497	627
498	593
498	841
499	749
499	776
499	936
501	571
501	740
501	858
501	881
502	630
502	658
503	608
503	847
504	734
505	738
505	772
505	839
506	690
506	930
506	931
507	511
508	578
509	998
511	891
511	953
512	853
513	624
513	827
513	841
513	959
514	689
514	866
515	735
515	903
515	949
516	579
516	821
517	699
517	817
518	720
518	798
519	562
519	737
520	558
520	889
521	875
522	541
522	577
522	636
522	702
523	540
523	910
524	534
524	649
524	697
525	612
525	750
526	664
527	550
527	561
527	687
530	572
530	797
532	773
532	965
533	583
533	710
533	924
534	626
534	653
534	656
534	669
535	540
536	829
536	902
536	927
537	682
538	714
539	546
539	725
539	757
540	799
540	844
541	807
541	894
542	703
543	898
544	760
544	875
545	879
546	564
546	602
547	837
548	712
549	717
549	751
550	637
551	658
552	738
552	999
553	670
553	678
554	981
554	992
555	679
555	944
557	712
557	918
559	672
559	673
559	826
560	913
561	772
562	773
562	828
563	645
563	673
563	864
563	991
564	634
564	892
566	748
566	809
566	902
567	574
567	775
567	903
567	993
568	731
568	821
568	846
569	735
569	932
570	601
570	684
571	590
571	827
572	722
573	881
574	620
574	973
575	690
575	746
575	812
576	779
576	964
576	982
577	747
578	897
579	775
579	960
581	674
581	796
582	708
582	713
582	812
584	770
584	962
585	729
586	695
586	835
586	961
588	693
588	820
588	953
589	647
589	736
590	933
592	872
594	697
594	852
597	610
598	747
598	932
599	847
601	923
601	947
603	843
604	776
605	787
606	645
606	868
607	654
607	768
608	771
609	639
609	739
611	710
611	893
612	700
612	876
612	927
613	849
614	633
614	939
615	735
615	996
617	632
617	967
618	838
619	708
619	988
620	697
620	853
621	691
621	862
622	919
623	647
623	709
624	706
624	815
625	680
625	766
626	887
628	822
631	723
631	830
632	950
633	801
634	739
634	908
635	860
637	914
638	666
638	849
638	888
639	732
641	904
642	680
644	659
644	835
644	938
645	665
646	738
648	724
649	691
650	717
650	737
651	913
652	793
652	852
654	814
655	707
655	872
656	993
658	911
659	841
659	929
660	878
660	905
661	677
661	822
663	694
663	834
664	675
665	826
665	863
667	720
667	794
667	934
668	891
671	778
673	815
675	761
675	908
676	920
677	977
678	741
678	829
679	874
679	928
680	914
681	761
681	980
682	936
683	778
683	783
683	852
685	727
685	770
688	942
689	750
690	986
692	870
693	806
694	735
694	861
695	721
695	900
696	770
696	870
696	1000
698	744
698	990
699	796
699	941
701	857
702	783
703	911
703	955
704	838
704	855
704	858
706	730
706	843
708	840
709	740
711	797
711	869
715	848
715	959
719	915
722	726
723	971
724	949
725	795
725	829
729	780
732	812
732	873
732	958
734	761
734	855
736	809
740	760
743	798
745	826
747	876
749	756
749	939
750	752
753	810
755	863
755	915
756	961
757	946
758	941
758	966
760	818
763	815
763	976
764	978
765	946
766	828
767	814
767	934
769	921
769	955
774	859
778	903
780	923
781	802
783	970
784	991
786	823
786	976
790	921
791	916
792	900
793	797
794	874
795	827
795	875
798	806
798	919
800	975
802	902
807	813
808	818
812	977
812	998
813	921
813	965
813	989
818	889
820	920
824	825
828	918
831	842
831	985
833	969
840	900
850	910
853	860
856	894
857	891
857	980
859	979
860	983
861	878
864	925
865	882
865	954
866	950
867	975
868	939
869	942
870	895
871	923
871	953
877	908
880	948
881	945
882	957
886	910
886	980
897	935
902	926
904	987
906	979
907	919
908	960
909	916
910	951
917	963
920	989
924	993
929	988
933	972
934	990
947	998
949	957
995	1000
