1	7
2	6
3	4
4	3
5	5
6	2
7	3
8	3
9	4
10	5
11	2
12	5
13	3
14	6
15	4
16	4
17	5
18	9
19	4
20	6
21	4
22	2
23	8
24	4
25	2
26	2
27	7
28	5
29	7
30	3
31	5
32	5
33	9
34	3
35	3
36	11
37	4
38	8
39	8
40	6
41	3
42	4
43	6
44	6
45	4
46	2
47	2
48	9
49	11
50	3
51	7
52	3
53	4
54	9
55	7
56	7
57	4
58	2
59	3
60	11
61	4
62	8
63	7
64	8
65	2
66	7
67	2
68	6
69	10
70	5
71	11
72	10
73	8
74	4
75	8
76	6
77	4
78	2
79	7
80	6
81	3
82	5
83	9
84	5
85	2
86	5
87	2
88	8
89	11
90	3
91	3
92	10
93	4
94	6
95	7
96	5
97	3
98	9
99	3
100	2
101	6
102	9
103	10
104	7
105	7
106	9
107	10
108	7
109	3
110	4
111	6
112	4
113	3
114	4
115	4
116	6
117	4
118	10
119	3
120	7
121	4
122	10
123	7
124	4
125	6
126	2
127	9
128	2
129	11
130	3
131	10
132	6
133	4
134	8
135	4
136	3
137	7
138	9
139	2
140	5
141	5
142	4
143	11
144	3
145	3
146	6
147	3
148	3
149	10
150	2
151	5
152	2
153	8
154	5
155	2
156	5
157	3
158	5
159	4
160	11
161	7
162	2
163	9
164	10
165	8
166	1
167	9
168	3
169	10
170	7
171	8
172	2
173	2
174	9
175	7
176	9
177	7
178	8
179	2
180	3
181	6
182	5
183	2
184	2
185	5
186	4
187	8
188	2
189	3
190	10
191	5
192	8
193	8
194	7
195	9
196	5
197	7
198	8
199	8
200	2
201	4
202	9
203	10
204	6
205	4
206	4
207	3
208	5
209	4
210	7
211	8
212	8
213	5
214	6
215	2
216	2
217	10
218	7
219	5
220	9
221	3
222	4
223	8
224	2
225	4
226	6
227	8
228	2
229	6
230	3
231	3
232	6
233	8
234	3
235	7
236	2
237	2
238	4
239	9
240	2
241	4
242	6
243	4
244	2
245	9
246	3
247	10
248	6
249	2
250	10
251	8
252	2
253	4
254	5
255	2
256	7
257	11
258	10
259	6
260	6
261	11
262	2
263	2
264	8
265	5
266	2
267	6
268	6
269	6
270	9
271	6
272	5
273	5
274	10
275	6
276	3
277	5
278	4
279	2
280	6
281	11
282	9
283	4
284	2
285	4
286	11
287	9
288	3
289	10
290	3
291	9
292	8
293	11
294	4
295	5
296	3
297	11
298	9
299	11
300	1
301	3
302	9
303	5
304	11
305	5
306	7
307	6
308	2
309	2
310	2
311	10
312	6
313	11
314	3
315	11
316	3
317	5
318	7
319	4
320	3
321	2
322	10
323	3
324	4
325	3
326	5
327	3
328	7
329	2
330	10
331	9
332	5
333	7
334	2
335	8
336	6
337	2
338	3
339	3
340	4
341	11
342	5
343	2
344	4
345	2
346	4
347	4
348	2
349	8
350	10
351	3
352	8
353	8
354	4
355	4
356	9
357	10
358	9
359	3
360	2
361	3
362	6
363	4
364	3
365	4
366	5
367	11
368	3
369	11
370	7
371	5
372	6
373	10
374	8
375	5
376	7
377	5
378	8
379	4
380	3
381	3
382	2
383	3
384	10
385	10
386	8
387	5
388	6
389	2
390	10
391	3
392	4
393	6
394	6
395	5
396	6
397	9
398	8
399	5
400	7
401	4
402	3
403	8
404	2
405	11
406	5
407	2
408	5
409	7
410	8
411	4
412	2
413	2
414	3
415	10
416	7
417	5
418	10
419	7
420	3
421	3
422	4
423	3
424	2
425	5
426	4
427	9
428	4
429	11
430	2
431	7
432	5
433	4
434	2
435	3
436	7
437	11
438	6
439	9
440	2
441	2
442	8
443	5
444	4
445	3
446	5
447	2
448	4
449	3
450	11
451	1
452	2
453	7
454	9
455	10
456	2
457	2
458	1
459	3
460	8
461	3
462	10
463	3
464	10
465	6
466	5
467	2
468	11
469	4
470	8
471	2
472	2
473	11
474	3
475	3
476	4
477	7
478	1
479	10
480	4
481	3
482	4
483	3
484	11
485	3
486	6
487	8
488	2
489	5
490	2
491	5
492	10
493	6
494	4
495	4
496	4
497	5
498	6
499	2
500	7
501	2
502	4
503	3
504	9
505	6
506	6
507	2
508	6
509	8
510	9
511	2
512	2
513	8
514	2
515	2
516	3
517	3
518	2
519	3
520	2
521	11
522	10
523	2
524	7
525	6
526	7
527	3
528	3
529	8
530	2
531	3
532	2
533	4
534	5
535	3
536	7
537	4
538	8
539	10
540	4
541	5
542	6
543	5
544	10
545	7
546	3
547	7
548	5
549	5
550	8
551	2
552	11
553	3
554	3
555	5
556	5
557	10
558	9
559	6
560	8
561	7
562	2
563	11
564	8
565	2
566	9
567	4
568	9
569	3
570	5
571	4
572	7
573	2
574	5
575	6
576	9
577	10
578	9
579	5
580	7
581	7
582	7
583	2
584	3
585	3
586	4
587	6
588	4
589	3
590	5
591	5
592	10
593	3
594	11
595	2
596	10
597	7
598	4
599	2
600	6
601	5
602	2
603	2
604	6
605	5
606	6
607	3
608	2
609	7
610	2
611	7
612	11
613	6
614	1
615	9
616	5
617	3
618	3
619	2
620	4
621	8
622	9
623	10
624	2
625	7
626	9
627	6
628	2
629	4
630	1
631	9
632	4
633	6
634	11
635	9
636	4
637	8
638	8
639	3
640	4
641	3
642	5
643	11
644	9
645	2
646	10
647	4
648	7
649	2
650	7
651	11
652	7
653	2
654	3
655	8
656	9
657	2
658	8
659	2
660	4
661	9
662	5
663	2
664	4
665	7
666	5
667	6
668	5
669	1
670	4
671	5
672	2
673	2
674	1
675	6
676	8
677	11
678	2
679	11
680	4
681	8
682	7
683	7
684	5
685	9
686	5
687	10
688	5
689	3
690	2
691	9
692	3
693	9
694	2
695	6
696	6
697	4
698	5
699	2
700	6
701	3
702	10
703	8
704	1
705	10
706	4
707	8
708	3
709	2
710	2
711	2
712	7
713	3
714	2
715	7
716	8
717	7
718	7
719	6
720	7
721	4
722	2
723	2
724	10
725	8
726	9
727	2
728	5
729	6
730	8
731	5
732	6
733	2
734	6
735	6
736	11
737	2
738	5
739	5
740	5
741	5
742	10
743	9
744	11
745	8
746	7
747	10
748	9
749	2
750	3
751	2
752	4
753	5
754	3
755	5
756	5
757	4
758	6
759	4
760	9
761	10
762	4
763	2
764	6
765	5
766	2
767	10
768	3
769	3
770	7
771	4
772	5
773	10
774	9
775	3
776	10
777	11
778	2
779	3
780	2
781	7
782	6
783	3
784	10
785	5
786	5
787	2
788	6
789	5
790	7
791	4
792	6
793	7
794	2
795	6
796	4
797	5
798	4
799	10
800	4
801	7
802	2
803	11
804	11
805	9
806	2
807	5
808	10
809	7
810	5
811	10
812	10
813	6
814	9
815	4
816	2
817	3
818	10
819	8
820	2
821	4
822	7
823	6
824	5
825	8
826	5
827	11
828	9
829	6
830	6
831	6
832	4
833	2
834	3
835	9
836	9
837	5
838	2
839	3
840	4
841	2
842	6
843	10
844	3
845	2
846	3
847	11
848	6
849	2
850	4
851	3
852	2
853	6
854	5
855	8
856	11
857	5
858	4
859	5
860	2
861	3
862	9
863	4
864	6
865	3
866	9
867	2
868	2
869	4
870	2
871	11
872	2
873	4
874	6
875	10
876	6
877	5
878	7
879	5
880	3
881	3
882	5
883	7
884	2
885	4
886	10
887	10
888	7
889	4
890	5
891	11
892	4
893	2
894	6
895	2
896	4
897	2
898	9
899	3
900	2
901	7
902	4
903	2
904	8
905	8
906	4
907	9
908	3
909	8
910	9
911	2
912	8
913	8
914	10
915	4
916	3
917	4
918	2
919	3
920	9
921	6
922	4
923	6
924	6
925	11
926	8
927	7
928	4
929	6
930	6
931	8
932	3
933	5
934	4
935	4
936	7
937	10
938	4
939	10
940	3
941	8
942	3
943	9
944	3
945	6
946	10
947	8
948	4
949	3
950	4
951	4
952	9
953	4
954	9
955	8
956	2
957	2
958	3
959	2
960	10
961	10
962	8
963	8
964	3
965	4
966	9
967	4
968	9
969	8
970	4
971	3
972	4
973	3
974	9
975	6
976	7
977	3
978	4
979	2
980	9
981	5
982	9
983	4
984	7
985	7
986	7
987	3
988	8
989	2
990	9
991	4
992	11
993	2
994	9
995	3
996	2
997	3
998	4
999	5
1000	3
