1	6
1	9
1	19
1	23
1	27
1	41
1	60
1	66
1	81
1	106
1	115
1	145
1	158
1	168
1	220
1	228
1	243
1	245
1	253
1	283
1	292
1	301
1	311
1	317
1	318
1	325
1	391
1	409
1	429
1	453
1	482
1	504
1	513
1	515
1	526
1	531
1	533
1	582
1	621
1	651
1	750
1	789
1	808
1	839
1	952
1	961
1	969
1	997
2	12
2	20
2	42
2	87
2	88
2	89
2	111
2	119
2	129
2	138
2	159
2	188
2	201
2	217
2	228
2	231
2	250
2	276
2	291
2	316
2	371
2	461
2	463
2	473
2	518
2	528
2	540
2	591
2	595
2	600
2	612
2	624
2	656
2	741
2	789
2	816
2	856
2	879
2	900
2	963
2	972
2	979
3	20
3	22
3	24
3	25
3	31
3	53
3	73
3	90
3	101
3	162
3	177
3	195
3	199
3	214
3	248
3	275
3	306
3	328
3	340
3	355
3	370
3	405
3	430
3	439
3	489
3	549
3	550
3	561
3	653
3	740
3	784
3	812
3	847
3	861
3	895
3	910
3	915
3	941
3	945
3	947
3	990
4	5
4	12
4	18
4	43
4	55
4	83
4	90
4	133
4	152
4	166
4	169
4	192
4	202
4	263
4	275
4	282
4	296
4	303
4	310
4	330
4	331
4	339
4	383
4	456
4	499
4	542
4	561
4	563
4	579
4	597
4	654
4	692
4	776
4	779
4	791
4	830
4	871
4	916
4	923
4	936
5	18
5	37
5	43
5	63
5	83
5	90
5	137
5	138
5	186
5	202
5	235
5	243
5	310
5	331
5	383
5	459
5	499
5	503
5	542
5	563
5	569
5	573
5	576
5	579
5	588
5	596
5	597
5	614
5	673
5	777
5	779
5	821
5	882
5	920
5	929
6	12
6	56
6	62
6	70
6	72
6	98
6	107
6	131
6	137
6	204
6	225
6	232
6	246
6	262
6	273
6	276
6	279
6	299
6	309
6	347
6	349
6	369
6	379
6	384
6	401
6	415
6	440
6	498
6	583
6	659
6	705
6	706
6	737
6	773
6	825
7	15
7	17
7	29
7	42
7	47
7	55
7	59
7	62
7	66
7	71
7	72
7	93
7	151
7	213
7	226
7	230
7	255
7	269
7	270
7	278
7	297
7	341
7	357
7	386
7	406
7	468
7	487
7	575
7	660
7	687
7	735
7	901
7	912
7	925
7	942
7	986
8	16
8	38
8	49
8	77
8	80
8	111
8	139
8	143
8	153
8	185
8	195
8	211
8	221
8	222
8	261
8	335
8	417
8	455
8	547
8	580
8	587
8	609
8	629
8	641
8	662
8	704
8	726
8	823
8	852
8	903
8	936
8	981
8	989
8	993
9	17
9	19
9	23
9	27
9	41
9	58
9	81
9	203
9	212
9	215
9	224
9	253
9	283
9	292
9	298
9	318
9	364
9	365
9	391
9	424
9	429
9	504
9	594
9	630
9	669
9	757
9	816
9	960
9	975
9	999
10	45
10	50
10	65
10	69
10	134
10	139
10	148
10	160
10	199
10	264
10	345
10	356
10	361
10	383
10	393
10	399
10	435
10	437
10	439
10	450
10	452
10	481
10	558
10	574
10	627
10	642
10	648
10	666
10	727
10	806
10	940
11	35
11	37
11	51
11	52
11	57
11	113
11	146
11	155
11	163
11	185
11	190
11	197
11	305
11	360
11	507
11	537
11	592
11	603
11	655
11	657
11	691
11	715
11	744
11	796
11	799
11	845
11	846
11	869
11	925
11	980
12	42
12	50
12	89
12	111
12	119
12	142
12	217
12	222
12	228
12	231
12	325
12	384
12	408
12	441
12	461
12	502
12	514
12	540
12	600
12	624
12	656
12	816
12	856
12	858
12	900
12	913
12	963
13	17
13	28
13	31
13	99
13	106
13	113
13	118
13	120
13	136
13	170
13	182
13	201
13	219
13	250
13	252
13	307
13	312
13	319
13	320
13	358
13	361
13	402
13	412
13	475
13	496
13	671
13	679
13	718
13	755
13	956
14	15
14	30
14	33
14	48
14	75
14	88
14	110
14	114
14	121
14	180
14	201
14	230
14	235
14	247
14	269
14	338
14	375
14	384
14	426
14	440
14	492
14	534
14	543
14	652
14	894
14	904
14	983
15	30
15	48
15	88
15	110
15	134
15	155
15	164
15	180
15	278
15	375
15	380
15	426
15	477
15	492
15	560
15	590
15	686
15	694
15	745
15	785
15	825
15	894
15	951
15	984
16	35
16	38
16	63
16	77
16	80
16	139
16	167
16	195
16	210
16	221
16	261
16	289
16	335
16	401
16	455
16	530
16	609
16	664
16	792
16	840
16	845
16	891
16	925
16	948
17	28
17	87
17	106
17	116
17	120
17	170
17	219
17	240
17	307
17	319
17	320
17	402
17	496
17	512
17	539
17	562
17	718
17	749
17	767
17	783
17	932
17	969
18	38
18	43
18	83
18	90
18	116
18	137
18	152
18	202
18	206
18	299
18	330
18	331
18	359
18	380
18	413
18	499
18	521
18	542
18	579
18	607
18	674
18	871
18	916
19	23
19	81
19	168
19	187
19	207
19	224
19	253
19	287
19	288
19	308
19	364
19	365
19	424
19	479
19	482
19	513
19	548
19	572
19	638
19	839
19	978
19	996
20	22
20	24
20	31
20	53
20	73
20	177
20	192
20	193
20	275
20	277
20	370
20	395
20	416
20	489
20	525
20	549
20	585
20	610
20	801
20	890
20	962
20	993
21	26
21	41
21	94
21	132
21	183
21	184
21	185
21	193
21	285
21	333
21	366
21	406
21	447
21	457
21	519
21	616
21	667
21	668
21	708
21	841
21	854
21	922
21	973
22	24
22	48
22	53
22	73
22	177
22	275
22	277
22	316
22	329
22	339
22	489
22	529
22	585
22	610
22	628
22	707
22	740
22	842
22	895
22	928
22	947
23	27
23	41
23	170
23	200
23	208
23	218
23	249
23	391
23	431
23	482
23	557
23	583
23	594
23	621
23	751
23	788
23	837
23	931
23	967
24	25
24	53
24	73
24	99
24	126
24	162
24	183
24	212
24	279
24	285
24	355
24	418
24	430
24	489
24	547
24	551
24	561
24	665
24	945
25	71
25	73
25	90
25	162
25	177
25	248
25	340
25	358
25	363
25	395
25	418
25	529
25	561
25	605
25	639
25	807
25	847
25	860
25	962
25	988
26	46
26	84
26	95
26	132
26	178
26	193
26	196
26	200
26	204
26	208
26	241
26	478
26	550
26	666
26	668
26	746
26	772
26	819
26	836
26	917
26	922
27	41
27	81
27	119
27	187
27	218
27	220
27	224
27	245
27	301
27	391
27	392
27	406
27	424
27	429
27	517
27	801
27	834
27	931
27	971
28	37
28	38
28	91
28	99
28	106
28	120
28	136
28	166
28	182
28	201
28	206
28	219
28	240
28	307
28	319
28	402
28	412
28	539
28	588
28	755
29	55
29	64
29	89
29	93
29	124
29	159
29	230
29	294
29	406
29	512
29	521
29	552
29	687
29	728
29	735
29	803
29	850
29	874
29	909
29	954
30	75
30	108
30	110
30	123
30	124
30	155
30	180
30	281
30	338
30	362
30	375
30	415
30	477
30	505
30	513
30	543
30	544
30	590
30	694
31	57
31	69
31	101
31	212
31	222
31	329
31	394
31	428
31	445
31	529
31	628
31	669
31	690
31	761
31	910
31	945
31	962
31	968
32	71
32	78
32	82
32	91
32	186
32	226
32	266
32	290
32	326
32	333
32	394
32	410
32	422
32	474
32	475
32	517
32	557
32	608
32	724
32	758
32	795
33	49
33	66
33	73
33	79
33	91
33	102
33	127
33	128
33	321
33	340
33	352
33	410
33	450
33	525
33	577
33	617
33	689
33	898
33	940
33	949
34	44
34	46
34	79
34	122
34	145
34	198
34	231
34	298
34	313
34	366
34	372
34	377
34	572
34	591
34	596
34	604
34	613
34	685
34	806
34	813
34	899
35	45
35	51
35	52
35	57
35	95
35	113
35	138
35	146
35	163
35	178
35	214
35	266
35	280
35	332
35	389
35	438
35	516
35	717
35	792
36	39
36	96
36	99
36	150
36	187
36	316
36	368
36	387
36	448
36	471
36	527
36	566
36	577
36	615
36	623
36	632
36	785
36	837
36	954
36	992
37	75
37	168
37	191
37	213
37	261
37	373
37	380
37	386
37	408
37	511
37	538
37	616
37	665
37	676
37	686
37	894
37	957
38	51
38	77
38	80
38	104
38	195
38	289
38	335
38	455
38	518
38	577
38	609
38	662
38	700
38	803
38	823
38	903
39	51
39	85
39	92
39	150
39	162
39	171
39	179
39	191
39	251
39	278
39	354
39	414
39	467
39	545
39	571
39	593
39	689
39	840
39	859
40	74
40	129
40	181
40	209
40	215
40	227
40	230
40	233
40	244
40	273
40	302
40	382
40	491
40	618
40	759
40	763
40	787
40	815
40	884
41	166
41	203
41	245
41	246
41	283
41	292
41	365
41	423
41	513
41	552
41	572
41	827
41	834
41	933
42	89
42	106
42	111
42	119
42	161
42	181
42	217
42	231
42	291
42	381
42	423
42	540
42	591
42	600
42	720
42	800
43	98
43	137
43	192
43	263
43	330
43	331
43	339
43	353
43	359
43	360
43	456
43	520
43	521
43	614
43	619
43	776
44	75
44	141
44	166
44	205
44	258
44	271
44	313
44	361
44	390
44	425
44	443
44	444
44	464
44	568
44	596
44	613
44	768
44	955
45	79
45	84
45	91
45	102
45	115
45	125
45	218
45	222
45	312
45	400
45	449
45	450
45	460
45	699
45	704
45	844
45	898
46	52
46	122
46	126
46	271
46	322
46	328
46	372
46	377
46	425
46	580
46	596
46	611
46	776
46	820
46	828
46	885
47	55
47	59
47	106
47	107
47	140
47	151
47	269
47	314
47	367
47	495
47	506
47	512
47	570
47	827
47	935
47	955
47	986
48	88
48	110
48	112
48	247
48	289
48	362
48	477
48	480
48	560
48	599
48	619
48	652
48	764
48	858
48	894
49	77
49	80
49	210
49	216
49	221
49	261
49	321
49	354
49	530
49	580
49	629
49	664
49	795
49	824
49	989
49	993
50	54
50	69
50	117
50	160
50	169
50	173
50	176
50	293
50	421
50	437
50	535
50	625
50	649
50	684
50	707
50	744
51	52
51	57
51	66
51	95
51	113
51	163
51	199
51	202
51	305
51	376
51	389
51	500
51	754
51	846
52	149
52	163
52	178
52	199
52	262
52	279
52	305
52	311
52	376
52	435
52	507
52	638
52	709
52	883
53	73
53	101
53	245
53	256
53	335
53	395
53	413
53	445
53	633
53	801
53	863
53	918
53	947
53	968
54	63
54	74
54	118
54	181
54	223
54	227
54	233
54	234
54	272
54	367
54	382
54	432
54	578
54	599
54	721
54	835
54	885
55	56
55	58
55	105
55	140
55	154
55	226
55	430
55	454
55	470
55	491
55	513
55	582
55	655
55	874
56	58
56	59
56	71
56	140
56	151
56	210
56	230
56	269
56	327
56	410
56	445
56	483
56	570
56	597
56	822
56	925
57	95
57	113
57	178
57	363
57	438
57	536
57	537
57	564
57	581
57	702
57	774
57	781
57	784
57	980
58	59
58	71
58	104
58	151
58	254
58	269
58	294
58	341
58	396
58	433
58	467
58	546
58	766
58	769
59	71
59	75
59	226
59	284
59	297
59	396
59	707
59	731
59	766
59	879
59	937
59	942
59	986
60	133
60	171
60	174
60	186
60	216
60	260
60	410
60	427
60	441
60	698
60	724
60	742
60	797
60	831
60	868
60	880
61	65
61	69
61	83
61	117
61	144
61	173
61	207
61	288
61	293
61	338
61	386
61	411
61	468
61	625
61	672
61	701
61	760
62	72
62	99
62	107
62	131
62	144
62	183
62	234
62	273
62	392
62	400
62	553
62	607
62	747
62	872
62	926
63	76
63	156
63	188
63	205
63	215
63	251
63	265
63	319
63	368
63	378
63	688
63	705
63	779
63	863
64	104
64	143
64	154
64	198
64	309
64	329
64	338
64	351
64	453
64	462
64	653
64	667
64	759
64	798
64	897
64	917
65	128
65	144
65	148
65	156
65	300
65	356
65	452
65	458
65	484
65	574
65	620
65	625
65	709
65	804
65	950
66	161
66	169
66	175
66	241
66	270
66	343
66	364
66	460
66	564
66	634
66	656
66	892
66	956
67	104
67	109
67	116
67	146
67	173
67	266
67	436
67	483
67	484
67	526
67	626
67	681
67	729
67	897
67	905
67	934
67	946
68	70
68	85
68	98
68	125
68	170
68	204
68	256
68	262
68	370
68	392
68	536
68	637
68	641
68	659
68	721
68	926
68	929
69	122
69	132
69	213
69	264
69	345
69	421
69	458
69	642
69	665
69	684
69	763
69	821
69	877
70	87
70	138
70	224
70	234
70	250
70	262
70	299
70	347
70	453
70	515
70	680
70	737
70	811
70	848
70	926
71	124
71	297
71	469
71	512
71	673
71	762
71	832
71	901
71	937
71	987
72	98
72	125
72	225
72	234
72	392
72	415
72	440
72	490
72	637
72	659
72	670
72	706
72	745
73	210
73	215
73	279
73	445
73	489
73	724
73	847
73	895
73	927
74	209
74	227
74	229
74	300
74	417
74	430
74	510
74	712
74	727
74	765
74	787
74	835
74	918
74	937
75	78
75	88
75	114
75	235
75	247
75	338
75	560
75	634
75	691
75	764
75	809
76	85
76	86
76	174
76	179
76	187
76	237
76	325
76	464
76	471
76	509
76	522
76	523
76	713
76	748
76	802
77	173
77	190
77	195
77	226
77	289
77	355
77	518
77	629
77	700
77	852
77	891
77	953
78	82
78	216
78	242
78	260
78	282
78	290
78	338
78	398
78	407
78	475
78	608
78	868
78	907
78	970
79	84
79	91
79	102
79	145
79	400
79	402
79	494
79	628
79	689
79	699
79	752
79	844
79	920
80	156
80	157
80	167
80	195
80	306
80	329
80	335
80	455
80	538
80	831
80	965
80	981
81	93
81	220
81	287
81	409
81	449
81	604
81	723
81	751
81	757
81	851
81	969
81	999
82	174
82	186
82	216
82	238
82	242
82	260
82	263
82	330
82	370
82	373
82	398
82	517
82	831
82	873
83	152
83	202
83	216
83	263
83	353
83	359
83	456
83	459
83	522
83	531
83	830
84	102
84	168
84	175
84	189
84	344
84	438
84	485
84	525
84	699
84	752
84	919
84	959
85	126
85	188
85	206
85	237
85	276
85	280
85	292
85	448
85	611
85	697
85	833
85	845
86	92
86	96
86	103
86	135
86	157
86	187
86	368
86	390
86	509
86	527
86	643
86	667
86	717
86	859
87	89
87	140
87	159
87	228
87	231
87	291
87	334
87	458
87	502
87	540
87	624
87	880
88	114
88	155
88	350
88	480
88	505
88	534
88	574
88	652
88	666
88	694
89	96
89	111
89	119
89	159
89	206
89	209
89	291
89	624
89	781
89	972
90	152
90	303
90	310
90	330
90	383
90	485
90	573
90	576
90	775
90	794
91	102
91	128
91	144
91	189
91	222
91	258
91	460
91	919
91	959
91	992
92	96
92	99
92	157
92	165
92	189
92	268
92	276
92	280
92	403
92	448
92	486
92	650
92	963
93	124
93	154
93	155
93	314
93	357
93	478
93	546
93	621
93	674
93	822
93	909
93	971
94	121
94	133
94	134
94	193
94	267
94	362
94	414
94	547
94	550
94	703
94	854
94	887
94	938
94	991
95	161
95	163
95	311
95	438
95	500
95	558
95	605
95	715
95	796
95	818
95	869
96	103
96	169
96	191
96	239
96	324
96	334
96	403
96	471
96	509
96	566
96	730
97	117
97	123
97	135
97	148
97	160
97	176
97	213
97	393
97	476
97	498
97	535
97	558
97	583
97	727
97	752
98	110
98	125
98	131
98	143
98	232
98	234
98	349
98	369
98	392
98	479
99	344
99	399
99	501
99	676
99	719
99	814
99	959
99	998
100	129
100	220
100	224
100	319
100	328
100	350
100	351
100	416
100	429
100	578
100	745
100	769
100	944
100	959
101	162
101	214
101	277
101	405
101	549
101	575
101	639
101	772
101	838
101	850
101	915
102	104
102	128
102	520
102	617
102	675
102	704
102	882
102	912
102	920
103	188
103	193
103	237
103	315
103	464
103	661
103	708
103	730
103	834
103	849
103	951
103	954
104	138
104	421
104	451
104	452
104	614
104	718
104	782
104	805
104	915
105	119
105	120
105	124
105	125
105	154
105	226
105	255
105	286
105	472
105	487
105	491
105	548
105	735
106	120
106	201
106	252
106	358
106	361
106	677
106	679
106	720
107	131
107	138
107	195
107	349
107	381
107	515
107	532
107	536
107	637
107	706
107	845
108	113
108	153
108	214
108	266
108	371
108	388
108	407
108	436
108	466
108	651
108	722
108	843
108	902
109	116
109	144
109	147
109	265
109	284
109	308
109	336
109	462
109	508
109	602
109	626
109	746
109	987
110	114
110	147
110	155
110	235
110	291
110	362
110	520
110	534
110	590
111	159
111	231
111	246
111	461
111	502
111	595
111	601
111	677
111	741
112	113
112	154
112	161
112	181
112	225
112	235
112	245
112	253
112	514
112	559
112	576
112	593
112	595
113	149
113	197
113	295
113	332
113	842
113	962
114	180
114	239
114	326
114	543
114	590
114	619
114	785
114	809
114	876
115	127
115	203
115	286
115	312
115	328
115	344
115	460
115	461
115	520
115	920
115	959
116	142
116	153
116	200
116	266
116	436
116	602
116	748
116	897
116	966
117	173
117	238
117	332
117	602
117	648
117	666
117	701
117	763
117	771
117	875
118	123
118	271
118	298
118	322
118	328
118	353
118	390
118	497
118	523
118	743
118	782
119	249
119	371
119	394
119	612
119	800
119	880
119	900
120	166
120	240
120	304
120	319
120	478
120	496
120	798
120	804
121	172
121	184
121	193
121	323
121	342
121	457
121	567
121	624
121	636
121	665
121	746
122	123
122	126
122	232
122	271
122	440
122	613
122	780
122	820
122	908
122	964
123	164
123	313
123	353
123	400
123	425
123	526
123	596
123	601
123	828
124	237
124	270
124	411
124	454
124	472
124	685
124	743
124	803
125	138
125	262
125	299
125	347
125	385
125	490
125	641
125	864
126	254
126	271
126	433
126	601
126	635
126	707
126	768
126	866
126	889
127	175
127	222
127	233
127	258
127	344
127	415
127	484
127	520
127	761
127	805
127	906
128	175
128	258
128	321
128	421
128	450
128	671
128	843
128	898
128	940
129	133
129	180
129	221
129	278
129	345
129	365
129	511
129	531
129	555
129	1000
130	142
130	147
130	272
130	281
130	336
130	419
130	483
130	586
130	843
130	875
130	924
130	960
130	966
131	155
131	169
131	225
131	246
131	512
131	532
131	600
131	637
131	716
132	183
132	184
132	442
132	567
132	667
132	703
132	746
132	756
132	856
132	914
133	161
133	179
133	183
133	232
133	343
133	348
133	402
133	521
134	207
134	293
134	404
134	501
134	535
134	620
134	857
134	893
134	984
135	179
135	191
135	268
135	354
135	485
135	509
135	615
135	814
135	837
135	890
136	169
136	182
136	193
136	201
136	240
136	541
136	559
136	588
136	777
136	957
137	152
137	164
137	192
137	248
137	263
137	359
137	521
137	614
138	246
138	273
138	369
138	415
138	607
139	215
139	221
139	455
139	481
139	518
139	609
139	662
139	803
139	903
140	226
140	327
140	406
140	409
140	483
140	674
140	832
140	944
141	164
141	192
141	199
141	254
141	296
141	353
141	366
141	444
141	445
141	609
141	982
142	143
142	147
142	179
142	281
142	407
142	419
142	638
142	902
142	946
143	160
143	236
143	443
143	457
143	465
143	644
143	761
143	811
144	156
144	274
144	324
144	393
144	463
144	476
144	584
145	254
145	304
145	408
145	493
145	568
145	635
145	695
145	782
145	908
146	149
146	178
146	242
146	389
146	507
146	552
146	734
146	846
146	980
147	189
147	412
147	466
147	681
147	722
147	902
147	934
147	953
148	207
148	324
148	344
148	535
148	632
148	648
148	683
148	760
148	865
149	178
149	470
149	564
149	592
149	657
149	799
149	842
149	929
149	977
150	259
150	268
150	385
150	447
150	507
150	514
150	545
150	643
150	951
150	958
151	255
151	270
151	299
151	314
151	379
151	449
151	491
151	907
152	293
152	310
152	427
152	692
152	794
152	923
152	997
153	388
153	398
153	419
153	562
153	651
153	832
153	897
153	905
153	987
154	255
154	314
154	341
154	367
154	640
154	760
154	937
155	328
155	362
155	492
155	881
155	985
156	207
156	213
156	357
156	565
156	786
156	790
156	806
156	829
157	239
157	322
157	403
157	611
157	632
157	730
157	833
157	890
157	976
158	168
158	257
158	365
158	432
158	606
158	662
158	839
158	893
158	913
158	961
158	996
159	217
159	228
159	345
159	371
159	466
159	595
159	635
160	348
160	376
160	584
160	685
160	865
160	877
160	972
160	988
161	170
161	204
161	382
161	434
161	455
161	712
161	719
162	214
162	418
162	535
162	622
162	680
162	732
162	928
163	190
163	305
163	387
163	435
163	710
163	793
163	813
164	322
164	390
164	443
164	497
164	650
164	714
164	738
165	179
165	239
165	268
165	272
165	316
165	420
165	563
165	566
165	615
165	730
166	180
166	212
166	352
166	388
166	405
166	537
167	200
167	261
167	335
167	355
167	401
167	554
167	587
167	726
167	823
168	364
168	409
168	644
168	952
168	961
168	999
169	205
169	497
169	543
169	683
169	761
170	201
170	252
170	361
170	426
170	559
170	677
171	177
171	180
171	198
171	256
171	363
171	401
171	888
171	914
171	943
172	194
172	236
172	267
172	550
172	636
172	772
172	810
172	900
172	953
172	992
173	225
173	606
173	666
173	672
173	683
173	896
174	260
174	373
174	474
174	491
174	578
174	658
174	725
174	930
175	189
175	211
175	222
175	286
175	312
175	494
175	652
176	213
176	324
176	379
176	399
176	437
176	614
176	672
176	736
176	862
177	212
177	438
177	446
177	585
177	732
177	860
178	190
178	245
178	295
178	655
178	703
179	280
179	589
179	610
179	632
179	951
180	350
180	426
180	652
180	985
181	223
181	229
181	244
181	343
181	346
181	815
181	835
182	319
182	358
182	402
182	485
182	508
182	594
182	679
182	792
183	333
183	442
183	447
183	746
183	841
183	887
184	206
184	267
184	323
184	523
184	638
184	641
184	667
184	887
185	189
185	221
185	265
185	390
185	422
185	432
185	526
185	980
186	227
186	290
186	326
186	427
186	529
186	608
186	943
187	191
187	317
187	467
187	631
187	661
187	884
188	268
188	420
188	527
188	562
188	791
188	837
188	992
189	392
189	400
189	805
189	812
189	949
190	311
190	346
190	397
190	638
190	715
190	717
190	770
191	237
191	385
191	459
191	786
191	859
191	886
192	303
192	359
192	380
192	495
192	765
192	778
193	414
193	550
193	772
193	914
194	241
194	325
194	447
194	457
194	519
194	636
194	637
194	854
194	856
194	887
195	339
195	538
195	629
196	323
196	447
196	478
196	495
196	519
196	549
196	708
196	922
196	957
197	241
197	250
197	295
197	581
197	592
197	610
197	711
197	796
198	280
198	296
198	390
198	497
198	601
198	889
198	964
199	294
199	388
199	392
199	680
199	829
200	215
200	441
200	505
200	524
200	976
200	986
201	307
201	496
201	860
202	263
202	345
202	380
202	569
202	840
203	220
203	224
203	249
203	288
203	417
203	886
203	961
204	309
204	440
204	479
204	670
204	714
204	848
205	366
205	377
205	390
205	493
205	596
205	813
205	930
206	217
206	337
206	342
206	640
206	725
207	250
207	565
207	709
207	747
207	763
208	236
208	267
208	281
208	386
208	442
208	645
208	836
208	938
209	223
209	227
209	318
209	649
209	721
209	948
209	991
210	298
210	362
210	494
210	544
210	864
210	865
211	221
211	383
211	587
211	664
211	936
211	948
211	967
211	993
212	306
212	329
212	395
212	853
212	968
213	437
213	458
213	760
213	858
214	370
214	395
214	425
214	445
214	895
215	408
215	472
215	599
215	720
216	285
216	290
216	398
216	427
216	608
217	295
217	384
217	612
217	880
217	898
218	257
218	315
218	355
218	423
218	594
218	729
218	933
219	240
219	258
219	419
219	559
219	597
219	879
219	956
220	253
220	257
220	318
220	364
220	444
221	261
221	274
221	401
222	312
222	603
222	919
223	301
223	382
223	413
223	432
223	495
223	649
223	788
224	243
224	287
224	409
224	540
225	232
225	267
225	349
225	607
225	631
226	337
226	379
226	556
227	229
227	244
227	302
227	788
227	806
228	475
228	720
228	800
228	953
228	979
229	286
229	302
229	417
229	647
229	864
229	867
229	991
230	367
230	436
230	483
230	663
230	901
231	371
231	528
231	551
231	653
232	309
232	347
232	446
232	863
233	272
233	300
233	639
233	864
233	884
233	918
234	299
234	309
234	446
234	812
235	492
235	544
235	589
235	774
236	241
236	327
236	333
236	708
236	739
236	869
237	522
237	571
237	748
237	913
238	274
238	393
238	437
238	598
238	710
238	865
238	995
239	259
239	280
239	448
239	664
239	668
240	718
240	751
240	767
240	852
241	333
241	550
241	739
241	938
242	282
242	285
242	373
242	699
242	742
242	758
243	257
243	318
243	423
243	719
243	955
243	997
244	272
244	288
244	300
244	355
244	578
244	787
245	453
245	878
245	975
246	506
246	553
246	554
246	851
247	480
247	486
247	534
247	542
247	691
247	764
248	428
248	639
248	669
248	675
248	680
248	823
249	253
249	275
249	288
249	315
249	457
249	952
250	433
250	769
250	828
250	942
251	268
251	280
251	416
251	448
251	473
251	778
251	973
252	253
252	412
252	536
252	539
252	718
252	783
253	288
253	347
254	443
254	497
254	607
254	899
254	970
255	269
255	327
255	376
255	570
255	800
256	262
256	490
256	522
256	532
256	747
256	773
257	313
257	391
257	456
257	582
257	606
258	312
258	400
258	525
258	625
259	317
259	416
259	471
259	559
259	661
259	886
259	961
260	377
260	422
260	427
260	747
260	793
261	617
261	756
261	989
262	273
262	481
262	918
263	331
263	572
263	573
264	277
264	293
264	584
264	728
264	739
264	857
264	896
265	450
265	528
265	658
265	665
265	755
265	922
266	284
266	336
266	750
266	987
267	320
267	323
267	442
267	926
268	325
268	571
268	958
269	433
269	501
269	691
270	294
270	491
270	512
270	598
270	674
271	443
271	781
271	889
271	994
272	510
272	599
272	712
272	844
273	275
273	604
273	670
273	811
274	356
274	393
274	688
274	760
274	829
274	857
275	633
275	801
275	847
276	280
276	420
276	467
276	572
276	833
277	279
277	407
277	915
277	968
277	977
278	423
278	566
278	622
278	728
278	958
279	428
279	540
279	605
279	977
280	282
281	284
281	336
281	622
281	646
281	987
282	373
282	422
282	475
282	517
282	524
283	409
283	504
283	552
283	583
283	824
283	883
284	388
284	508
284	515
284	830
284	934
285	316
285	442
285	514
285	602
285	763
286	312
286	494
286	502
286	603
286	919
287	320
287	431
287	583
287	784
287	796
287	834
288	661
288	751
288	952
289	768
289	821
289	824
289	852
289	965
290	300
290	474
290	475
290	555
290	967
291	341
291	600
291	963
292	449
292	453
292	482
292	531
293	476
293	688
293	744
294	332
294	687
294	762
294	994
295	308
295	389
295	867
295	939
296	332
296	497
296	568
296	775
296	944
297	433
297	487
297	735
297	795
297	909
298	420
298	753
298	780
298	944
299	337
299	446
300	618
300	721
300	943
301	318
301	431
301	482
301	606
301	795
302	382
302	417
302	572
302	649
302	933
303	527
303	579
303	673
303	794
303	809
304	425
304	493
304	534
304	743
304	813
304	981
305	313
305	355
305	435
305	842
306	356
306	357
306	396
306	488
306	846
307	361
307	493
307	584
307	879
308	407
308	419
308	484
308	545
308	602
309	506
309	659
309	808
310	503
310	597
310	776
310	948
311	360
311	754
311	781
311	870
312	477
313	353
313	493
313	676
314	323
314	623
314	855
314	937
315	423
315	533
315	588
315	621
315	965
316	403
316	427
316	670
317	342
317	486
317	593
317	713
317	731
318	819
318	997
319	804
320	588
320	783
320	798
320	888
321	344
321	352
321	617
321	619
321	752
322	353
322	590
322	695
322	828
323	414
323	668
323	782
324	565
324	621
324	666
324	995
325	364
325	525
325	797
326	410
326	689
326	793
326	868
326	907
327	469
327	625
327	733
327	971
328	363
328	705
329	639
329	740
329	990
330	451
330	459
330	777
331	339
331	383
331	943
332	500
332	541
332	592
333	797
333	817
333	914
334	381
334	397
334	434
334	560
334	662
334	853
335	635
335	719
336	454
336	466
336	602
336	820
337	349
337	506
337	553
337	653
337	872
338	543
338	876
339	372
339	397
339	675
340	370
340	418
340	551
340	669
340	958
341	470
341	548
341	791
341	911
342	405
342	608
342	640
342	815
342	905
343	446
343	481
343	577
343	638
343	644
344	352
344	371
345	584
345	950
345	978
346	348
346	510
346	733
346	788
346	844
346	884
347	554
347	631
347	810
348	463
348	558
348	684
348	727
348	950
349	481
349	716
349	839
350	426
350	480
350	526
350	723
350	774
351	381
351	428
351	465
351	482
351	636
351	902
352	592
352	689
352	704
352	805
353	650
354	387
354	403
354	562
354	761
354	890
355	725
356	476
356	683
356	693
356	911
357	610
357	660
357	766
357	971
358	533
358	588
358	755
358	804
359	380
359	494
359	631
360	754
360	765
360	792
360	799
360	883
361	879
361	932
362	477
362	777
363	409
363	482
363	694
363	817
364	744
364	931
365	531
365	616
365	621
366	377
366	488
366	568
366	753
367	379
367	451
367	909
367	971
368	420
368	562
368	954
368	974
368	992
369	413
369	536
369	547
369	607
369	848
370	800
370	927
371	441
372	443
372	885
372	908
372	985
373	490
373	742
374	378
374	385
374	464
374	696
374	802
374	833
374	891
375	534
375	876
375	933
375	997
376	438
376	537
376	657
377	665
377	768
378	468
378	486
378	566
378	840
378	890
379	832
379	935
380	654
381	463
381	505
381	859
382	616
382	618
383	779
384	441
384	789
384	979
385	449
385	589
385	713
386	741
386	851
386	969
387	404
387	467
387	473
387	643
388	484
388	626
389	678
389	711
389	848
391	434
391	465
393	688
393	958
394	598
394	822
394	953
394	975
395	753
395	807
396	472
396	483
396	570
396	630
397	479
397	799
397	849
397	955
398	658
398	851
398	939
399	452
399	476
399	480
399	488
400	603
401	662
401	936
402	412
403	643
403	979
404	439
404	463
404	627
404	701
404	709
405	435
405	492
405	702
406	660
406	873
407	946
407	966
408	447
408	613
408	794
410	555
410	724
411	433
411	454
411	527
411	674
411	786
412	616
412	932
413	565
413	725
413	798
414	567
414	645
414	794
415	506
415	998
416	464
416	527
416	632
417	647
417	759
418	529
418	612
418	740
419	626
419	701
420	465
420	778
421	452
421	771
421	893
422	758
422	824
422	939
423	552
424	490
424	705
424	757
424	892
425	444
425	507
426	523
426	809
427	868
428	549
428	826
428	977
429	473
429	583
429	892
430	451
430	860
430	882
431	453
431	873
431	892
431	999
432	647
432	815
432	862
433	874
434	530
434	589
434	655
434	904
435	710
435	711
436	646
436	678
436	758
437	819
437	834
438	870
439	458
439	623
439	625
439	727
440	706
440	773
441	880
441	972
442	457
442	707
443	498
444	591
444	780
444	982
445	910
446	498
446	554
447	693
448	458
448	915
449	791
449	855
450	699
450	812
451	585
451	660
451	807
452	642
452	734
453	839
454	470
454	729
454	942
455	495
456	563
456	777
456	838
457	817
458	995
459	503
459	593
459	654
460	494
460	852
460	940
461	528
461	656
461	867
462	556
462	620
462	627
462	657
462	976
463	821
463	904
464	849
464	901
465	640
465	676
465	788
466	508
466	675
466	946
467	799
467	826
468	476
468	488
468	627
468	893
469	472
469	855
469	884
469	935
469	976
470	487
470	728
470	912
471	501
471	593
471	982
472	618
472	762
473	509
473	593
473	888
474	524
474	658
474	663
474	943
475	930
476	488
477	733
477	785
478	810
478	914
478	922
479	495
479	526
479	767
480	741
480	764
481	581
481	995
483	546
484	681
484	934
485	831
485	893
485	960
486	713
486	837
486	841
487	548
487	664
487	874
488	821
488	877
489	928
489	950
490	554
490	825
491	850
492	634
492	731
493	902
493	970
494	752
495	729
496	508
496	723
496	957
497	644
498	670
498	998
499	597
499	645
499	692
500	571
500	697
500	818
501	656
501	762
502	612
502	916
503	542
503	643
503	857
504	552
504	618
504	931
505	634
505	985
506	640
507	711
508	905
509	556
510	814
510	835
510	918
511	719
511	754
511	861
511	863
513	531
514	630
514	654
515	532
515	998
516	541
516	577
516	783
516	875
516	883
517	930
517	963
518	642
518	756
519	703
519	780
519	973
520	898
521	929
522	545
522	643
523	690
523	833
524	555
524	557
524	608
525	906
528	591
528	692
529	633
530	726
530	948
530	993
532	587
532	986
533	587
533	808
533	921
535	558
536	714
537	564
537	710
538	609
538	633
538	981
539	896
539	950
539	956
541	734
541	736
541	854
542	907
543	686
544	691
544	743
544	785
545	628
545	802
546	682
546	855
546	917
547	686
547	749
548	827
548	994
549	784
551	575
551	585
551	962
553	725
553	773
553	872
554	742
555	658
555	793
556	682
556	687
556	822
557	575
557	868
557	939
558	810
559	677
560	881
560	983
561	838
561	990
562	611
563	639
563	923
564	734
564	770
565	862
565	911
566	573
567	645
567	688
567	876
568	616
568	970
569	648
569	673
569	830
569	916
570	901
570	1000
571	802
571	849
573	654
573	770
574	684
574	790
574	996
575	814
575	847
576	634
576	692
576	830
577	835
578	599
578	649
579	740
579	871
580	700
580	713
580	823
581	818
581	883
581	934
582	750
582	923
582	933
584	768
585	784
586	646
586	690
586	869
586	924
586	966
587	891
589	611
589	826
590	972
591	856
592	759
594	815
594	921
595	816
595	998
598	660
598	711
598	814
599	618
600	741
601	613
601	813
603	764
603	940
604	808
604	878
604	921
605	882
605	896
605	945
606	706
606	878
610	851
611	697
612	656
613	899
614	916
615	661
615	732
615	779
617	949
617	974
619	894
619	985
620	653
620	790
620	988
622	681
622	690
622	843
623	644
623	726
623	862
624	633
626	659
626	924
627	629
627	771
628	853
628	882
629	824
630	881
630	909
630	983
631	641
631	747
632	773
633	853
634	881
635	743
635	964
636	724
636	819
637	866
640	938
641	716
642	687
642	865
644	921
645	778
645	836
646	678
646	745
646	924
647	712
647	955
647	991
648	877
648	978
649	732
650	738
650	861
650	889
651	682
651	690
651	905
652	774
653	967
654	765
655	717
655	736
657	702
657	964
658	878
659	787
660	663
661	705
663	766
663	873
663	900
664	756
667	917
668	775
668	810
669	826
669	927
671	748
671	807
671	966
672	683
672	949
673	929
675	886
676	981
677	906
678	722
678	843
679	808
679	932
680	941
681	853
682	827
682	850
684	838
685	701
685	806
686	984
693	739
693	854
693	973
694	974
695	874
695	944
695	982
696	829
696	862
696	896
696	995
697	859
697	951
698	738
698	797
698	831
698	939
700	965
700	994
702	867
702	875
703	841
704	812
708	938
709	877
710	717
712	864
714	737
714	825
715	770
715	818
716	737
716	872
720	789
721	759
722	857
722	960
723	809
723	876
726	965
728	873
729	935
730	762
731	745
731	989
732	941
733	804
733	924
734	870
735	783
736	846
736	983
737	887
738	780
738	970
739	841
742	930
744	911
748	888
749	767
749	798
749	957
750	892
750	975
751	988
753	766
753	885
754	968
755	956
756	936
757	832
757	996
758	931
765	776
767	967
769	802
769	908
770	796
771	811
771	904
772	947
774	984
775	820
775	828
778	849
781	870
782	982
786	904
786	911
787	1000
789	913
790	903
790	978
791	860
792	980
793	919
795	976
797	907
801	990
803	925
805	906
807	954
811	926
816	1000
817	819
817	917
818	941
820	908
822	912
825	848
826	888
827	912
829	949
836	932
836	973
838	910
840	886
842	867
844	991
845	871
850	945
855	942
858	923
858	977
861	870
861	871
863	910
866	872
866	885
866	889
869	875
878	921
881	895
891	903
897	960
899	952
899	964
906	974
913	979
920	974
927	946
927	947
928	941
928	990
935	994
969	999
975	996
978	988
983	984
989	1000
