1	11
1	12
1	24
1	41
1	50
1	51
1	53
1	55
1	57
1	74
1	75
1	78
1	91
1	93
1	131
1	139
1	181
1	194
1	200
1	207
1	245
1	254
1	259
1	288
1	313
1	326
1	364
1	376
1	387
1	398
1	436
1	454
1	455
1	460
1	499
1	504
1	547
1	556
1	576
1	610
1	627
1	629
1	731
1	764
1	827
1	898
1	953
1	957
1	963
1	965
2	5
2	8
2	10
2	12
2	13
2	16
2	17
2	21
2	27
2	34
2	53
2	71
2	73
2	77
2	79
2	82
2	103
2	105
2	128
2	137
2	146
2	150
2	175
2	252
2	315
2	404
2	447
2	461
2	479
2	533
2	575
2	586
2	624
2	645
2	647
2	690
2	698
2	788
2	855
2	875
2	892
2	934
2	947
2	952
2	964
2	977
3	7
3	9
3	40
3	61
3	77
3	86
3	109
3	132
3	150
3	159
3	171
3	191
3	203
3	209
3	215
3	226
3	229
3	257
3	285
3	286
3	335
3	339
3	387
3	410
3	472
3	479
3	485
3	545
3	615
3	646
3	677
3	679
3	729
3	757
3	783
3	786
3	794
3	797
3	820
3	875
3	876
3	881
3	965
3	980
4	10
4	15
4	28
4	53
4	54
4	72
4	75
4	91
4	118
4	131
4	144
4	173
4	207
4	217
4	236
4	238
4	240
4	272
4	275
4	331
4	334
4	369
4	370
4	442
4	443
4	473
4	488
4	508
4	514
4	523
4	524
4	528
4	546
4	574
4	588
4	592
4	658
4	689
4	690
4	818
4	893
4	929
4	974
4	984
5	13
5	14
5	17
5	21
5	24
5	28
5	37
5	76
5	83
5	96
5	105
5	112
5	127
5	158
5	164
5	168
5	177
5	206
5	222
5	236
5	248
5	287
5	289
5	315
5	459
5	554
5	575
5	581
5	683
5	686
5	693
5	708
5	730
5	784
5	812
5	847
5	876
5	901
5	916
5	921
5	934
6	10
6	13
6	17
6	18
6	23
6	37
6	87
6	89
6	136
6	146
6	154
6	179
6	195
6	197
6	204
6	209
6	212
6	224
6	231
6	232
6	334
6	402
6	423
6	463
6	480
6	494
6	496
6	499
6	512
6	520
6	617
6	639
6	683
6	762
6	892
6	941
6	958
6	968
6	977
6	992
6	999
7	13
7	18
7	23
7	38
7	43
7	64
7	81
7	119
7	123
7	126
7	163
7	173
7	182
7	202
7	318
7	332
7	353
7	394
7	408
7	436
7	445
7	452
7	468
7	506
7	560
7	570
7	598
7	608
7	648
7	675
7	682
7	702
7	707
7	775
7	817
7	906
7	909
7	947
7	1000
8	37
8	43
8	56
8	62
8	108
8	137
8	139
8	148
8	184
8	213
8	215
8	239
8	251
8	256
8	261
8	267
8	285
8	330
8	338
8	418
8	505
8	519
8	602
8	614
8	623
8	650
8	682
8	720
8	756
8	825
8	874
8	886
8	897
8	906
8	915
8	945
8	949
9	21
9	29
9	32
9	33
9	49
9	59
9	97
9	113
9	116
9	128
9	145
9	192
9	201
9	219
9	239
9	282
9	321
9	329
9	366
9	458
9	500
9	504
9	505
9	580
9	582
9	601
9	602
9	632
9	717
9	742
9	808
9	812
9	839
9	840
9	874
9	937
9	945
10	57
10	80
10	90
10	110
10	112
10	121
10	143
10	152
10	186
10	196
10	222
10	310
10	319
10	363
10	367
10	378
10	393
10	414
10	424
10	441
10	515
10	523
10	524
10	581
10	592
10	595
10	602
10	801
10	824
10	826
10	864
10	926
10	973
10	975
11	30
11	35
11	57
11	69
11	71
11	74
11	110
11	129
11	133
11	138
11	140
11	162
11	182
11	198
11	212
11	291
11	303
11	345
11	385
11	393
11	425
11	507
11	533
11	597
11	647
11	711
11	713
11	716
11	789
11	798
11	806
11	815
11	922
11	984
12	27
12	53
12	70
12	75
12	82
12	91
12	136
12	204
12	226
12	245
12	263
12	325
12	331
12	342
12	343
12	346
12	350
12	373
12	398
12	439
12	472
12	476
12	493
12	636
12	641
12	655
12	765
12	898
12	902
12	949
12	957
13	17
13	21
13	73
13	75
13	76
13	84
13	105
13	106
13	125
13	165
13	172
13	208
13	317
13	318
13	427
13	515
13	554
13	586
13	601
13	767
13	784
13	785
13	793
13	870
13	886
13	950
13	977
14	43
14	76
14	85
14	92
14	104
14	137
14	139
14	158
14	165
14	225
14	235
14	251
14	266
14	270
14	278
14	288
14	405
14	407
14	470
14	623
14	660
14	678
14	756
14	788
14	802
14	804
14	848
14	897
14	906
14	965
15	16
15	23
15	24
15	39
15	68
15	92
15	95
15	132
15	160
15	174
15	229
15	237
15	274
15	278
15	288
15	320
15	376
15	404
15	457
15	640
15	685
15	708
15	731
15	741
15	778
15	787
15	822
15	846
15	914
15	926
16	23
16	26
16	28
16	36
16	39
16	46
16	58
16	65
16	85
16	129
16	144
16	170
16	208
16	209
16	274
16	288
16	324
16	328
16	451
16	522
16	574
16	706
16	710
16	778
16	925
16	946
16	958
17	20
17	71
17	73
17	102
17	105
17	171
17	179
17	240
17	297
17	318
17	370
17	377
17	398
17	476
17	481
17	552
17	573
17	641
17	643
17	868
17	901
17	927
17	950
17	969
18	21
18	27
18	38
18	47
18	60
18	78
18	90
18	101
18	114
18	116
18	117
18	124
18	138
18	265
18	280
18	346
18	365
18	426
18	468
18	516
18	533
18	547
18	759
18	794
18	910
19	47
19	54
19	57
19	89
19	97
19	141
19	168
19	170
19	200
19	218
19	290
19	296
19	309
19	310
19	360
19	382
19	448
19	507
19	519
19	605
19	682
19	703
19	746
19	762
19	766
19	880
19	943
20	31
20	45
20	48
20	106
20	124
20	223
20	226
20	262
20	284
20	306
20	326
20	344
20	381
20	411
20	416
20	467
20	480
20	600
20	601
20	622
20	668
20	669
20	712
20	730
20	870
21	37
21	60
21	71
21	96
21	138
21	149
21	168
21	205
21	206
21	318
21	386
21	444
21	456
21	574
21	586
21	596
21	727
21	782
21	868
21	952
21	969
22	35
22	74
22	95
22	134
22	155
22	160
22	161
22	175
22	278
22	284
22	292
22	349
22	354
22	374
22	421
22	430
22	438
22	455
22	513
22	522
22	536
22	556
22	632
22	646
22	666
22	770
23	39
23	54
23	65
23	90
23	91
23	104
23	157
23	174
23	201
23	274
23	276
23	324
23	395
23	511
23	559
23	613
23	723
23	763
23	778
23	822
23	882
23	959
24	48
24	58
24	67
24	100
24	113
24	127
24	156
24	159
24	213
24	260
24	301
24	313
24	373
24	448
24	468
24	488
24	684
24	699
24	832
24	911
24	924
24	981
24	993
25	27
25	38
25	50
25	118
25	152
25	170
25	179
25	199
25	200
25	205
25	207
25	225
25	248
25	253
25	365
25	383
25	429
25	440
25	453
25	598
25	634
25	775
25	784
25	838
25	866
25	954
26	30
26	39
26	57
26	87
26	150
26	160
26	173
26	175
26	185
26	298
26	376
26	449
26	478
26	491
26	566
26	572
26	651
26	669
26	701
26	708
26	766
26	887
26	900
26	925
26	991
27	60
27	101
27	202
27	203
27	211
27	253
27	258
27	314
27	346
27	351
27	436
27	462
27	498
27	506
27	640
27	705
27	715
27	829
27	838
27	869
28	36
28	54
28	72
28	124
28	125
28	144
28	156
28	249
28	319
28	339
28	364
28	370
28	431
28	529
28	588
28	621
28	792
28	893
28	934
28	944
28	957
29	39
29	132
29	210
29	321
29	337
29	371
29	375
29	407
29	423
29	429
29	440
29	550
29	582
29	607
29	657
29	680
29	717
29	742
29	815
29	897
29	956
29	957
30	34
30	46
30	85
30	90
30	164
30	169
30	174
30	190
30	243
30	250
30	271
30	288
30	311
30	312
30	318
30	423
30	751
30	758
30	773
30	782
30	895
31	73
31	106
31	124
31	136
31	226
31	229
31	248
31	262
31	272
31	344
31	357
31	398
31	416
31	464
31	724
31	739
31	783
31	800
31	842
31	851
31	870
31	954
32	79
32	87
32	107
32	128
32	164
32	230
32	255
32	282
32	350
32	470
32	516
32	543
32	701
32	757
32	773
32	805
32	852
32	868
32	881
32	913
32	919
32	936
33	35
33	40
33	86
33	117
33	134
33	155
33	176
33	198
33	220
33	233
33	305
33	340
33	349
33	363
33	396
33	403
33	426
33	478
33	652
33	740
33	798
33	962
34	41
34	42
34	85
34	90
34	94
34	120
34	154
34	170
34	187
34	229
34	271
34	296
34	313
34	324
34	327
34	411
34	473
34	696
34	895
34	987
35	98
35	117
35	140
35	141
35	155
35	198
35	203
35	222
35	283
35	349
35	354
35	362
35	413
35	479
35	588
35	666
35	718
35	720
35	973
36	54
36	68
36	76
36	171
36	197
36	275
36	289
36	325
36	329
36	370
36	417
36	462
36	508
36	529
36	664
36	689
36	760
36	828
36	861
36	987
37	105
37	119
37	123
37	126
37	168
37	201
37	208
37	222
37	252
37	292
37	418
37	607
37	610
37	623
37	707
37	789
37	901
37	921
38	47
38	48
38	61
38	74
38	111
38	118
38	147
38	196
38	202
38	261
38	278
38	313
38	406
38	472
38	662
38	702
38	703
38	883
38	917
39	61
39	129
39	174
39	192
39	210
39	214
39	298
39	414
39	491
39	509
39	521
39	640
39	712
39	786
39	918
39	925
40	61
40	109
40	166
40	183
40	194
40	209
40	395
40	403
40	424
40	539
40	562
40	563
40	589
40	603
40	721
40	734
40	796
40	810
40	921
41	50
41	91
41	124
41	263
41	342
41	363
41	399
41	483
41	558
41	616
41	660
41	740
41	743
41	750
41	772
41	801
41	831
41	884
41	939
42	55
42	77
42	96
42	140
42	145
42	167
42	194
42	199
42	209
42	323
42	347
42	434
42	516
42	636
42	728
42	779
42	786
42	875
42	923
42	980
43	62
43	88
43	89
43	115
43	213
43	239
43	317
43	353
43	405
43	553
43	619
43	620
43	633
43	647
43	707
43	769
43	826
43	998
44	77
44	93
44	102
44	103
44	118
44	139
44	208
44	246
44	329
44	340
44	370
44	384
44	557
44	566
44	579
44	587
44	751
44	767
44	844
44	912
44	922
45	50
45	63
45	89
45	99
45	108
45	111
45	113
45	146
45	151
45	171
45	237
45	262
45	276
45	326
45	570
45	617
45	694
45	892
45	896
46	120
46	161
46	164
46	187
46	242
46	284
46	338
46	345
46	401
46	489
46	593
46	658
46	761
46	793
46	893
46	895
46	914
46	971
47	60
47	101
47	116
47	122
47	159
47	183
47	193
47	231
47	390
47	408
47	619
47	634
47	650
47	700
47	805
47	819
47	902
48	58
48	67
48	100
48	172
48	192
48	302
48	373
48	421
48	448
48	486
48	535
48	625
48	930
48	951
48	966
48	968
48	993
49	83
49	100
49	113
49	114
49	137
49	407
49	429
49	453
49	458
49	525
49	543
49	550
49	590
49	634
49	742
49	805
49	837
49	917
49	989
50	51
50	70
50	99
50	105
50	123
50	154
50	183
50	214
50	259
50	463
50	521
50	598
50	675
50	764
50	999
51	74
51	78
51	220
51	235
51	245
51	283
51	325
51	326
51	389
51	563
51	590
51	755
51	843
51	885
51	937
51	944
51	996
52	63
52	79
52	181
52	204
52	227
52	241
52	243
52	246
52	278
52	280
52	368
52	424
52	466
52	635
52	678
52	695
52	796
52	887
52	960
53	56
53	75
53	244
53	245
53	452
53	470
53	556
53	576
53	605
53	618
53	627
53	629
53	946
53	996
53	997
54	86
54	196
54	206
54	240
54	244
54	262
54	443
54	530
54	546
54	556
54	621
54	754
54	760
54	785
55	69
55	98
55	109
55	125
55	133
55	138
55	147
55	152
55	168
55	393
55	397
55	520
55	548
55	561
55	673
55	884
55	971
56	103
56	122
56	148
56	152
56	189
56	195
56	246
56	353
56	444
56	486
56	534
56	821
56	851
56	854
56	888
56	908
57	97
57	99
57	197
57	290
57	293
57	304
57	367
57	494
57	539
57	572
57	664
57	776
57	938
58	67
58	105
58	107
58	130
58	156
58	239
58	306
58	373
58	409
58	467
58	490
58	589
58	709
58	859
58	899
59	97
59	110
59	125
59	150
59	158
59	170
59	175
59	186
59	322
59	401
59	414
59	441
59	705
59	780
59	823
59	852
59	933
60	63
60	174
60	221
60	277
60	317
60	349
60	415
60	514
60	545
60	555
60	692
60	759
60	838
60	846
61	77
61	86
61	145
61	167
61	242
61	268
61	281
61	298
61	688
61	749
61	810
61	829
61	841
61	953
62	92
62	112
62	122
62	165
62	205
62	256
62	265
62	270
62	334
62	344
62	526
62	738
62	811
62	872
62	886
62	974
63	104
63	153
63	158
63	166
63	251
63	348
63	392
63	396
63	433
63	536
63	578
63	607
63	781
63	863
63	959
64	72
64	106
64	263
64	272
64	278
64	338
64	365
64	374
64	389
64	435
64	542
64	676
64	680
64	824
64	846
64	904
64	936
65	84
65	150
65	199
65	214
65	324
65	341
65	371
65	457
65	478
65	592
65	674
65	698
65	780
65	926
65	946
65	975
66	69
66	98
66	103
66	140
66	182
66	279
66	295
66	303
66	339
66	485
66	507
66	597
66	711
66	723
66	877
66	878
66	916
67	100
67	130
67	192
67	290
67	327
67	354
67	397
67	498
67	614
67	652
67	684
67	903
67	909
67	918
68	194
68	219
68	227
68	280
68	292
68	392
68	402
68	442
68	472
68	480
68	584
68	615
68	763
68	960
68	961
69	88
69	95
69	133
69	138
69	182
69	246
69	286
69	393
69	550
69	568
69	745
69	863
69	952
69	977
70	78
70	87
70	91
70	102
70	136
70	195
70	266
70	283
70	286
70	357
70	359
70	577
70	604
70	750
70	754
71	123
71	133
71	184
71	222
71	318
71	358
71	376
71	440
71	447
71	581
71	847
71	921
71	934
72	133
72	178
72	186
72	217
72	244
72	284
72	511
72	594
72	638
72	693
72	731
72	754
72	832
72	937
73	76
73	80
73	82
73	113
73	123
73	145
73	188
73	227
73	289
73	328
73	399
73	404
74	75
74	114
74	254
74	286
74	295
74	355
74	368
74	655
74	765
74	830
74	970
75	124
75	281
75	399
75	480
75	483
75	628
75	745
75	765
75	939
75	985
76	105
76	218
76	222
76	241
76	404
76	413
76	462
76	473
76	569
76	628
76	933
77	95
77	167
77	223
77	391
77	477
77	712
77	768
77	818
77	820
77	903
77	928
78	108
78	145
78	149
78	210
78	286
78	342
78	558
78	576
78	624
78	650
78	772
78	930
79	153
79	166
79	181
79	216
79	277
79	285
79	292
79	337
79	383
79	427
79	555
79	584
79	697
80	107
80	195
80	269
80	333
80	367
80	424
80	483
80	502
80	520
80	539
80	587
80	764
80	915
80	1000
81	98
81	104
81	145
81	302
81	345
81	352
81	372
81	377
81	397
81	533
81	548
81	674
81	922
81	935
81	967
82	96
82	149
82	186
82	200
82	203
82	217
82	252
82	449
82	607
82	747
82	855
82	952
82	978
83	132
83	230
83	242
83	251
83	282
83	294
83	300
83	398
83	504
83	505
83	518
83	586
83	632
83	821
84	88
84	109
84	150
84	157
84	166
84	173
84	175
84	201
84	224
84	243
84	324
84	431
84	582
84	887
85	94
85	173
85	187
85	198
85	267
85	311
85	316
85	376
85	521
85	733
85	809
85	882
86	139
86	214
86	241
86	306
86	478
86	521
86	529
86	545
86	662
86	712
86	920
86	941
87	89
87	97
87	135
87	216
87	227
87	295
87	299
87	316
87	334
87	494
87	683
87	774
88	139
88	158
88	216
88	222
88	256
88	270
88	307
88	583
88	602
88	719
88	849
88	865
88	867
89	111
89	151
89	180
89	182
89	422
89	435
89	520
89	578
89	580
89	591
89	750
90	266
90	272
90	284
90	312
90	369
90	381
90	538
90	607
90	609
90	844
90	870
91	155
91	254
91	297
91	359
91	439
91	523
91	677
91	874
91	880
92	139
92	158
92	161
92	165
92	267
92	268
92	502
92	525
92	538
92	551
92	565
92	940
93	110
93	185
93	238
93	275
93	321
93	369
93	396
93	421
93	528
93	658
93	726
93	760
93	807
94	120
94	225
94	239
94	328
94	338
94	363
94	400
94	428
94	552
94	593
94	678
94	714
94	795
95	141
95	154
95	161
95	305
95	351
95	374
95	411
95	514
95	672
95	852
95	912
96	208
96	314
96	412
96	414
96	486
96	554
96	628
96	641
96	938
96	969
96	990
97	106
97	110
97	310
97	367
97	487
97	502
97	645
97	686
97	733
97	814
98	103
98	119
98	138
98	220
98	397
98	415
98	416
98	642
98	798
98	929
98	984
99	100
99	106
99	236
99	242
99	417
99	418
99	456
99	457
99	577
99	599
99	608
99	927
100	127
100	166
100	327
100	434
100	458
100	573
100	620
100	631
100	771
100	968
101	119
101	149
101	190
101	201
101	378
101	412
101	426
101	484
101	489
101	606
101	899
101	910
102	103
102	115
102	117
102	121
102	169
102	308
102	339
102	350
102	561
102	578
102	653
102	673
103	122
103	177
103	309
103	653
103	661
103	734
103	761
103	786
103	845
104	132
104	135
104	175
104	193
104	195
104	215
104	221
104	240
104	328
104	424
104	671
105	221
105	228
105	373
105	432
105	578
105	596
105	651
106	266
106	284
106	306
106	344
106	382
106	436
106	459
106	464
106	667
107	200
107	340
107	414
107	428
107	718
107	780
107	825
107	864
107	879
107	940
107	943
108	142
108	249
108	276
108	356
108	407
108	412
108	596
108	613
108	663
108	936
108	992
109	181
109	281
109	410
109	460
109	529
109	605
109	680
109	734
109	736
109	962
110	186
110	263
110	359
110	391
110	434
110	512
110	780
110	954
110	1000
111	135
111	181
111	235
111	464
111	517
111	552
111	587
111	740
111	747
111	849
111	958
112	156
112	185
112	265
112	272
112	284
112	285
112	291
112	577
112	793
112	872
112	873
113	120
113	298
113	300
113	329
113	543
113	580
113	666
113	680
113	693
114	126
114	163
114	189
114	193
114	223
114	291
114	351
114	385
114	459
114	507
114	692
115	183
115	282
115	283
115	398
115	477
115	579
115	676
115	681
115	691
115	761
115	819
115	857
116	153
116	193
116	202
116	220
116	360
116	469
116	498
116	510
116	722
116	784
116	988
117	155
117	183
117	192
117	233
117	261
117	318
117	320
117	386
117	496
117	908
118	228
118	246
118	247
118	264
118	375
118	422
118	469
118	527
118	786
118	878
119	126
119	150
119	159
119	303
119	420
119	489
119	590
119	638
119	754
119	871
120	158
120	171
120	211
120	253
120	456
120	475
120	593
120	704
120	891
121	131
121	144
121	152
121	196
121	199
121	293
121	505
121	687
121	726
121	814
121	858
122	148
122	168
122	485
122	536
122	661
122	751
122	856
122	961
122	988
123	185
123	252
123	272
123	306
123	317
123	339
123	595
123	860
124	125
124	262
124	266
124	341
124	343
124	667
124	853
125	133
125	464
125	519
125	568
125	599
125	674
125	819
125	929
126	149
126	194
126	221
126	239
126	309
126	419
126	493
126	514
126	927
127	136
127	156
127	354
127	373
127	431
127	438
127	482
127	563
127	686
127	909
128	158
128	194
128	300
128	366
128	426
128	453
128	747
128	913
128	914
128	936
129	142
129	201
129	274
129	317
129	457
129	461
129	491
129	669
129	710
129	909
130	268
130	301
130	315
130	606
130	633
130	652
130	709
130	821
130	936
130	967
130	984
131	154
131	245
131	263
131	269
131	286
131	392
131	454
131	655
131	853
131	898
132	144
132	190
132	230
132	300
132	366
132	375
132	453
132	961
133	533
133	544
133	573
133	612
133	644
133	704
133	713
134	155
134	162
134	177
134	333
134	364
134	465
134	626
134	728
134	904
134	940
134	976
135	136
135	154
135	247
135	295
135	587
135	634
135	671
135	747
135	831
135	842
136	272
136	312
136	316
136	617
136	750
136	791
136	917
137	158
137	271
137	277
137	418
137	419
137	434
137	492
137	897
137	965
138	526
138	637
138	656
138	747
138	805
138	806
138	978
139	202
139	270
139	511
139	679
139	919
139	973
140	385
140	409
140	616
140	650
140	656
140	713
140	779
140	800
140	989
141	184
141	192
141	261
141	365
141	374
141	546
141	549
141	672
141	789
141	791
142	212
142	235
142	276
142	332
142	358
142	437
142	466
142	480
142	499
142	677
142	891
143	196
143	197
143	257
143	307
143	347
143	484
143	577
143	746
143	756
143	862
143	907
143	931
144	236
144	287
144	333
144	402
144	488
144	490
144	722
145	159
145	167
145	241
145	331
145	347
145	517
146	235
146	370
146	515
146	537
146	565
146	732
146	813
146	826
146	992
147	207
147	211
147	304
147	367
147	583
147	679
147	702
147	802
147	830
147	939
148	210
148	234
148	463
148	481
148	557
148	603
148	681
148	724
148	972
149	157
149	317
149	535
149	607
149	668
149	788
149	812
150	160
150	175
150	514
150	527
150	983
151	198
151	212
151	227
151	270
151	400
151	469
151	501
151	561
151	831
151	894
152	228
152	257
152	269
152	333
152	776
152	790
152	808
153	177
153	180
153	243
153	320
153	675
153	695
153	782
153	885
153	938
154	230
154	247
154	294
154	302
154	475
154	752
155	167
155	223
155	387
155	427
155	638
155	811
156	205
156	287
156	432
156	448
156	466
156	563
156	797
157	160
157	222
157	275
157	431
157	522
157	526
157	686
157	860
157	975
158	184
158	270
158	565
159	414
159	478
159	508
159	523
159	562
159	749
159	862
160	163
160	175
160	376
160	557
160	683
160	808
160	937
161	188
161	198
161	280
161	348
161	354
161	496
161	687
161	975
162	305
162	354
162	362
162	453
162	465
162	494
162	550
162	675
162	852
162	908
163	207
163	277
163	347
163	452
163	590
163	634
163	702
163	803
163	955
164	211
164	302
164	304
164	338
164	392
164	433
164	717
164	982
165	239
165	325
165	497
165	633
165	691
165	751
165	837
165	965
166	258
166	360
166	392
166	584
166	628
166	809
166	847
167	223
167	229
167	241
167	479
167	537
167	634
167	842
168	331
168	447
168	517
168	715
168	742
168	966
169	311
169	320
169	363
169	498
169	648
169	656
169	782
169	863
169	914
169	982
170	414
170	606
170	635
170	794
170	814
170	972
171	275
171	392
171	532
171	544
171	626
171	778
172	177
172	216
172	353
172	384
172	425
172	492
172	541
172	661
172	717
173	190
173	636
173	644
173	675
173	767
173	949
174	201
174	288
174	401
174	585
174	597
174	865
175	225
175	691
175	836
176	197
176	220
176	316
176	358
176	421
176	450
176	600
176	626
176	646
176	940
177	234
177	287
177	354
177	361
177	365
177	579
178	184
178	240
178	364
178	451
178	638
178	664
178	693
178	756
178	867
178	935
179	218
179	362
179	440
179	451
179	526
179	590
179	606
179	650
180	235
180	254
180	299
180	454
180	570
180	667
180	671
180	694
180	833
181	258
181	361
181	517
181	564
181	593
181	885
182	405
182	409
182	531
182	569
182	677
182	939
183	306
183	425
183	444
183	535
183	807
183	889
184	250
184	492
184	647
184	695
184	700
184	979
185	474
185	490
185	501
185	558
185	966
185	995
185	997
186	293
186	424
186	483
186	541
186	572
186	657
187	214
187	366
187	394
187	476
187	491
187	692
187	752
187	872
188	421
188	477
188	501
188	550
188	553
188	608
188	615
188	930
188	962
189	221
189	236
189	291
189	308
189	368
189	479
189	586
189	727
189	777
190	282
190	296
190	624
190	670
190	672
190	673
190	891
191	207
191	335
191	347
191	579
191	639
191	736
191	741
191	783
191	920
191	995
192	327
192	330
192	696
192	699
192	845
193	221
193	304
193	314
193	413
193	529
193	687
193	838
194	209
194	293
194	451
194	603
194	873
195	212
195	231
195	384
195	389
195	403
195	450
196	200
196	454
196	465
196	581
196	715
196	726
197	328
197	370
197	417
197	785
197	850
197	910
198	251
198	387
198	431
198	546
198	722
199	225
199	512
199	843
199	883
199	904
199	938
199	973
200	269
200	290
200	310
200	351
200	918
201	298
201	474
201	625
201	738
202	234
202	490
202	527
202	583
202	659
202	752
203	274
203	383
203	445
203	471
203	612
203	988
204	287
204	357
204	359
204	463
204	483
204	796
204	976
205	267
205	308
205	553
205	614
205	704
205	973
206	280
206	632
206	671
206	811
206	871
206	877
206	896
207	229
207	430
207	867
207	883
208	343
208	770
208	866
208	888
208	916
209	241
209	606
209	644
209	699
210	375
210	390
210	394
210	425
210	719
210	738
211	525
211	760
211	765
211	891
211	948
211	982
212	232
212	295
212	480
212	646
212	884
213	264
213	330
213	579
213	619
213	630
213	816
213	979
214	342
214	368
214	548
214	970
214	999
215	221
215	377
215	623
215	663
215	671
215	813
215	981
216	227
216	475
216	611
216	635
216	770
216	907
217	244
217	256
217	293
217	487
217	637
217	792
217	928
218	253
218	308
218	388
218	408
218	436
218	474
218	716
219	255
219	404
219	429
219	446
219	453
219	460
219	504
219	879
220	261
220	379
220	419
220	444
220	626
221	231
221	988
221	995
222	377
222	575
223	302
223	307
223	466
223	678
223	728
224	235
224	295
224	319
224	412
224	435
224	537
224	663
224	835
225	431
225	481
225	551
225	741
225	913
226	268
226	286
226	386
226	511
226	641
226	924
227	442
227	472
227	636
227	770
228	236
228	389
228	528
228	658
228	826
228	926
228	929
229	307
229	371
229	589
229	669
230	258
230	505
230	511
230	643
230	808
230	840
231	232
231	356
231	367
231	402
231	610
231	955
232	299
232	322
232	460
232	500
232	898
232	960
232	967
233	259
233	303
233	362
233	571
233	904
233	961
233	979
233	985
234	345
234	497
234	527
234	542
234	658
234	804
234	822
235	243
235	334
235	358
236	324
236	554
236	722
236	974
237	281
237	310
237	335
237	422
237	425
237	589
237	667
237	928
238	413
238	601
238	676
238	730
238	769
238	839
238	915
238	944
239	614
239	678
239	761
240	249
240	343
240	488
240	490
240	804
241	335
241	495
241	617
241	790
242	302
242	336
242	346
242	355
242	534
242	787
243	472
243	604
243	611
243	942
243	960
244	275
244	473
244	485
244	508
244	685
244	925
245	518
245	536
245	744
245	884
246	382
246	527
246	638
246	858
247	292
247	296
247	298
247	313
247	525
247	735
248	258
248	390
248	493
248	595
248	707
248	830
249	252
249	372
249	487
249	490
249	516
249	574
250	266
250	284
250	381
250	479
250	622
250	645
250	714
251	256
251	279
251	719
251	811
252	573
252	588
252	676
252	861
253	295
253	452
253	612
253	613
253	668
254	325
254	395
254	532
254	755
254	908
255	394
255	440
255	500
255	680
255	723
255	874
255	901
256	315
256	330
256	391
256	479
257	269
257	358
257	484
257	662
257	880
257	986
258	292
258	348
258	504
258	815
259	454
259	509
259	576
259	755
259	927
259	975
260	267
260	301
260	327
260	622
260	743
260	764
260	795
260	833
261	264
261	305
261	355
261	904
262	268
262	378
262	564
262	835
263	275
263	331
263	357
263	416
264	287
264	450
264	471
264	799
264	889
264	998
265	337
265	515
265	645
265	666
265	943
265	992
266	435
266	801
266	869
267	405
267	523
267	563
267	950
268	362
268	416
268	641
268	774
269	271
269	614
269	709
269	931
270	510
270	569
270	864
271	294
271	311
271	344
271	363
271	979
272	669
272	853
273	341
273	352
273	386
273	420
273	527
273	534
273	561
273	854
273	932
274	413
274	540
274	545
274	630
275	293
275	592
276	503
276	652
276	685
276	852
276	941
277	380
277	654
277	744
277	771
277	902
278	321
278	600
278	854
279	301
279	356
279	437
279	450
279	552
279	706
279	749
280	348
280	360
280	445
280	584
281	359
281	693
281	752
281	777
281	920
282	295
282	429
282	528
282	1000
283	326
283	374
283	452
283	762
283	963
284	505
285	337
285	349
285	629
285	716
285	839
286	368
286	604
287	382
287	403
287	763
288	394
288	627
288	708
289	303
289	317
289	517
289	833
289	955
289	966
290	333
290	397
290	615
290	647
290	682
291	393
291	470
291	839
291	899
291	915
292	294
292	737
292	803
293	305
293	577
293	994
294	343
294	363
294	525
294	736
294	752
295	549
296	313
296	406
296	430
296	531
296	981
297	355
297	399
297	483
297	582
297	771
297	843
297	879
298	328
298	710
298	890
299	500
299	587
299	659
299	692
299	850
299	876
300	321
300	553
300	872
300	945
300	951
301	323
301	353
301	749
301	903
301	911
302	338
302	523
303	567
303	570
303	779
304	514
304	792
304	871
304	955
305	536
305	564
305	719
306	596
306	877
307	361
307	365
307	562
307	923
308	420
308	482
308	554
308	832
309	432
309	484
309	700
309	781
309	907
310	350
310	449
310	746
311	346
311	369
311	442
311	475
312	434
312	622
312	870
312	890
312	991
313	322
313	837
314	426
314	627
314	703
314	817
314	917
315	566
315	812
315	868
315	883
316	437
316	455
316	558
316	791
317	980
318	328
319	358
319	435
319	795
319	867
319	924
320	343
320	379
320	421
320	718
321	582
321	751
321	977
322	327
322	572
322	836
322	844
322	848
323	421
323	461
323	649
323	684
323	686
323	705
324	512
324	800
325	388
325	460
325	735
326	665
326	714
326	996
327	511
327	960
328	983
329	407
329	459
329	550
329	665
330	493
330	825
330	837
330	940
331	359
331	399
331	506
332	351
332	543
332	583
332	662
332	799
332	816
333	359
333	499
333	948
334	395
334	462
334	861
335	490
335	502
335	609
335	735
336	355
336	428
336	554
336	636
336	674
336	714
336	800
337	540
337	700
337	907
337	932
338	380
338	655
339	528
339	674
339	868
340	370
340	382
340	430
340	541
340	691
341	416
341	534
341	684
341	730
341	739
342	544
342	630
342	683
342	856
343	439
343	865
344	356
344	641
344	828
345	393
345	488
345	531
345	790
346	690
346	733
346	905
347	529
347	745
347	756
348	419
348	437
348	885
348	889
349	438
349	482
349	566
350	375
350	379
350	403
350	834
351	444
351	748
351	860
352	531
352	569
352	694
352	725
352	798
352	888
353	382
353	471
353	513
354	834
355	620
355	701
355	714
356	386
356	393
356	570
356	896
357	417
357	510
357	600
357	748
358	565
358	857
359	399
360	361
360	396
360	618
360	813
361	524
361	537
361	697
361	706
362	513
362	857
362	994
363	836
364	417
364	530
364	688
364	860
365	516
365	995
366	427
366	575
366	580
366	949
367	378
367	560
368	446
368	618
368	755
369	372
369	463
369	639
369	664
371	390
371	422
371	649
371	679
371	794
372	417
372	488
372	681
372	699
372	853
373	931
373	953
374	463
374	513
374	883
375	542
375	834
375	879
376	449
376	551
377	408
377	461
377	651
377	886
378	519
378	560
378	661
378	776
379	438
379	466
379	917
379	930
379	954
380	493
380	661
380	871
380	885
380	955
381	472
381	725
381	774
381	942
382	783
383	396
383	506
383	697
383	999
384	503
384	534
384	809
384	878
385	665
385	674
385	850
385	969
386	487
386	518
387	625
387	713
387	987
388	392
388	474
388	620
388	735
388	814
389	547
389	663
389	732
390	447
390	489
390	978
391	428
391	593
391	595
391	898
394	395
394	538
395	729
395	820
396	530
396	737
397	604
397	985
398	556
399	805
400	506
400	690
400	715
400	758
400	971
401	409
401	444
401	519
401	994
402	408
402	543
402	813
403	477
403	631
404	672
404	733
405	623
405	666
405	760
406	642
406	776
406	779
406	872
406	905
407	440
407	532
408	648
408	650
409	410
409	673
409	806
410	422
410	459
410	539
410	721
411	532
411	670
411	688
411	823
412	558
412	571
412	842
413	428
413	859
415	520
415	637
415	667
415	712
415	935
416	649
417	557
418	670
418	681
418	738
419	426
419	468
419	982
420	598
420	668
420	820
420	895
422	876
422	892
423	443
423	624
423	795
423	912
424	841
425	507
425	659
426	433
427	573
427	933
427	964
428	591
428	915
429	632
429	743
430	588
430	643
430	869
431	457
432	436
432	555
432	942
432	953
433	547
433	564
433	635
433	697
434	648
434	878
435	449
435	571
436	620
437	500
437	749
437	863
438	608
438	671
438	685
439	698
439	792
439	835
439	963
440	913
441	449
441	465
441	499
441	728
441	912
442	763
442	938
442	959
443	567
443	813
443	944
443	998
444	535
445	462
445	530
445	687
445	817
446	469
446	739
446	800
446	824
446	964
447	493
447	832
447	842
448	758
448	953
448	981
449	453
450	570
450	571
450	943
451	625
451	854
451	909
452	470
452	715
454	745
454	937
455	495
455	510
455	884
455	999
456	474
456	624
456	702
456	949
457	538
457	711
458	471
458	477
458	773
458	941
459	461
459	753
460	627
460	660
461	830
461	856
462	734
462	920
463	818
464	622
464	820
464	827
465	502
465	675
465	848
466	679
466	721
467	534
467	616
467	696
467	832
467	861
468	761
468	932
468	952
469	477
469	556
469	807
470	500
470	643
471	518
471	542
471	589
473	537
473	826
473	974
474	475
474	829
475	521
475	522
476	651
476	672
476	748
476	916
477	932
478	615
478	881
480	732
481	509
481	723
481	972
481	983
482	606
482	727
482	833
482	890
483	548
484	512
484	633
484	983
485	695
485	929
485	935
486	609
486	657
486	771
486	997
487	524
487	713
487	828
488	522
489	491
489	604
489	642
491	562
491	610
492	696
492	710
492	802
492	825
493	502
494	745
494	956
495	725
495	836
495	905
495	945
496	559
496	783
496	930
497	639
497	663
497	892
497	928
498	721
498	846
499	835
501	513
501	596
501	857
503	519
503	762
503	867
503	888
504	515
506	662
507	789
508	792
508	986
509	613
509	753
509	916
510	576
510	646
512	972
513	616
515	595
516	866
517	860
518	724
518	856
520	585
521	914
522	882
524	530
524	959
525	969
526	589
526	708
528	665
530	815
531	597
531	631
532	604
532	996
533	732
535	566
535	587
536	740
537	894
538	600
538	924
539	810
539	814
540	731
540	757
540	879
540	994
541	665
541	724
541	976
542	841
542	865
543	591
544	625
544	903
544	911
545	616
545	873
546	639
546	912
547	616
547	771
548	654
548	922
549	552
549	590
549	894
549	910
551	561
551	806
551	926
552	986
553	906
553	928
555	649
555	696
555	816
557	622
557	659
558	927
559	613
559	816
559	846
559	859
560	640
560	687
560	716
561	659
562	575
562	605
563	609
564	583
564	796
565	918
565	919
566	889
567	642
567	673
567	964
567	992
568	687
568	704
568	900
568	902
569	629
569	779
571	753
571	759
572	768
572	933
573	611
574	601
574	688
575	864
576	934
577	720
578	821
578	998
579	797
580	838
580	956
581	809
581	972
582	974
583	754
584	617
584	649
585	599
585	656
585	692
585	798
586	594
588	689
591	701
591	799
591	803
592	601
592	850
593	897
594	651
594	688
594	726
594	785
595	873
596	941
597	654
597	732
598	857
598	893
599	819
599	895
599	951
600	774
602	633
602	889
603	768
603	849
603	984
605	682
605	836
608	666
608	931
609	630
609	942
610	637
610	841
611	664
611	737
611	943
612	670
612	703
612	925
613	816
614	959
615	729
617	990
618	763
618	764
618	996
619	865
619	947
619	970
620	795
621	635
621	757
621	828
621	906
623	869
624	628
625	993
626	957
626	967
627	958
628	690
629	772
629	976
630	812
630	830
631	834
631	878
631	986
632	785
633	985
635	970
636	767
637	689
637	711
638	768
639	685
640	697
640	900
642	896
642	935
643	810
643	995
644	676
644	843
644	970
645	825
645	864
646	908
647	719
648	673
648	866
649	652
651	741
652	902
653	725
653	769
653	807
653	831
654	681
654	720
654	759
655	765
655	772
656	778
656	877
657	793
657	837
657	971
658	746
659	850
660	843
660	931
660	1000
661	794
662	978
663	799
664	886
665	962
667	924
668	744
668	802
669	844
670	823
670	948
672	718
676	862
677	721
677	810
678	738
679	877
680	728
681	851
682	776
683	706
684	834
684	882
685	956
686	989
688	932
689	894
689	988
690	847
691	775
691	998
692	899
694	848
694	950
695	727
698	703
698	947
699	722
700	729
701	744
704	896
705	910
705	923
706	801
707	777
709	956
709	989
710	768
711	777
716	720
717	780
718	887
723	946
724	743
725	737
726	839
727	746
729	759
730	971
731	774
733	758
734	845
735	858
736	827
736	900
737	891
739	787
739	880
740	987
741	787
742	945
743	859
744	856
748	753
748	979
750	894
753	888
755	829
757	808
758	922
762	982
766	822
766	823
766	840
767	901
769	855
769	862
770	787
772	997
773	840
773	921
775	806
775	817
777	963
781	791
781	815
781	993
782	983
784	994
788	845
788	905
789	828
790	847
790	985
791	849
793	823
796	809
797	933
797	964
799	866
801	824
802	919
803	882
803	978
804	854
804	990
807	942
811	919
817	968
818	939
818	997
819	893
821	851
822	991
824	890
827	845
827	907
829	905
831	958
833	951
835	920
840	871
841	848
844	991
849	986
851	913
853	944
855	903
855	950
858	918
858	948
859	967
861	980
862	875
863	874
869	976
873	876
875	899
880	948
881	962
881	990
887	911
890	991
900	923
911	951
923	980
946	989
947	987
954	961
963	981
966	990
968	993
