1	23
2	29
3	37
4	8
5	54
6	3
7	18
8	12
9	69
10	43
11	41
12	2
13	42
14	55
15	75
16	4
17	7
18	59
19	1
20	8
21	2
22	11
23	10
24	7
25	13
26	7
27	89
28	86
29	3
30	48
31	39
32	51
33	16
34	14
35	60
36	6
37	11
38	2
39	21
40	30
41	12
42	47
43	23
44	55
45	81
46	23
47	30
48	1
49	42
50	34
51	77
52	45
53	16
54	47
55	30
56	31
57	58
58	8
59	94
60	12
61	14
62	30
63	32
64	86
65	68
66	37
67	56
68	44
69	7
70	90
71	54
72	10
73	72
74	21
75	69
76	17
77	28
78	17
79	52
80	3
81	28
82	35
83	1
84	68
85	83
86	75
87	31
88	46
89	47
90	49
91	8
92	11
93	12
94	20
95	41
96	23
97	15
98	29
99	28
100	84
101	13
102	89
103	3
104	80
105	47
106	20
107	9
108	1
109	43
110	33
111	2
112	7
113	40
114	27
115	42
116	13
117	10
118	44
119	4
120	44
121	1
122	95
123	42
124	71
125	34
126	15
127	1
128	14
129	5
130	22
131	58
132	68
133	79
134	7
135	49
136	71
137	35
138	1
139	8
140	1
141	17
142	71
143	26
144	43
145	93
146	75
147	24
148	62
149	55
150	15
151	20
152	15
153	31
154	90
155	71
156	7
157	78
158	25
159	47
160	9
161	53
162	90
163	48
164	7
165	15
166	1
167	59
168	73
169	4
170	62
171	6
172	19
173	67
174	28
175	6
176	18
177	48
178	27
179	1
180	42
181	30
182	18
183	31
184	6
185	9
186	39
187	60
188	97
189	6
190	91
191	26
192	59
193	49
194	47
195	1
196	35
197	76
198	34
199	90
200	29
201	14
202	8
203	65
204	10
205	69
206	4
207	41
208	39
209	22
210	29
211	2
212	42
213	10
214	77
215	1
216	61
217	81
218	22
219	62
220	14
221	2
222	6
223	4
224	49
225	10
226	1
227	3
228	52
229	63
230	52
231	46
232	38
233	47
234	1
235	24
236	6
237	6
238	89
239	55
240	70
241	2
242	33
243	40
244	53
245	31
246	40
247	4
248	36
249	37
250	91
251	7
252	29
253	36
254	28
255	36
256	82
257	70
258	92
259	59
260	52
261	88
262	67
263	5
264	14
265	8
266	21
267	34
268	9
269	34
270	29
271	24
272	42
273	19
274	72
275	89
276	28
277	6
278	41
279	31
280	8
281	80
282	16
283	15
284	52
285	1
286	26
287	35
288	81
289	65
290	16
291	84
292	96
293	5
294	12
295	3
296	52
297	45
298	11
299	82
300	29
301	34
302	1
303	2
304	41
305	29
306	50
307	25
308	44
309	46
310	6
311	44
312	28
313	34
314	29
315	79
316	22
317	47
318	2
319	93
320	94
321	77
322	3
323	33
324	86
325	1
326	45
327	34
328	87
329	85
330	37
331	76
332	24
333	8
334	14
335	1
336	85
337	53
338	2
339	18
340	1
341	49
342	41
343	31
344	1
345	54
346	31
347	94
348	75
349	42
350	38
351	42
352	30
353	3
354	9
355	66
356	66
357	33
358	6
359	11
360	29
361	4
362	43
363	85
364	11
365	6
366	1
367	17
368	92
369	39
370	6
371	27
372	14
373	8
374	40
375	34
376	57
377	97
378	34
379	20
380	32
381	7
382	11
383	72
384	22
385	37
386	14
387	80
388	5
389	8
390	24
391	3
392	96
393	3
394	30
395	35
396	88
397	35
398	34
399	41
400	33
401	10
402	9
403	34
404	44
405	4
406	17
407	83
408	82
409	46
410	24
411	33
412	93
413	31
414	1
415	7
416	37
417	7
418	29
419	5
420	76
421	15
422	4
423	44
424	21
425	4
426	61
427	53
428	1
429	27
430	79
431	10
432	57
433	70
434	2
435	62
436	54
437	90
438	31
439	11
440	24
441	4
442	7
443	80
444	33
445	23
446	39
447	35
448	94
449	49
450	49
451	19
452	36
453	39
454	53
455	10
456	35
457	22
458	25
459	39
460	93
461	20
462	88
463	18
464	53
465	9
466	76
467	9
468	37
469	91
470	50
471	1
472	26
473	10
474	31
475	28
476	59
477	28
478	64
479	54
480	6
481	7
482	16
483	6
484	86
485	92
486	54
487	56
488	13
489	26
490	87
491	28
492	75
493	63
494	25
495	20
496	29
497	11
498	83
499	40
500	58
501	18
502	25
503	4
504	88
505	39
506	64
507	34
508	52
509	55
510	52
511	15
512	54
513	1
514	9
515	71
516	44
517	1
518	95
519	10
520	81
521	17
522	8
523	30
524	38
525	51
526	56
527	34
528	58
529	88
530	36
531	36
532	8
533	21
534	21
535	49
536	53
537	14
538	5
539	68
540	10
541	14
542	68
543	16
544	20
545	39
546	16
547	19
548	13
549	1
550	1
551	34
552	6
553	70
554	1
555	34
556	60
557	3
558	54
559	34
560	3
561	28
562	41
563	13
564	61
565	53
566	58
567	74
568	1
569	63
570	2
571	27
572	16
573	80
574	22
575	40
576	26
577	39
578	3
579	17
580	52
581	77
582	40
583	59
584	39
585	78
586	46
587	15
588	94
589	25
590	51
591	90
592	93
593	93
594	4
595	36
596	50
597	83
598	48
599	77
600	48
601	18
602	1
603	4
604	11
605	80
606	56
607	28
608	7
609	20
610	49
611	6
612	62
613	2
614	46
615	77
616	1
617	29
618	19
619	62
620	36
621	1
622	24
623	1
624	24
625	57
626	53
627	64
628	61
629	90
630	82
631	21
632	7
633	19
634	17
635	81
636	85
637	6
638	34
639	59
640	59
641	4
642	3
643	65
644	16
645	1
646	54
647	36
648	56
649	31
650	30
651	92
652	2
653	15
654	24
655	69
656	29
657	52
658	33
659	30
660	70
661	2
662	59
663	34
664	8
665	18
666	27
667	65
668	32
669	44
670	2
671	80
672	4
673	38
674	14
675	46
676	75
677	77
678	77
679	17
680	26
681	26
682	45
683	22
684	44
685	55
686	18
687	33
688	3
689	24
690	64
691	5
692	45
693	49
694	65
695	32
696	48
697	79
698	34
699	73
700	61
701	6
702	11
703	75
704	71
705	61
706	5
707	38
708	25
709	88
710	30
711	81
712	51
713	15
714	47
715	15
716	37
717	32
718	7
719	33
720	21
721	27
722	11
723	33
724	1
725	84
726	5
727	21
728	79
729	56
730	20
731	7
732	39
733	80
734	19
735	58
736	85
737	70
738	88
739	65
740	67
741	8
742	1
743	25
744	27
745	47
746	21
747	8
748	25
749	29
750	71
751	9
752	3
753	16
754	2
755	7
756	60
757	2
758	60
759	19
760	19
761	62
762	20
763	44
764	30
765	72
766	83
767	44
768	14
769	44
770	2
771	92
772	45
773	50
774	94
775	4
776	95
777	67
778	68
779	41
780	1
781	54
782	60
783	8
784	10
785	4
786	21
787	80
788	12
789	92
790	58
791	15
792	21
793	31
794	27
795	79
796	43
797	72
798	87
799	97
800	8
801	19
802	29
803	53
804	26
805	36
806	15
807	16
808	44
809	1
810	84
811	46
812	14
813	12
814	4
815	15
816	2
817	58
818	88
819	25
820	92
821	1
822	16
823	6
824	74
825	1
826	1
827	78
828	8
829	26
830	32
831	35
832	10
833	20
834	31
835	18
836	50
837	28
838	90
839	38
840	24
841	66
842	63
843	4
844	74
845	4
846	27
847	10
848	87
849	63
850	21
851	13
852	29
853	32
854	46
855	10
856	52
857	90
858	82
859	82
860	55
861	84
862	49
863	19
864	1
865	17
866	2
867	1
868	11
869	87
870	35
871	41
872	21
873	70
874	21
875	23
876	9
877	47
878	57
879	29
880	76
881	97
882	45
883	94
884	66
885	62
886	53
887	14
888	4
889	43
890	29
891	42
892	21
893	79
894	1
895	20
896	63
897	4
898	19
899	42
900	4
901	76
902	95
903	18
904	35
905	71
906	10
907	16
908	27
909	2
910	29
911	31
912	68
913	33
914	1
915	21
916	9
917	17
918	78
919	76
920	62
921	29
922	13
923	75
924	40
925	56
926	5
927	34
928	1
929	1
930	15
931	11
932	34
933	50
934	11
935	65
936	59
937	92
938	83
939	21
940	2
941	3
942	12
943	1
944	82
945	20
946	31
947	28
948	24
949	86
950	73
951	48
952	82
953	65
954	26
955	18
956	18
957	64
958	83
959	33
960	49
961	91
962	82
963	35
964	15
965	18
966	56
967	5
968	1
969	13
970	2
971	66
972	73
973	43
974	64
975	29
976	29
977	18
978	48
979	32
980	40
981	53
982	82
983	84
984	30
985	38
986	13
987	28
988	5
989	83
990	25
991	22
992	85
993	49
994	33
995	84
996	60
997	15
998	89
999	59
1000	46
1001	35
1002	57
1003	52
1004	22
1005	6
1006	35
1007	40
1008	18
1009	14
1010	74
1011	7
1012	9
1013	48
1014	10
1015	56
1016	23
1017	91
1018	69
1019	25
1020	5
1021	14
1022	71
1023	10
1024	1
1025	70
1026	23
1027	13
1028	16
1029	7
1030	61
1031	28
1032	51
1033	64
1034	85
1035	97
1036	28
1037	34
1038	3
1039	16
1040	37
1041	48
1042	76
1043	6
1044	2
1045	38
1046	27
1047	1
1048	7
1049	18
1050	86
1051	75
1052	2
1053	15
1054	28
1055	22
1056	83
1057	49
1058	90
1059	41
1060	20
1061	5
1062	70
1063	31
1064	1
1065	9
1066	20
1067	11
1068	92
1069	21
1070	84
1071	91
1072	11
1073	74
1074	65
1075	1
1076	35
1077	44
1078	45
1079	89
1080	21
1081	26
1082	6
1083	57
1084	37
1085	93
1086	18
1087	17
1088	23
1089	40
1090	56
1091	73
1092	1
1093	66
1094	89
1095	52
1096	31
1097	89
1098	37
1099	28
1100	51
1101	8
1102	67
1103	40
1104	34
1105	52
1106	4
1107	7
1108	74
1109	37
1110	74
1111	15
1112	21
1113	75
1114	14
1115	28
1116	13
1117	6
1118	21
1119	36
1120	12
1121	24
1122	71
1123	83
1124	17
1125	31
1126	50
1127	56
1128	76
1129	13
1130	27
1131	21
1132	23
1133	70
1134	85
1135	49
1136	20
1137	56
1138	75
1139	5
1140	37
1141	79
1142	31
1143	27
1144	8
1145	27
1146	49
1147	71
1148	77
1149	22
1150	64
1151	82
1152	31
1153	13
1154	88
1155	77
1156	78
1157	18
1158	24
1159	13
1160	7
1161	5
1162	1
1163	87
1164	10
1165	1
1166	30
1167	51
1168	91
1169	16
1170	14
1171	77
1172	3
1173	12
1174	8
1175	14
1176	18
1177	30
1178	51
1179	32
1180	72
1181	30
1182	12
1183	21
1184	25
1185	59
1186	79
1187	6
1188	21
1189	34
1190	1
1191	8
1192	91
1193	4
1194	46
1195	47
1196	44
1197	40
1198	82
1199	33
1200	47
1201	2
1202	8
1203	64
1204	55
1205	51
1206	82
1207	10
1208	23
1209	52
1210	40
1211	28
1212	25
1213	8
1214	88
1215	6
1216	73
1217	64
1218	94
1219	21
1220	50
1221	32
1222	19
1223	69
1224	75
1225	37
1226	45
1227	8
1228	2
1229	18
1230	23
1231	30
1232	6
1233	20
1234	39
1235	28
1236	28
1237	9
1238	8
1239	42
1240	72
1241	1
1242	73
1243	4
1244	89
1245	23
1246	27
1247	12
1248	13
1249	1
1250	69
1251	2
1252	7
1253	17
1254	41
1255	24
1256	15
1257	19
1258	21
1259	28
1260	10
1261	26
1262	29
1263	1
1264	10
1265	24
1266	93
1267	22
1268	45
1269	7
1270	61
1271	59
1272	21
1273	2
1274	20
1275	37
1276	33
1277	11
1278	97
1279	25
1280	74
1281	27
1282	48
1283	14
1284	12
1285	75
1286	3
1287	7
1288	9
1289	49
1290	49
1291	5
1292	10
1293	2
1294	24
1295	48
1296	8
1297	97
1298	78
1299	14
1300	88
1301	17
1302	22
1303	64
1304	10
1305	41
1306	40
1307	64
1308	81
1309	62
1310	21
1311	1
1312	11
1313	51
1314	57
1315	21
1316	29
1317	90
1318	25
1319	12
1320	11
1321	14
1322	43
1323	48
1324	40
1325	20
1326	57
1327	5
1328	41
1329	7
1330	10
1331	25
1332	2
1333	70
1334	72
1335	19
1336	12
1337	26
1338	6
1339	3
1340	29
1341	75
1342	7
1343	16
1344	75
1345	33
1346	91
1347	74
1348	24
1349	12
1350	25
1351	48
1352	59
1353	52
1354	1
1355	86
1356	45
1357	1
1358	63
1359	1
1360	19
1361	24
1362	63
1363	35
1364	15
1365	32
1366	70
1367	35
1368	58
1369	26
1370	16
1371	70
1372	1
1373	32
1374	34
1375	96
1376	1
1377	25
1378	61
1379	72
1380	17
1381	27
1382	14
1383	3
1384	92
1385	30
1386	85
1387	10
1388	1
1389	78
1390	62
1391	65
1392	35
1393	86
1394	18
1395	40
1396	11
1397	15
1398	19
1399	35
1400	74
1401	51
1402	22
1403	8
1404	6
1405	4
1406	7
1407	26
1408	96
1409	12
1410	89
1411	36
1412	12
1413	2
1414	92
1415	54
1416	4
1417	39
1418	12
1419	16
1420	83
1421	21
1422	8
1423	69
1424	90
1425	16
1426	5
1427	21
1428	3
1429	66
1430	56
1431	51
1432	1
1433	71
1434	21
1435	85
1436	85
1437	11
1438	93
1439	16
1440	68
1441	45
1442	20
1443	58
1444	71
1445	92
1446	2
1447	60
1448	32
1449	36
1450	92
1451	5
1452	93
1453	74
1454	7
1455	28
1456	1
1457	50
1458	12
1459	42
1460	17
1461	51
1462	41
1463	17
1464	4
1465	24
1466	81
1467	24
1468	5
1469	34
1470	6
1471	62
1472	11
1473	1
1474	18
1475	8
1476	27
1477	45
1478	13
1479	24
1480	12
1481	95
1482	1
1483	49
1484	65
1485	54
1486	21
1487	55
1488	42
1489	6
1490	48
1491	23
1492	36
1493	25
1494	31
1495	31
1496	17
1497	66
1498	4
1499	4
1500	7
1501	71
1502	57
1503	58
1504	23
1505	22
1506	24
1507	69
1508	18
1509	85
1510	24
1511	26
1512	10
1513	1
1514	44
1515	14
1516	47
1517	13
1518	32
1519	19
1520	72
1521	3
1522	41
1523	8
1524	53
1525	16
1526	8
1527	16
1528	33
1529	89
1530	1
1531	41
1532	21
1533	26
1534	5
1535	29
1536	5
1537	67
1538	10
1539	2
1540	47
1541	15
1542	31
1543	19
1544	5
1545	55
1546	4
1547	76
1548	30
1549	31
1550	46
1551	35
1552	93
1553	7
1554	96
1555	15
1556	9
1557	1
1558	89
1559	95
1560	2
1561	30
1562	15
1563	7
1564	9
1565	83
1566	61
1567	18
1568	79
1569	14
1570	20
1571	55
1572	16
1573	40
1574	50
1575	45
1576	15
1577	9
1578	42
1579	40
1580	14
1581	41
1582	18
1583	68
1584	50
1585	3
1586	39
1587	47
1588	96
1589	37
1590	1
1591	28
1592	60
1593	82
1594	33
1595	9
1596	53
1597	1
1598	4
1599	24
1600	27
1601	32
1602	81
1603	6
1604	1
1605	47
1606	1
1607	16
1608	16
1609	94
1610	10
1611	73
1612	53
1613	86
1614	18
1615	1
1616	39
1617	43
1618	16
1619	29
1620	36
1621	19
1622	16
1623	22
1624	27
1625	77
1626	9
1627	61
1628	85
1629	26
1630	1
1631	24
1632	59
1633	34
1634	38
1635	11
1636	4
1637	13
1638	6
1639	93
1640	24
1641	23
1642	16
1643	6
1644	8
1645	34
1646	77
1647	71
1648	9
1649	74
1650	33
1651	17
1652	5
1653	1
1654	27
1655	18
1656	31
1657	31
1658	2
1659	25
1660	12
1661	5
1662	20
1663	12
1664	1
1665	49
1666	67
1667	2
1668	11
1669	48
1670	69
1671	27
1672	22
1673	60
1674	7
1675	13
1676	22
1677	4
1678	30
1679	13
1680	32
1681	8
1682	43
1683	24
1684	9
1685	72
1686	27
1687	90
1688	1
1689	1
1690	26
1691	1
1692	29
1693	94
1694	15
1695	96
1696	4
1697	36
1698	13
1699	69
1700	1
1701	11
1702	7
1703	29
1704	29
1705	18
1706	69
1707	22
1708	37
1709	31
1710	3
1711	67
1712	1
1713	38
1714	70
1715	68
1716	63
1717	14
1718	88
1719	7
1720	97
1721	2
1722	51
1723	54
1724	32
1725	9
1726	23
1727	6
1728	36
1729	37
1730	78
1731	4
1732	39
1733	86
1734	6
1735	12
1736	27
1737	9
1738	31
1739	35
1740	41
1741	39
1742	47
1743	26
1744	84
1745	3
1746	95
1747	53
1748	2
1749	72
1750	54
1751	24
1752	21
1753	55
1754	27
1755	86
1756	15
1757	40
1758	83
1759	9
1760	77
1761	37
1762	22
1763	6
1764	84
1765	80
1766	42
1767	52
1768	35
1769	92
1770	56
1771	90
1772	74
1773	1
1774	1
1775	47
1776	59
1777	85
1778	81
1779	3
1780	10
1781	33
1782	1
1783	3
1784	11
1785	69
1786	10
1787	14
1788	10
1789	44
1790	6
1791	25
1792	80
1793	22
1794	21
1795	45
1796	7
1797	85
1798	39
1799	22
1800	45
1801	16
1802	2
1803	53
1804	59
1805	88
1806	15
1807	11
1808	61
1809	41
1810	2
1811	3
1812	94
1813	2
1814	3
1815	15
1816	47
1817	6
1818	84
1819	34
1820	43
1821	34
1822	77
1823	91
1824	17
1825	69
1826	36
1827	25
1828	61
1829	28
1830	71
1831	62
1832	4
1833	16
1834	25
1835	38
1836	86
1837	82
1838	33
1839	16
1840	67
1841	61
1842	6
1843	93
1844	87
1845	5
1846	12
1847	50
1848	35
1849	69
1850	33
1851	48
1852	77
1853	63
1854	34
1855	13
1856	35
1857	1
1858	87
1859	13
1860	28
1861	14
1862	16
1863	22
1864	5
1865	20
1866	1
1867	38
1868	22
1869	30
1870	8
1871	43
1872	34
1873	85
1874	21
1875	30
1876	72
1877	16
1878	36
1879	70
1880	25
1881	41
1882	39
1883	4
1884	34
1885	22
1886	34
1887	23
1888	3
1889	1
1890	39
1891	5
1892	43
1893	14
1894	29
1895	6
1896	24
1897	9
1898	35
1899	27
1900	53
1901	60
1902	80
1903	54
1904	4
1905	94
1906	23
1907	46
1908	51
1909	90
1910	24
1911	22
1912	62
1913	15
1914	2
1915	57
1916	43
1917	52
1918	26
1919	96
1920	14
1921	22
1922	42
1923	5
1924	48
1925	77
1926	83
1927	17
1928	95
1929	29
1930	1
1931	1
1932	34
1933	8
1934	61
1935	54
1936	7
1937	4
1938	24
1939	1
1940	23
1941	45
1942	12
1943	9
1944	55
1945	57
1946	84
1947	96
1948	9
1949	85
1950	2
1951	2
1952	26
1953	66
1954	41
1955	4
1956	40
1957	3
1958	13
1959	83
1960	41
1961	62
1962	45
1963	40
1964	11
1965	55
1966	6
1967	30
1968	78
1969	19
1970	15
1971	62
1972	4
1973	23
1974	1
1975	85
1976	4
1977	51
1978	90
1979	19
1980	41
1981	2
1982	9
1983	1
1984	77
1985	94
1986	67
1987	86
1988	91
1989	45
1990	51
1991	12
1992	12
1993	50
1994	82
1995	13
1996	11
1997	31
1998	7
1999	13
2000	1
2001	90
2002	40
2003	54
2004	32
2005	40
2006	69
2007	97
2008	9
2009	35
2010	84
2011	16
2012	17
2013	8
2014	23
2015	47
2016	65
2017	20
2018	29
2019	13
2020	78
2021	14
2022	2
2023	42
2024	86
2025	58
2026	22
2027	15
2028	31
2029	5
2030	52
2031	4
2032	63
2033	9
2034	6
2035	1
2036	41
2037	95
2038	2
2039	20
2040	13
2041	5
2042	10
2043	56
2044	15
2045	22
2046	51
2047	87
2048	70
2049	18
2050	6
2051	45
2052	64
2053	43
2054	86
2055	34
2056	53
2057	19
2058	44
2059	89
2060	48
2061	29
2062	26
2063	69
2064	48
2065	55
2066	28
2067	11
2068	57
2069	60
2070	7
2071	30
2072	63
2073	43
2074	76
2075	3
2076	35
2077	95
2078	1
2079	8
2080	39
2081	48
2082	71
2083	42
2084	4
2085	55
2086	55
2087	43
2088	31
2089	81
2090	2
2091	15
2092	84
2093	23
2094	29
2095	55
2096	16
2097	95
2098	44
2099	61
2100	23
2101	28
2102	51
2103	41
2104	85
2105	3
2106	44
2107	87
2108	89
2109	68
2110	58
2111	5
2112	35
2113	17
2114	57
2115	23
2116	24
2117	38
2118	33
2119	37
2120	7
2121	29
2122	6
2123	24
2124	3
2125	37
2126	35
2127	6
2128	94
2129	1
2130	10
2131	1
2132	43
2133	72
2134	64
2135	28
2136	11
2137	40
2138	2
2139	17
2140	28
2141	46
2142	31
2143	60
2144	52
2145	78
2146	69
2147	59
2148	8
2149	7
2150	6
2151	50
2152	31
2153	2
2154	12
2155	3
2156	30
2157	49
2158	40
2159	8
2160	6
2161	84
2162	14
2163	38
2164	48
2165	68
2166	72
2167	26
2168	18
2169	23
2170	14
2171	94
2172	13
2173	57
2174	20
2175	70
2176	11
2177	5
2178	71
2179	77
2180	70
2181	36
2182	11
2183	11
2184	94
2185	66
2186	19
2187	17
2188	53
2189	2
2190	29
2191	39
2192	27
2193	92
2194	87
2195	4
2196	87
2197	42
2198	14
2199	43
2200	9
2201	17
2202	27
2203	3
2204	10
2205	55
2206	1
2207	20
2208	4
2209	1
2210	85
2211	10
2212	2
2213	33
2214	15
2215	4
2216	47
2217	21
2218	77
2219	13
2220	11
2221	78
2222	27
2223	9
2224	54
2225	24
2226	21
2227	12
2228	77
2229	35
2230	4
2231	43
2232	9
2233	22
2234	1
2235	80
2236	59
2237	78
2238	21
2239	58
2240	20
2241	1
2242	94
2243	20
2244	63
2245	10
2246	95
2247	11
2248	51
2249	16
2250	9
2251	79
2252	55
2253	38
2254	65
2255	88
2256	38
2257	12
2258	10
2259	9
2260	14
2261	14
2262	61
2263	84
2264	54
2265	51
2266	75
2267	6
2268	52
2269	83
2270	78
2271	6
2272	81
2273	68
2274	29
2275	76
2276	48
2277	17
2278	26
2279	4
2280	31
2281	40
2282	66
2283	22
2284	7
2285	2
2286	85
2287	16
2288	11
2289	80
2290	35
2291	18
2292	16
2293	76
2294	31
2295	8
2296	85
2297	8
2298	14
2299	35
2300	9
2301	5
2302	4
2303	74
2304	1
2305	74
2306	2
2307	12
2308	78
2309	13
2310	11
2311	25
2312	65
2313	13
2314	18
2315	83
2316	9
2317	4
2318	36
2319	9
2320	97
2321	49
2322	41
2323	37
2324	32
2325	42
2326	1
2327	64
2328	86
2329	15
2330	14
2331	14
2332	64
2333	54
2334	27
2335	6
2336	66
2337	12
2338	5
2339	64
2340	49
2341	3
2342	42
2343	71
2344	4
2345	2
2346	6
2347	94
2348	20
2349	46
2350	14
2351	61
2352	17
2353	10
2354	1
2355	53
2356	1
2357	51
2358	21
2359	39
2360	13
2361	26
2362	30
2363	53
2364	56
2365	3
2366	24
2367	31
2368	31
2369	85
2370	86
2371	52
2372	78
2373	27
2374	43
2375	91
2376	29
2377	38
2378	38
2379	62
2380	64
2381	2
2382	88
2383	31
2384	24
2385	12
2386	42
2387	1
2388	1
2389	19
2390	20
2391	4
2392	3
2393	90
2394	9
2395	93
2396	79
2397	4
2398	87
2399	47
2400	19
2401	3
2402	1
2403	21
2404	38
2405	21
2406	8
2407	3
2408	12
2409	17
2410	4
2411	95
2412	45
2413	29
2414	35
2415	41
2416	1
2417	6
2418	76
2419	40
2420	11
2421	30
2422	16
2423	26
2424	3
2425	33
2426	16
2427	72
2428	56
2429	7
2430	74
2431	15
2432	16
2433	77
2434	3
2435	67
2436	58
2437	20
2438	90
2439	30
2440	9
2441	11
2442	14
2443	93
2444	11
2445	1
2446	31
2447	1
2448	24
2449	45
2450	21
2451	56
2452	57
2453	74
2454	19
2455	25
2456	17
2457	14
2458	66
2459	40
2460	1
2461	11
2462	91
2463	18
2464	66
2465	43
2466	20
2467	17
2468	86
2469	3
2470	29
2471	27
2472	12
2473	31
2474	94
2475	49
2476	33
2477	76
2478	74
2479	38
2480	8
2481	49
2482	2
2483	32
2484	48
2485	90
2486	88
2487	35
2488	61
2489	27
2490	52
2491	13
2492	77
2493	8
2494	73
2495	95
2496	75
2497	55
2498	47
2499	12
2500	5
2501	8
2502	41
2503	53
2504	22
2505	52
2506	23
2507	48
2508	63
2509	6
2510	3
2511	8
2512	7
2513	25
2514	5
2515	10
2516	1
2517	15
2518	54
2519	90
2520	6
2521	88
2522	37
2523	9
2524	2
2525	15
2526	14
2527	66
2528	1
2529	55
2530	54
2531	21
2532	59
2533	9
2534	9
2535	7
2536	34
2537	14
2538	24
2539	57
2540	34
2541	15
2542	61
2543	1
2544	83
2545	6
2546	35
2547	85
2548	14
2549	45
2550	31
2551	16
2552	6
2553	1
2554	10
2555	42
2556	20
2557	19
2558	17
2559	64
2560	52
2561	37
2562	94
2563	20
2564	75
2565	33
2566	25
2567	27
2568	32
2569	75
2570	16
2571	46
2572	41
2573	75
2574	30
2575	22
2576	30
2577	42
2578	19
2579	90
2580	46
2581	32
2582	12
2583	56
2584	3
2585	10
2586	18
2587	89
2588	56
2589	5
2590	78
2591	37
2592	84
2593	95
2594	63
2595	9
2596	16
2597	65
2598	43
2599	10
2600	6
2601	75
2602	53
2603	6
2604	6
2605	65
2606	86
2607	26
2608	2
2609	25
2610	45
2611	90
2612	2
2613	1
2614	58
2615	47
2616	60
2617	24
2618	49
2619	2
2620	26
2621	66
2622	71
2623	51
2624	48
2625	19
2626	23
2627	1
2628	88
2629	48
2630	8
2631	10
2632	38
2633	11
2634	5
2635	7
2636	7
2637	20
2638	23
2639	89
2640	13
2641	51
2642	12
2643	28
2644	59
2645	23
2646	2
2647	41
2648	63
2649	45
2650	8
2651	76
2652	77
2653	15
2654	37
2655	32
2656	8
2657	17
2658	75
2659	12
2660	22
2661	32
2662	74
2663	33
2664	9
2665	50
2666	66
2667	1
2668	40
2669	1
2670	71
2671	18
2672	32
2673	63
2674	2
2675	15
2676	5
2677	79
2678	6
2679	1
2680	18
2681	32
2682	45
2683	2
2684	6
2685	65
2686	26
2687	91
2688	48
2689	1
2690	97
2691	61
2692	3
2693	14
2694	1
2695	28
2696	14
2697	23
2698	20
2699	35
2700	69
2701	24
2702	21
2703	34
2704	4
2705	10
2706	8
2707	57
2708	71
2709	13
2710	90
2711	78
2712	38
2713	29
2714	19
2715	29
2716	48
2717	21
2718	18
2719	78
2720	83
2721	73
2722	6
2723	36
2724	1
2725	25
2726	65
2727	60
2728	90
2729	48
2730	83
2731	35
2732	5
2733	56
2734	51
2735	82
2736	71
2737	4
2738	28
2739	1
2740	31
2741	1
2742	91
2743	61
2744	3
2745	79
2746	1
2747	13
2748	1
2749	6
2750	30
2751	11
2752	34
2753	96
2754	49
2755	1
2756	42
2757	89
2758	15
2759	44
2760	46
2761	54
2762	7
2763	28
2764	27
2765	39
2766	12
2767	51
2768	1
2769	20
2770	35
2771	2
2772	13
2773	46
2774	9
2775	21
2776	58
2777	28
2778	36
2779	52
2780	95
2781	24
2782	12
2783	49
2784	2
2785	9
2786	84
2787	30
2788	22
2789	10
2790	8
2791	5
2792	40
2793	59
2794	1
2795	18
2796	65
2797	62
2798	51
2799	1
2800	28
2801	63
2802	51
2803	34
2804	9
2805	43
2806	75
2807	3
2808	25
2809	63
2810	38
2811	69
2812	12
2813	48
2814	27
2815	1
2816	11
2817	33
2818	53
2819	5
2820	57
2821	71
2822	35
2823	30
2824	62
2825	13
2826	8
2827	38
2828	73
2829	9
2830	12
2831	51
2832	1
2833	95
2834	18
2835	89
2836	4
2837	50
2838	13
2839	80
2840	40
2841	26
2842	7
2843	56
2844	5
2845	33
2846	4
2847	53
2848	74
2849	30
2850	14
2851	1
2852	3
2853	94
2854	26
2855	1
2856	70
2857	93
2858	38
2859	52
2860	79
2861	16
2862	57
2863	92
2864	46
2865	30
2866	30
2867	53
2868	8
2869	10
2870	16
2871	67
2872	12
2873	24
2874	20
2875	10
2876	48
2877	28
2878	16
2879	12
2880	46
2881	3
2882	39
2883	52
2884	66
2885	17
2886	51
2887	11
2888	65
2889	38
2890	35
2891	22
2892	4
2893	30
2894	15
2895	75
2896	19
2897	3
2898	6
2899	2
2900	49
2901	3
2902	28
2903	45
2904	93
2905	23
2906	11
2907	48
2908	85
2909	24
2910	8
2911	40
2912	15
2913	22
2914	30
2915	67
2916	1
2917	17
2918	32
2919	72
2920	88
2921	23
2922	13
2923	22
2924	25
2925	23
2926	78
2927	5
2928	49
2929	59
2930	78
2931	40
2932	25
2933	38
2934	3
2935	21
2936	37
2937	45
2938	19
2939	22
2940	19
2941	77
2942	77
2943	37
2944	13
2945	20
2946	38
2947	91
2948	80
2949	43
2950	1
2951	6
2952	3
2953	4
2954	7
2955	62
2956	46
2957	23
2958	27
2959	4
2960	27
2961	2
2962	31
2963	1
2964	37
2965	61
2966	72
2967	38
2968	64
2969	83
2970	19
2971	21
2972	58
2973	23
2974	60
2975	6
2976	5
2977	84
2978	44
2979	17
2980	59
2981	36
2982	1
2983	25
2984	46
2985	23
2986	34
2987	90
2988	2
2989	23
2990	60
2991	1
2992	31
2993	1
2994	43
2995	55
2996	8
2997	93
2998	69
2999	39
3000	1
3001	27
3002	5
3003	42
3004	42
3005	1
3006	43
3007	35
3008	19
3009	40
3010	4
3011	6
3012	30
3013	2
3014	87
3015	48
3016	28
3017	42
3018	22
3019	9
3020	80
3021	22
3022	89
3023	7
3024	79
3025	7
3026	6
3027	84
3028	14
3029	2
3030	16
3031	4
3032	21
3033	1
3034	2
3035	29
3036	6
3037	19
3038	27
3039	14
3040	1
3041	68
3042	11
3043	10
3044	82
3045	61
3046	68
3047	4
3048	6
3049	60
3050	22
3051	67
3052	7
3053	90
3054	1
3055	44
3056	69
3057	1
3058	33
3059	11
3060	2
3061	76
3062	9
3063	6
3064	1
3065	87
3066	13
3067	93
3068	30
3069	47
3070	30
3071	27
3072	95
3073	2
3074	60
3075	25
3076	20
3077	92
3078	20
3079	20
3080	42
3081	97
3082	26
3083	35
3084	25
3085	11
3086	93
3087	7
3088	27
3089	82
3090	22
3091	96
3092	78
3093	51
3094	70
3095	62
3096	79
3097	15
3098	16
3099	85
3100	33
3101	1
3102	33
3103	23
3104	26
3105	8
3106	40
3107	8
3108	96
3109	33
3110	5
3111	38
3112	33
3113	2
3114	1
3115	67
3116	65
3117	62
3118	66
3119	96
3120	28
3121	19
3122	75
3123	35
3124	80
3125	26
3126	8
3127	5
3128	19
3129	30
3130	15
3131	9
3132	23
3133	20
3134	25
3135	58
3136	40
3137	39
3138	82
3139	26
3140	34
3141	2
3142	19
3143	19
3144	53
3145	87
3146	25
3147	19
3148	16
3149	90
3150	10
3151	6
3152	3
3153	90
3154	10
3155	25
3156	1
3157	33
3158	21
3159	65
3160	96
3161	48
3162	6
3163	35
3164	33
3165	33
3166	1
3167	44
3168	14
3169	81
3170	47
3171	1
3172	62
3173	63
3174	40
3175	34
3176	5
3177	1
3178	87
3179	57
3180	30
3181	12
3182	4
3183	86
3184	13
3185	50
3186	7
3187	30
3188	7
3189	8
3190	25
3191	73
3192	13
3193	31
3194	16
3195	31
3196	18
3197	44
3198	55
3199	41
3200	36
3201	94
3202	64
3203	15
3204	43
3205	35
3206	7
3207	82
3208	11
3209	46
3210	1
3211	48
3212	28
3213	13
3214	15
3215	14
3216	1
3217	31
3218	32
3219	10
3220	19
3221	73
3222	24
3223	9
3224	46
3225	17
3226	63
3227	19
3228	58
3229	35
3230	62
3231	55
3232	42
3233	49
3234	2
3235	26
3236	1
3237	5
3238	79
3239	40
3240	1
3241	52
3242	22
3243	64
3244	46
3245	24
3246	88
3247	16
3248	48
3249	41
3250	82
3251	97
3252	1
3253	2
3254	69
3255	28
3256	60
3257	59
3258	1
3259	42
3260	42
3261	23
3262	1
3263	1
3264	15
3265	82
3266	43
3267	1
3268	35
3269	23
3270	13
3271	24
3272	8
3273	6
3274	6
3275	33
3276	89
3277	1
3278	44
3279	33
3280	39
3281	16
3282	35
3283	40
3284	52
3285	15
3286	90
3287	25
3288	9
3289	27
3290	79
3291	12
3292	75
3293	12
3294	3
3295	11
3296	12
3297	35
3298	75
3299	32
3300	50
3301	55
3302	43
3303	83
3304	3
3305	11
3306	46
3307	22
3308	86
3309	14
3310	39
3311	10
3312	96
3313	42
3314	8
3315	6
3316	46
3317	72
3318	23
3319	6
3320	37
3321	30
3322	23
3323	5
3324	33
3325	3
3326	62
3327	68
3328	13
3329	66
3330	39
3331	41
3332	84
3333	15
3334	22
3335	4
3336	36
3337	84
3338	1
3339	81
3340	54
3341	86
3342	40
3343	19
3344	80
3345	13
3346	9
3347	76
3348	23
3349	61
3350	52
3351	58
3352	19
3353	40
3354	18
3355	2
3356	29
3357	28
3358	48
3359	94
3360	59
3361	19
3362	68
3363	3
3364	66
3365	25
3366	79
3367	37
3368	5
3369	25
3370	78
3371	8
3372	53
3373	18
3374	27
3375	67
3376	75
3377	47
3378	81
3379	10
3380	54
3381	12
3382	18
3383	15
3384	2
3385	56
3386	72
3387	4
3388	96
3389	8
3390	31
3391	8
3392	72
3393	3
3394	14
3395	62
3396	3
3397	76
3398	56
3399	20
3400	17
3401	64
3402	17
3403	5
3404	83
3405	43
3406	38
3407	3
3408	36
3409	25
3410	1
3411	36
3412	68
3413	45
3414	67
3415	48
3416	25
3417	36
3418	7
3419	5
3420	21
3421	25
3422	57
3423	20
3424	6
3425	3
3426	5
3427	56
3428	32
3429	26
3430	42
3431	2
3432	10
3433	29
3434	18
3435	1
3436	52
3437	21
3438	3
3439	12
3440	84
3441	92
3442	84
3443	64
3444	8
3445	82
3446	9
3447	19
3448	17
3449	1
3450	29
3451	23
3452	33
3453	38
3454	63
3455	50
3456	3
3457	30
3458	71
3459	55
3460	45
3461	11
3462	12
3463	76
3464	17
3465	38
3466	53
3467	10
3468	42
3469	1
3470	87
3471	61
3472	19
3473	97
3474	64
3475	38
3476	46
3477	43
3478	15
3479	13
3480	7
3481	26
3482	32
3483	42
3484	1
3485	68
3486	22
3487	20
3488	46
3489	53
3490	10
3491	8
3492	36
3493	42
3494	74
3495	12
3496	33
3497	95
3498	11
3499	20
3500	54
3501	44
3502	13
3503	2
3504	54
3505	76
3506	10
3507	89
3508	8
3509	7
3510	12
3511	21
3512	65
3513	29
3514	9
3515	38
3516	10
3517	37
3518	48
3519	74
3520	36
3521	28
3522	17
3523	40
3524	5
3525	15
3526	64
3527	69
3528	30
3529	11
3530	3
3531	30
3532	32
3533	10
3534	76
3535	29
3536	93
3537	5
3538	32
3539	8
3540	11
3541	14
3542	20
3543	79
3544	49
3545	52
3546	11
3547	1
3548	41
3549	73
3550	32
3551	55
3552	28
3553	24
3554	22
3555	31
3556	80
3557	19
3558	18
3559	34
3560	36
3561	5
3562	90
3563	32
3564	37
3565	49
3566	80
3567	1
3568	87
3569	81
3570	80
3571	21
3572	8
3573	1
3574	4
3575	16
3576	10
3577	1
3578	18
3579	56
3580	15
3581	51
3582	1
3583	95
3584	26
3585	22
3586	9
3587	14
3588	39
3589	23
3590	80
3591	1
3592	35
3593	1
3594	69
3595	38
3596	47
3597	45
3598	87
3599	79
3600	97
3601	70
3602	80
3603	26
3604	45
3605	47
3606	93
3607	73
3608	19
3609	66
3610	24
3611	32
3612	21
3613	9
3614	17
3615	10
3616	66
3617	17
3618	88
3619	38
3620	59
3621	46
3622	7
3623	17
3624	52
3625	95
3626	88
3627	16
3628	22
3629	30
3630	37
3631	10
3632	68
3633	53
3634	32
3635	11
3636	16
3637	9
3638	1
3639	1
3640	69
3641	57
3642	57
3643	56
3644	41
3645	69
3646	70
3647	76
3648	1
3649	90
3650	92
3651	27
3652	6
3653	5
3654	18
3655	26
3656	48
3657	31
3658	2
3659	94
3660	69
3661	78
3662	21
3663	29
3664	8
3665	19
3666	20
3667	4
3668	26
3669	17
3670	90
3671	24
3672	56
3673	73
3674	1
3675	3
3676	34
3677	62
3678	50
3679	96
3680	3
3681	12
3682	29
3683	6
3684	29
3685	22
3686	42
3687	16
3688	1
3689	56
3690	69
3691	28
3692	18
3693	41
3694	42
3695	18
3696	43
3697	24
3698	5
3699	26
3700	27
3701	26
3702	51
3703	50
3704	1
3705	14
3706	26
3707	19
3708	3
3709	8
3710	29
3711	19
3712	45
3713	51
3714	27
3715	17
3716	5
3717	79
3718	50
3719	7
3720	15
3721	5
3722	35
3723	2
3724	62
3725	54
3726	42
3727	18
3728	9
3729	32
3730	9
3731	26
3732	87
3733	66
3734	23
3735	18
3736	89
3737	16
3738	49
3739	38
3740	40
3741	43
3742	10
3743	24
3744	60
3745	1
3746	64
3747	74
3748	61
3749	12
3750	65
3751	62
3752	10
3753	3
3754	37
3755	12
3756	15
3757	96
3758	29
3759	1
3760	69
3761	58
3762	11
3763	32
3764	77
3765	17
3766	32
3767	49
3768	18
3769	89
3770	5
3771	91
3772	40
3773	36
3774	93
3775	24
3776	16
3777	39
3778	40
3779	10
3780	10
3781	12
3782	43
3783	3
3784	50
3785	3
3786	39
3787	38
3788	46
3789	74
3790	18
3791	36
3792	3
3793	10
3794	89
3795	86
3796	39
3797	25
3798	83
3799	66
3800	54
3801	17
3802	8
3803	11
3804	28
3805	92
3806	28
3807	87
3808	3
3809	64
3810	89
3811	35
3812	19
3813	10
3814	95
3815	35
3816	10
3817	3
3818	15
3819	41
3820	21
3821	31
3822	26
3823	93
3824	2
3825	77
3826	13
3827	1
3828	46
3829	49
3830	3
3831	88
3832	6
3833	49
3834	95
3835	88
3836	86
3837	4
3838	23
3839	8
3840	26
3841	6
3842	18
3843	61
3844	51
3845	44
3846	18
3847	96
3848	70
3849	47
3850	92
3851	38
3852	65
3853	22
3854	43
3855	36
3856	94
3857	66
3858	36
3859	35
3860	57
3861	33
3862	5
3863	16
3864	20
3865	9
3866	46
3867	16
3868	19
3869	65
3870	22
3871	22
3872	10
3873	1
3874	31
3875	36
3876	9
3877	20
3878	15
3879	51
3880	78
3881	19
3882	60
3883	14
3884	19
3885	6
3886	11
3887	25
3888	38
3889	35
3890	88
3891	27
3892	37
3893	1
3894	15
3895	9
3896	13
3897	63
3898	23
3899	44
3900	12
3901	1
3902	49
3903	45
3904	4
3905	16
3906	17
3907	52
3908	70
3909	4
3910	44
3911	94
3912	4
3913	48
3914	1
3915	82
3916	4
3917	50
3918	74
3919	14
3920	38
3921	48
3922	21
3923	32
3924	10
3925	72
3926	45
3927	34
3928	80
3929	47
3930	51
3931	42
3932	36
3933	33
3934	23
3935	2
3936	12
3937	7
3938	21
3939	18
3940	39
3941	84
3942	15
3943	18
3944	57
3945	16
3946	3
3947	52
3948	7
3949	5
3950	7
3951	6
3952	36
3953	92
3954	2
3955	42
3956	94
3957	59
3958	21
3959	27
3960	1
3961	21
3962	28
3963	91
3964	47
3965	1
3966	65
3967	22
3968	22
3969	27
3970	5
3971	84
3972	27
3973	25
3974	1
3975	72
3976	27
3977	2
3978	47
3979	33
3980	12
3981	1
3982	37
3983	10
3984	19
3985	9
3986	25
3987	7
3988	33
3989	2
3990	23
3991	32
3992	1
3993	13
3994	28
3995	23
3996	57
3997	73
3998	45
3999	50
4000	43
4001	59
4002	25
4003	11
4004	6
4005	71
4006	57
4007	88
4008	75
4009	26
4010	78
4011	26
4012	22
4013	30
4014	32
4015	47
4016	13
4017	13
4018	50
4019	44
4020	52
4021	28
4022	50
4023	85
4024	91
4025	44
4026	25
4027	16
4028	11
4029	38
4030	79
4031	21
4032	24
4033	31
4034	3
4035	28
4036	77
4037	24
4038	75
4039	27
4040	10
4041	15
4042	9
4043	20
4044	50
4045	77
4046	67
4047	2
4048	33
4049	7
4050	85
4051	10
4052	70
4053	29
4054	52
4055	25
4056	12
4057	22
4058	84
4059	3
4060	43
4061	7
4062	16
4063	94
4064	14
4065	28
4066	8
4067	1
4068	3
4069	12
4070	8
4071	31
4072	1
4073	7
4074	21
4075	1
4076	47
4077	2
4078	52
4079	40
4080	7
4081	71
4082	44
4083	49
4084	58
4085	18
4086	22
4087	94
4088	8
4089	51
4090	57
4091	46
4092	19
4093	62
4094	73
4095	94
4096	7
4097	16
4098	69
4099	20
4100	11
4101	24
4102	6
4103	32
4104	5
4105	7
4106	59
4107	16
4108	96
4109	86
4110	35
4111	54
4112	47
4113	84
4114	1
4115	51
4116	23
4117	9
4118	4
4119	12
4120	49
4121	50
4122	41
4123	1
4124	74
4125	4
4126	9
4127	69
4128	17
4129	20
4130	4
4131	54
4132	81
4133	67
4134	79
4135	5
4136	2
4137	85
4138	20
4139	63
4140	60
4141	42
4142	75
4143	38
4144	74
4145	1
4146	64
4147	16
4148	39
4149	3
4150	15
4151	32
4152	5
4153	40
4154	13
4155	38
4156	43
4157	21
4158	43
4159	25
4160	10
4161	12
4162	86
4163	24
4164	23
4165	2
4166	60
4167	4
4168	17
4169	20
4170	45
4171	34
4172	20
4173	2
4174	27
4175	28
4176	39
4177	29
4178	49
4179	28
4180	49
4181	21
4182	86
4183	80
4184	56
4185	17
4186	23
4187	6
4188	51
4189	26
4190	63
4191	70
4192	74
4193	3
4194	30
4195	27
4196	16
4197	1
4198	3
4199	74
4200	8
4201	7
4202	76
4203	17
4204	8
4205	31
4206	1
4207	41
4208	8
4209	64
4210	19
4211	9
4212	96
4213	13
4214	87
4215	22
4216	75
4217	51
4218	3
4219	81
4220	5
4221	19
4222	76
4223	53
4224	63
4225	81
4226	17
4227	16
4228	13
4229	34
4230	97
4231	51
4232	10
4233	33
4234	18
4235	60
4236	79
4237	43
4238	13
4239	12
4240	28
4241	17
4242	20
4243	73
4244	83
4245	10
4246	47
4247	1
4248	23
4249	87
4250	5
4251	11
4252	44
4253	73
4254	79
4255	67
4256	1
4257	85
4258	9
4259	76
4260	13
4261	63
4262	78
4263	18
4264	5
4265	67
4266	5
4267	45
4268	35
4269	61
4270	27
4271	7
4272	59
4273	3
4274	9
4275	63
4276	22
4277	45
4278	20
4279	1
4280	86
4281	37
4282	56
4283	4
4284	4
4285	13
4286	1
4287	3
4288	5
4289	68
4290	38
4291	16
4292	81
4293	36
4294	96
4295	37
4296	5
4297	97
4298	2
4299	66
4300	48
4301	76
4302	46
4303	1
4304	57
4305	2
4306	20
4307	91
4308	28
4309	11
4310	17
4311	8
4312	7
4313	31
4314	17
4315	61
4316	2
4317	19
4318	34
4319	2
4320	30
4321	20
4322	39
4323	19
4324	57
4325	7
4326	43
4327	16
4328	94
4329	91
4330	18
4331	73
4332	1
4333	27
4334	65
4335	97
4336	85
4337	22
4338	70
4339	1
4340	46
4341	25
4342	1
4343	13
4344	70
4345	59
4346	68
4347	16
4348	29
4349	95
4350	11
4351	89
4352	34
4353	73
4354	44
4355	6
4356	1
4357	89
4358	31
4359	2
4360	24
4361	77
4362	74
4363	4
4364	47
4365	1
4366	4
4367	5
4368	44
4369	35
4370	53
4371	82
4372	10
4373	41
4374	20
4375	49
4376	24
4377	83
4378	1
4379	93
4380	36
4381	20
4382	64
4383	5
4384	33
4385	7
4386	30
4387	49
4388	8
4389	3
4390	3
4391	86
4392	79
4393	28
4394	36
4395	38
4396	12
4397	45
4398	1
4399	70
4400	90
4401	1
4402	8
4403	16
4404	54
4405	44
4406	69
4407	15
4408	65
4409	32
4410	48
4411	4
4412	64
4413	8
4414	64
4415	8
4416	74
4417	57
4418	30
4419	64
4420	4
4421	90
4422	94
4423	1
4424	42
4425	4
4426	34
4427	54
4428	35
4429	70
4430	81
4431	96
4432	33
4433	50
4434	33
4435	80
4436	32
4437	67
4438	27
4439	55
4440	9
4441	10
4442	8
4443	47
4444	29
4445	89
4446	92
4447	7
4448	14
4449	61
4450	40
4451	53
4452	29
4453	28
4454	27
4455	47
4456	16
4457	37
4458	67
4459	85
4460	7
4461	5
4462	96
4463	54
4464	3
4465	5
4466	20
4467	61
4468	79
4469	2
4470	61
4471	6
4472	93
4473	20
4474	11
4475	24
4476	71
4477	93
4478	69
4479	5
4480	21
4481	9
4482	9
4483	5
4484	1
4485	53
4486	94
4487	73
4488	5
4489	15
4490	73
4491	4
4492	26
4493	48
4494	13
4495	22
4496	91
4497	9
4498	35
4499	71
4500	28
4501	95
4502	3
4503	45
4504	1
4505	13
4506	1
4507	93
4508	38
4509	16
4510	49
4511	72
4512	42
4513	81
4514	1
4515	27
4516	20
4517	11
4518	31
4519	14
4520	42
4521	8
4522	7
4523	78
4524	11
4525	22
4526	31
4527	24
4528	14
4529	77
4530	6
4531	18
4532	28
4533	1
4534	6
4535	53
4536	1
4537	29
4538	24
4539	90
4540	81
4541	36
4542	52
4543	19
4544	79
4545	34
4546	52
4547	77
4548	30
4549	68
4550	3
4551	81
4552	24
4553	56
4554	34
4555	59
4556	94
4557	48
4558	3
4559	40
4560	30
4561	16
4562	58
4563	23
4564	64
4565	97
4566	97
4567	29
4568	69
4569	63
4570	95
4571	59
4572	25
4573	1
4574	57
4575	1
4576	18
4577	95
4578	58
4579	57
4580	60
4581	12
4582	16
4583	4
4584	79
4585	84
4586	33
4587	23
4588	18
4589	6
4590	16
4591	42
4592	14
4593	19
4594	20
4595	7
4596	13
4597	87
4598	3
4599	76
4600	95
4601	23
4602	15
4603	1
4604	55
4605	26
4606	97
4607	4
4608	32
4609	3
4610	9
4611	6
4612	61
4613	32
4614	36
4615	56
4616	59
4617	1
4618	82
4619	19
4620	31
4621	22
4622	4
4623	3
4624	15
4625	12
4626	27
4627	31
4628	4
4629	62
4630	12
4631	1
4632	4
4633	28
4634	33
4635	25
4636	45
4637	7
4638	7
4639	56
4640	31
4641	49
4642	58
4643	31
4644	47
4645	10
4646	49
4647	67
4648	86
4649	80
4650	1
4651	46
4652	32
4653	25
4654	66
4655	63
4656	12
4657	57
4658	22
4659	13
4660	83
4661	2
4662	4
4663	1
4664	2
4665	67
4666	28
4667	12
4668	25
4669	42
4670	87
4671	14
4672	28
4673	60
4674	12
4675	22
4676	4
4677	95
4678	60
4679	22
4680	1
4681	1
4682	15
4683	10
4684	12
4685	23
4686	81
4687	6
4688	27
4689	6
4690	76
4691	61
4692	22
4693	4
4694	1
4695	70
4696	26
4697	53
4698	24
4699	86
4700	59
4701	44
4702	62
4703	14
4704	66
4705	52
4706	46
4707	1
4708	80
4709	13
4710	11
4711	12
4712	34
4713	63
4714	11
4715	38
4716	41
4717	33
4718	23
4719	1
4720	31
4721	3
4722	37
4723	28
4724	31
4725	55
4726	26
4727	20
4728	16
4729	66
4730	52
4731	46
4732	24
4733	19
4734	83
4735	19
4736	52
4737	6
4738	13
4739	67
4740	69
4741	8
4742	70
4743	9
4744	28
4745	34
4746	68
4747	2
4748	26
4749	64
4750	10
4751	1
4752	52
4753	64
4754	16
4755	32
4756	37
4757	52
4758	39
4759	95
4760	7
4761	23
4762	25
4763	55
4764	40
4765	44
4766	21
4767	14
4768	52
4769	22
4770	21
4771	89
4772	22
4773	71
4774	51
4775	20
4776	1
4777	44
4778	75
4779	2
4780	22
4781	60
4782	5
4783	55
4784	38
4785	39
4786	3
4787	77
4788	11
4789	10
4790	49
4791	41
4792	34
4793	63
4794	58
4795	80
4796	2
4797	40
4798	27
4799	29
4800	7
4801	28
4802	1
4803	3
4804	34
4805	24
4806	10
4807	43
4808	21
4809	6
4810	6
4811	71
4812	41
4813	72
4814	19
4815	17
4816	91
4817	2
4818	62
4819	27
4820	44
4821	11
4822	74
4823	29
4824	10
4825	63
4826	26
4827	46
4828	8
4829	3
4830	50
4831	31
4832	66
4833	46
4834	31
4835	92
4836	26
4837	20
4838	52
4839	70
4840	21
4841	68
4842	91
4843	50
4844	34
4845	14
4846	5
4847	14
4848	13
4849	5
4850	79
4851	27
4852	93
4853	6
4854	97
4855	13
4856	54
4857	1
4858	61
4859	1
4860	91
4861	53
4862	69
4863	46
4864	9
4865	13
4866	8
4867	68
4868	43
4869	5
4870	38
4871	46
4872	87
4873	11
4874	50
4875	75
4876	87
4877	55
4878	50
4879	3
4880	3
4881	51
4882	92
4883	80
4884	23
4885	22
4886	58
4887	1
4888	49
4889	25
4890	71
4891	42
4892	5
4893	34
4894	37
4895	46
4896	34
4897	5
4898	8
4899	30
4900	37
4901	5
4902	9
4903	73
4904	1
4905	5
4906	83
4907	25
4908	31
4909	72
4910	63
4911	33
4912	11
4913	8
4914	23
4915	27
4916	1
4917	57
4918	92
4919	2
4920	17
4921	30
4922	22
4923	9
4924	71
4925	20
4926	6
4927	1
4928	17
4929	50
4930	14
4931	59
4932	13
4933	25
4934	29
4935	38
4936	41
4937	80
4938	20
4939	40
4940	1
4941	50
4942	27
4943	53
4944	89
4945	10
4946	1
4947	88
4948	1
4949	6
4950	36
4951	38
4952	14
4953	13
4954	70
4955	82
4956	48
4957	34
4958	2
4959	34
4960	3
4961	18
4962	93
4963	1
4964	9
4965	50
4966	53
4967	17
4968	48
4969	58
4970	30
4971	70
4972	80
4973	1
4974	37
4975	10
4976	46
4977	6
4978	95
4979	30
4980	60
4981	54
4982	57
4983	66
4984	20
4985	19
4986	33
4987	91
4988	61
4989	4
4990	5
4991	60
4992	38
4993	19
4994	12
4995	78
4996	21
4997	11
4998	68
4999	55
5000	82
5001	25
5002	63
5003	8
5004	18
5005	11
5006	20
5007	58
5008	8
5009	34
5010	91
5011	2
5012	78
5013	94
5014	26
5015	31
5016	65
5017	63
5018	8
5019	26
5020	36
5021	38
5022	13
5023	20
5024	33
5025	9
5026	9
5027	77
5028	73
5029	5
5030	15
5031	11
5032	1
5033	4
5034	33
5035	30
5036	90
5037	29
5038	44
5039	93
5040	21
5041	53
5042	4
5043	19
5044	19
5045	78
5046	43
5047	50
5048	48
5049	45
5050	41
5051	23
5052	26
5053	5
5054	68
5055	17
5056	11
5057	39
5058	11
5059	15
5060	92
5061	61
5062	64
5063	23
5064	71
5065	72
5066	31
5067	10
5068	86
5069	1
5070	32
5071	84
5072	72
5073	8
5074	31
5075	96
5076	17
5077	27
5078	61
5079	20
5080	1
5081	9
5082	21
5083	18
5084	68
5085	28
5086	34
5087	18
5088	11
5089	36
5090	53
5091	22
5092	5
5093	97
5094	82
5095	37
5096	33
5097	32
5098	14
5099	6
5100	2
5101	1
5102	39
5103	25
5104	10
5105	30
5106	5
5107	18
5108	5
5109	96
5110	3
5111	46
5112	45
5113	17
5114	70
5115	94
5116	14
5117	78
5118	61
5119	73
5120	1
5121	31
5122	22
5123	75
5124	61
5125	22
5126	25
5127	1
5128	12
5129	78
5130	17
5131	47
5132	35
5133	63
5134	23
5135	55
5136	24
5137	57
5138	22
5139	3
5140	68
5141	85
5142	23
5143	61
5144	63
5145	83
5146	11
5147	1
5148	15
5149	53
5150	17
5151	48
5152	17
5153	76
5154	67
5155	97
5156	14
5157	33
5158	27
5159	31
5160	81
5161	13
5162	81
5163	61
5164	1
5165	20
5166	1
5167	4
5168	29
5169	7
5170	58
5171	2
5172	73
5173	24
5174	48
5175	6
5176	72
5177	9
5178	66
5179	24
5180	37
5181	69
5182	21
5183	47
5184	78
5185	55
5186	13
5187	37
5188	45
5189	18
5190	21
5191	1
5192	45
5193	37
5194	71
5195	25
5196	20
5197	49
5198	5
5199	57
5200	39
5201	46
5202	32
5203	7
5204	80
5205	1
5206	26
5207	61
5208	47
5209	40
5210	44
5211	19
5212	32
5213	64
5214	9
5215	38
5216	83
5217	11
5218	13
5219	8
5220	20
5221	65
5222	19
5223	19
5224	18
5225	22
5226	49
5227	18
5228	88
5229	29
5230	62
5231	67
5232	20
5233	61
5234	11
5235	9
5236	41
5237	36
5238	31
5239	70
5240	1
5241	30
5242	26
5243	28
5244	9
5245	39
5246	17
5247	30
5248	66
5249	27
5250	19
5251	92
5252	67
5253	20
5254	27
5255	24
5256	41
5257	21
5258	47
5259	72
5260	31
5261	76
5262	65
5263	22
5264	55
5265	18
5266	75
5267	42
5268	71
5269	4
5270	1
5271	4
5272	5
5273	42
5274	44
5275	62
5276	14
5277	9
5278	8
5279	40
5280	11
5281	29
5282	75
5283	24
5284	29
5285	46
5286	16
5287	30
5288	56
5289	92
5290	22
5291	7
5292	1
5293	28
5294	29
5295	3
5296	24
5297	1
5298	22
5299	9
5300	12
5301	94
5302	36
5303	57
5304	58
5305	41
5306	30
5307	14
5308	19
5309	4
5310	33
5311	45
5312	50
5313	47
5314	78
5315	7
5316	28
5317	7
5318	4
5319	10
5320	24
5321	24
5322	55
5323	5
5324	25
5325	1
5326	90
5327	38
5328	73
5329	43
5330	27
5331	38
5332	27
5333	19
5334	13
5335	38
5336	12
5337	22
5338	9
5339	9
5340	35
5341	26
5342	21
5343	25
5344	45
5345	76
5346	6
5347	12
5348	41
5349	16
5350	82
5351	84
5352	92
5353	30
5354	57
5355	55
5356	38
5357	15
5358	38
5359	4
5360	45
5361	35
5362	76
5363	1
5364	5
5365	28
5366	14
5367	1
5368	60
5369	8
5370	90
5371	1
5372	14
5373	14
5374	5
5375	18
5376	4
5377	6
5378	73
5379	78
5380	4
5381	49
5382	79
5383	88
5384	32
5385	72
5386	11
5387	3
5388	2
5389	50
5390	38
5391	7
5392	65
5393	52
5394	17
5395	39
5396	51
5397	33
5398	3
5399	32
5400	31
5401	49
5402	2
5403	10
5404	67
5405	1
5406	81
5407	3
5408	73
5409	32
5410	9
5411	2
5412	17
5413	39
5414	7
5415	10
5416	14
5417	37
5418	37
5419	36
5420	93
5421	14
5422	73
5423	1
5424	16
5425	91
5426	33
5427	44
5428	43
5429	43
5430	90
5431	41
5432	12
5433	62
5434	43
5435	11
5436	75
5437	44
5438	13
5439	22
5440	1
5441	72
5442	56
5443	7
5444	86
5445	13
5446	48
5447	29
5448	46
5449	37
5450	74
5451	84
5452	25
5453	3
5454	23
5455	21
5456	2
5457	22
5458	72
5459	60
5460	19
5461	46
5462	60
5463	2
5464	79
5465	24
5466	75
5467	9
5468	63
5469	15
5470	43
5471	47
5472	37
5473	50
5474	32
5475	19
5476	16
5477	1
5478	4
5479	32
5480	75
5481	97
5482	13
5483	57
5484	94
5485	83
5486	29
5487	3
5488	21
5489	58
5490	12
5491	24
5492	2
5493	60
5494	14
5495	34
5496	55
5497	93
5498	40
5499	72
5500	20
5501	3
5502	39
5503	15
5504	41
5505	72
5506	40
5507	6
5508	1
5509	70
5510	76
5511	1
5512	9
5513	92
5514	7
5515	23
5516	37
5517	4
5518	11
5519	17
5520	31
5521	4
5522	30
5523	60
5524	17
5525	55
5526	64
5527	5
5528	1
5529	91
5530	39
5531	37
5532	64
5533	15
5534	3
5535	61
5536	73
5537	27
5538	44
5539	69
5540	6
5541	58
5542	59
5543	35
5544	10
5545	97
5546	3
5547	22
5548	40
5549	14
5550	1
5551	26
5552	24
5553	27
5554	8
5555	74
5556	59
5557	29
5558	54
5559	3
5560	69
5561	87
5562	27
5563	32
5564	69
5565	30
5566	53
5567	97
5568	9
5569	48
5570	1
5571	11
5572	41
5573	87
5574	36
5575	7
5576	38
5577	91
5578	36
5579	7
5580	76
5581	20
5582	82
5583	84
5584	80
5585	5
5586	9
5587	67
5588	48
5589	41
5590	26
5591	16
5592	43
5593	1
5594	74
5595	67
5596	54
5597	8
5598	11
5599	54
5600	70
5601	8
5602	28
5603	97
5604	31
5605	37
5606	72
5607	83
5608	37
5609	11
5610	63
5611	42
5612	95
5613	25
5614	65
5615	1
5616	21
5617	4
5618	65
5619	56
5620	32
5621	7
5622	72
5623	1
5624	1
5625	34
5626	8
5627	25
5628	56
5629	14
5630	5
5631	21
5632	1
5633	88
5634	87
5635	63
5636	95
5637	88
5638	41
5639	44
5640	9
5641	37
5642	1
5643	21
5644	78
5645	68
5646	3
5647	64
5648	64
5649	17
5650	1
5651	32
5652	6
5653	5
5654	51
5655	55
5656	52
5657	86
5658	36
5659	15
5660	12
5661	20
5662	50
5663	78
5664	1
5665	48
5666	73
5667	36
5668	55
5669	18
5670	35
5671	77
5672	34
5673	17
5674	64
5675	21
5676	11
5677	38
5678	33
5679	75
5680	56
5681	50
5682	14
5683	17
5684	17
5685	42
5686	33
5687	37
5688	9
5689	26
5690	31
5691	7
5692	7
5693	23
5694	24
5695	1
5696	6
5697	61
5698	31
5699	4
5700	45
5701	73
5702	65
5703	24
5704	32
5705	11
5706	7
5707	92
5708	28
5709	35
5710	14
5711	8
5712	61
5713	62
5714	6
5715	31
5716	4
5717	6
5718	23
5719	24
5720	93
5721	19
5722	1
5723	18
5724	83
5725	9
5726	63
5727	22
5728	7
5729	32
5730	57
5731	19
5732	25
5733	28
5734	20
5735	73
5736	97
5737	12
5738	43
5739	11
5740	7
5741	40
5742	67
5743	13
5744	16
5745	47
5746	82
5747	78
5748	65
5749	96
5750	62
5751	6
5752	4
5753	24
5754	59
5755	39
5756	66
5757	90
5758	7
5759	74
5760	12
5761	45
5762	6
5763	29
5764	41
5765	7
5766	88
5767	1
5768	1
5769	65
5770	21
5771	39
5772	13
5773	16
5774	21
5775	62
5776	14
5777	8
5778	86
5779	68
5780	45
5781	18
5782	9
5783	33
5784	30
5785	82
5786	84
5787	26
5788	3
5789	10
5790	17
5791	18
5792	36
5793	44
5794	23
5795	85
5796	8
5797	97
5798	5
5799	34
5800	35
5801	11
5802	48
5803	34
5804	40
5805	4
5806	27
5807	31
5808	26
5809	28
5810	3
5811	25
5812	33
5813	26
5814	4
5815	26
5816	30
5817	7
5818	67
5819	22
5820	12
5821	32
5822	71
5823	12
5824	56
5825	21
5826	67
5827	23
5828	46
5829	68
5830	7
5831	27
5832	14
5833	18
5834	34
5835	80
5836	84
5837	49
5838	14
5839	14
5840	15
5841	57
5842	58
5843	78
5844	58
5845	66
5846	20
5847	28
5848	1
5849	23
5850	20
5851	75
5852	29
5853	3
5854	5
5855	96
5856	28
5857	62
5858	22
5859	2
5860	62
5861	41
5862	15
5863	79
5864	32
5865	19
5866	36
5867	14
5868	76
5869	23
5870	12
5871	23
5872	36
5873	15
5874	43
5875	46
5876	61
5877	95
5878	44
5879	9
5880	30
5881	49
5882	65
5883	41
5884	81
5885	32
5886	48
5887	4
5888	47
5889	18
5890	36
5891	17
5892	77
5893	5
5894	39
5895	22
5896	28
5897	20
5898	80
5899	48
5900	76
5901	1
5902	25
5903	22
5904	59
5905	23
5906	44
5907	47
5908	2
5909	10
5910	84
5911	20
5912	1
5913	21
5914	22
5915	88
5916	28
5917	1
5918	13
5919	3
5920	11
5921	50
5922	96
5923	53
5924	78
5925	19
5926	7
5927	90
5928	15
5929	1
5930	39
5931	37
5932	32
5933	18
5934	58
5935	17
5936	13
5937	11
5938	82
5939	47
5940	7
5941	1
5942	36
5943	19
5944	11
5945	32
5946	17
5947	50
5948	68
5949	51
5950	75
5951	31
5952	26
5953	10
5954	25
5955	2
5956	66
5957	15
5958	30
5959	80
5960	73
5961	2
5962	72
5963	76
5964	45
5965	5
5966	12
5967	80
5968	65
5969	8
5970	29
5971	45
5972	4
5973	9
5974	6
5975	36
5976	39
5977	12
5978	8
5979	36
5980	54
5981	9
5982	11
5983	92
5984	76
5985	25
5986	16
5987	1
5988	27
5989	34
5990	26
5991	8
5992	10
5993	49
5994	32
5995	26
5996	94
5997	48
5998	9
5999	15
6000	87
6001	41
6002	52
6003	26
6004	59
6005	15
6006	32
6007	26
6008	9
6009	10
6010	21
6011	24
6012	10
6013	29
6014	17
6015	1
6016	43
6017	30
6018	46
6019	1
6020	29
6021	1
6022	42
6023	3
6024	28
6025	17
6026	8
6027	5
6028	92
6029	30
6030	21
6031	84
6032	59
6033	73
6034	8
6035	10
6036	61
6037	63
6038	89
6039	19
6040	8
6041	42
6042	9
6043	78
6044	85
6045	18
6046	39
6047	14
6048	82
6049	87
6050	2
6051	40
6052	25
6053	72
6054	56
6055	65
6056	36
6057	52
6058	56
6059	9
6060	48
6061	83
6062	39
6063	20
6064	1
6065	71
6066	27
6067	2
6068	3
6069	23
6070	73
6071	83
6072	62
6073	40
6074	67
6075	82
6076	14
6077	9
6078	29
6079	3
6080	17
6081	12
6082	30
6083	11
6084	60
6085	14
6086	91
6087	37
6088	67
6089	18
6090	8
6091	51
6092	8
6093	26
6094	15
6095	53
6096	24
6097	21
6098	8
6099	14
6100	16
6101	58
6102	5
6103	5
6104	9
6105	1
6106	58
6107	20
6108	52
6109	7
6110	92
6111	68
6112	13
6113	30
6114	33
6115	12
6116	87
6117	15
6118	97
6119	12
6120	1
6121	43
6122	20
6123	5
6124	31
6125	92
6126	52
6127	5
6128	25
6129	23
6130	2
6131	10
6132	95
6133	92
6134	29
6135	17
6136	20
6137	11
6138	1
6139	55
6140	26
6141	84
6142	3
6143	51
6144	5
6145	36
6146	7
6147	53
6148	68
6149	22
6150	17
6151	21
6152	29
6153	20
6154	45
6155	19
6156	24
6157	7
6158	46
6159	67
6160	27
6161	22
6162	9
6163	18
6164	77
6165	13
6166	64
6167	64
6168	40
6169	40
6170	9
6171	96
6172	13
6173	8
6174	14
6175	5
6176	22
6177	77
6178	11
6179	29
6180	58
6181	3
6182	33
6183	36
6184	70
6185	79
6186	53
6187	9
6188	41
6189	64
6190	18
6191	44
6192	16
6193	15
6194	65
6195	56
6196	20
6197	50
6198	38
6199	38
6200	23
6201	34
6202	5
6203	88
6204	15
6205	22
6206	47
6207	9
6208	1
6209	38
6210	36
6211	1
6212	26
6213	44
6214	81
6215	69
6216	81
6217	20
6218	85
6219	1
6220	6
6221	1
6222	36
6223	35
6224	49
6225	12
6226	35
6227	27
6228	19
6229	17
6230	87
6231	58
6232	45
6233	10
6234	64
6235	17
6236	25
6237	63
6238	1
6239	40
6240	6
6241	6
6242	35
6243	37
6244	4
6245	71
6246	38
6247	88
6248	19
6249	67
6250	16
6251	18
6252	18
6253	65
6254	76
6255	13
6256	12
6257	79
6258	14
6259	32
6260	87
6261	6
6262	54
6263	23
6264	1
6265	51
6266	30
6267	8
6268	4
6269	79
6270	65
6271	55
6272	27
6273	22
6274	20
6275	18
6276	13
6277	12
6278	73
6279	39
6280	23
6281	36
6282	10
6283	17
6284	38
6285	1
6286	30
6287	51
6288	62
6289	26
6290	24
6291	1
6292	48
6293	14
6294	1
6295	30
6296	37
6297	24
6298	85
6299	11
6300	2
6301	72
6302	75
6303	25
6304	27
6305	26
6306	42
6307	38
6308	8
6309	61
6310	33
6311	7
6312	81
6313	78
6314	8
6315	10
6316	76
6317	44
6318	18
6319	34
6320	17
6321	43
6322	77
6323	1
6324	1
6325	22
6326	59
6327	52
6328	22
6329	26
6330	51
6331	12
6332	50
6333	1
6334	28
6335	71
6336	77
6337	4
6338	21
6339	19
6340	6
6341	72
6342	14
6343	31
6344	14
6345	51
6346	77
6347	65
6348	45
6349	67
6350	26
6351	33
6352	49
6353	51
6354	54
6355	7
6356	66
6357	24
6358	9
6359	71
6360	11
6361	16
6362	26
6363	40
6364	24
6365	18
6366	21
6367	72
6368	55
6369	14
6370	43
6371	12
6372	28
6373	97
6374	37
6375	1
6376	50
6377	84
6378	42
6379	66
6380	36
6381	9
6382	17
6383	13
6384	30
6385	30
6386	47
6387	17
6388	83
6389	39
6390	18
6391	4
6392	32
6393	11
6394	18
6395	60
6396	10
6397	36
6398	91
6399	1
6400	90
6401	49
6402	7
6403	80
6404	65
6405	40
6406	1
6407	13
6408	18
6409	13
6410	90
6411	68
6412	83
6413	80
6414	81
6415	18
6416	94
6417	12
6418	58
6419	18
6420	18
6421	25
6422	6
6423	34
6424	71
6425	14
6426	57
6427	51
6428	81
6429	9
6430	43
6431	34
6432	15
6433	41
6434	34
6435	44
6436	37
6437	1
6438	44
6439	80
6440	34
6441	96
6442	26
6443	64
6444	59
6445	6
6446	75
6447	10
6448	53
6449	47
6450	39
6451	79
6452	74
6453	11
6454	49
6455	23
6456	44
6457	51
6458	1
6459	20
6460	68
6461	41
6462	5
6463	1
6464	62
6465	42
6466	45
6467	3
6468	13
6469	27
6470	54
6471	31
6472	28
6473	55
6474	22
6475	14
6476	67
6477	38
6478	1
6479	10
6480	42
6481	35
6482	79
6483	28
6484	37
6485	82
6486	50
6487	2
6488	22
6489	89
6490	28
6491	30
6492	5
6493	91
6494	64
6495	24
6496	28
6497	9
6498	39
6499	53
6500	45
6501	33
6502	43
6503	4
6504	37
6505	10
6506	45
6507	81
6508	2
6509	8
6510	85
6511	29
6512	1
6513	50
6514	11
6515	5
6516	18
6517	54
6518	45
6519	36
6520	39
6521	64
6522	37
6523	56
6524	10
6525	74
6526	35
6527	20
6528	60
6529	16
6530	66
6531	9
6532	12
6533	62
6534	29
6535	26
6536	36
6537	95
6538	9
6539	3
6540	15
6541	36
6542	15
6543	49
6544	81
6545	38
6546	40
6547	54
6548	72
6549	42
6550	5
6551	9
6552	69
6553	71
6554	23
6555	41
6556	39
6557	14
6558	1
6559	34
6560	27
6561	21
6562	89
6563	82
6564	66
6565	80
6566	71
6567	70
6568	17
6569	77
6570	1
6571	9
6572	17
6573	9
6574	15
6575	57
6576	23
6577	13
6578	11
6579	36
6580	55
6581	20
6582	13
6583	30
6584	25
6585	33
6586	53
6587	95
6588	81
6589	25
6590	32
6591	4
6592	11
6593	26
6594	7
6595	13
6596	57
6597	1
6598	1
6599	7
6600	29
6601	35
6602	7
6603	59
6604	16
6605	47
6606	52
6607	73
6608	64
6609	29
6610	30
6611	94
6612	13
6613	39
6614	15
6615	1
6616	67
6617	22
6618	75
6619	43
6620	43
6621	10
6622	77
6623	36
6624	87
6625	16
6626	97
6627	56
6628	2
6629	15
6630	4
6631	25
6632	10
6633	5
6634	50
6635	51
6636	88
6637	76
6638	43
6639	24
6640	38
6641	30
6642	3
6643	32
6644	86
6645	35
6646	66
6647	43
6648	22
6649	6
6650	1
6651	3
6652	25
6653	20
6654	57
6655	7
6656	52
6657	86
6658	4
6659	19
6660	52
6661	54
6662	75
6663	23
6664	4
6665	23
6666	56
6667	7
6668	89
6669	30
6670	84
6671	94
6672	70
6673	41
6674	30
6675	16
6676	49
6677	25
6678	13
6679	77
6680	22
6681	82
6682	16
6683	11
6684	31
6685	28
6686	1
6687	2
6688	50
6689	41
6690	17
6691	21
6692	45
6693	36
6694	45
6695	19
6696	69
6697	27
6698	40
6699	62
6700	67
6701	28
6702	58
6703	75
6704	31
6705	45
6706	27
6707	79
6708	31
6709	47
6710	22
6711	2
6712	12
6713	72
6714	70
6715	1
6716	10
6717	6
6718	2
6719	2
6720	80
6721	49
6722	48
6723	43
6724	17
6725	19
6726	8
6727	71
6728	17
6729	1
6730	45
6731	12
6732	8
6733	14
6734	45
6735	1
6736	5
6737	10
6738	36
6739	68
6740	16
6741	60
6742	13
6743	87
6744	8
6745	8
6746	51
6747	21
6748	1
6749	65
6750	27
6751	50
6752	44
6753	16
6754	63
6755	65
6756	52
6757	29
6758	23
6759	49
6760	55
6761	52
6762	97
6763	5
6764	36
6765	51
6766	73
6767	22
6768	63
6769	81
6770	16
6771	1
6772	66
6773	32
6774	2
6775	73
6776	1
6777	44
6778	55
6779	18
6780	17
6781	1
6782	70
6783	8
6784	65
6785	7
6786	50
6787	36
6788	72
6789	32
6790	87
6791	97
6792	18
6793	28
6794	2
6795	23
6796	58
6797	35
6798	83
6799	57
6800	20
6801	41
6802	2
6803	93
6804	33
6805	91
6806	79
6807	21
6808	77
6809	74
6810	64
6811	27
6812	43
6813	75
6814	40
6815	33
6816	24
6817	41
6818	50
6819	47
6820	15
6821	17
6822	22
6823	10
6824	57
6825	31
6826	69
6827	29
6828	10
6829	24
6830	82
6831	51
6832	9
6833	1
6834	54
6835	48
6836	44
6837	4
6838	71
6839	48
6840	5
6841	39
6842	77
6843	87
6844	17
6845	16
6846	19
6847	60
6848	30
6849	3
6850	41
6851	2
6852	80
6853	49
6854	66
6855	37
6856	12
6857	7
6858	20
6859	35
6860	51
6861	8
6862	70
6863	43
6864	97
6865	16
6866	1
6867	84
6868	47
6869	1
6870	64
6871	6
6872	16
6873	54
6874	33
6875	88
6876	6
6877	28
6878	30
6879	1
6880	10
6881	83
6882	20
6883	1
6884	47
6885	36
6886	20
6887	50
6888	40
6889	95
6890	89
6891	83
6892	71
6893	6
6894	16
6895	40
6896	12
6897	67
6898	10
6899	12
6900	12
6901	26
6902	7
6903	90
6904	33
6905	32
6906	95
6907	65
6908	17
6909	5
6910	39
6911	12
6912	13
6913	47
6914	92
6915	19
6916	39
6917	7
6918	19
6919	27
6920	53
6921	23
6922	6
6923	12
6924	79
6925	44
6926	79
6927	52
6928	25
6929	69
6930	11
6931	6
6932	73
6933	9
6934	1
6935	68
6936	38
6937	15
6938	69
6939	36
6940	63
6941	15
6942	6
6943	82
6944	86
6945	18
6946	91
6947	24
6948	54
6949	48
6950	44
6951	10
6952	71
6953	8
6954	76
6955	17
6956	95
6957	30
6958	56
6959	10
6960	37
6961	30
6962	26
6963	46
6964	55
6965	27
6966	71
6967	18
6968	44
6969	53
6970	81
6971	37
6972	9
6973	14
6974	24
6975	3
6976	49
6977	40
6978	23
6979	50
6980	32
6981	2
6982	1
6983	1
6984	73
6985	8
6986	10
6987	91
6988	36
6989	14
6990	23
6991	15
6992	49
6993	25
6994	61
6995	11
6996	80
6997	13
6998	18
6999	7
7000	50
7001	25
7002	5
7003	63
7004	76
7005	31
7006	58
7007	21
7008	23
7009	7
7010	54
7011	83
7012	1
7013	17
7014	27
7015	39
7016	47
7017	21
7018	6
7019	44
7020	89
7021	3
7022	60
7023	49
7024	22
7025	13
7026	42
7027	11
7028	78
7029	19
7030	15
7031	5
7032	28
7033	1
7034	25
7035	85
7036	46
7037	15
7038	46
7039	80
7040	17
7041	65
7042	14
7043	29
7044	24
7045	66
7046	69
7047	21
7048	95
7049	26
7050	1
7051	91
7052	37
7053	86
7054	74
7055	7
7056	95
7057	71
7058	22
7059	40
7060	19
7061	12
7062	46
7063	66
7064	64
7065	81
7066	27
7067	18
7068	97
7069	55
7070	4
7071	23
7072	56
7073	46
7074	18
7075	42
7076	59
7077	22
7078	73
7079	75
7080	24
7081	33
7082	53
7083	23
7084	80
7085	19
7086	1
7087	37
7088	51
7089	79
7090	1
7091	7
7092	3
7093	17
7094	10
7095	1
7096	13
7097	39
7098	79
7099	24
7100	57
7101	46
7102	10
7103	8
7104	95
7105	4
7106	62
7107	1
7108	26
7109	5
7110	20
7111	61
7112	36
7113	7
7114	1
7115	66
7116	12
7117	40
7118	16
7119	57
7120	35
7121	58
7122	28
7123	44
7124	24
7125	55
7126	7
7127	60
7128	63
7129	71
7130	3
7131	46
7132	16
7133	62
7134	1
7135	14
7136	3
7137	14
7138	9
7139	56
7140	44
7141	10
7142	53
7143	58
7144	1
7145	42
7146	12
7147	96
7148	78
7149	11
7150	10
7151	91
7152	83
7153	1
7154	36
7155	10
7156	49
7157	47
7158	79
7159	48
7160	17
7161	41
7162	65
7163	11
7164	27
7165	25
7166	19
7167	24
7168	37
7169	32
7170	47
7171	7
7172	74
7173	19
7174	74
7175	72
7176	4
7177	25
7178	54
7179	12
7180	55
7181	35
7182	14
7183	62
7184	19
7185	48
7186	79
7187	53
7188	23
7189	54
7190	5
7191	3
7192	26
7193	39
7194	96
7195	27
7196	11
7197	6
7198	16
7199	1
7200	13
7201	24
7202	19
7203	1
7204	55
7205	20
7206	81
7207	80
7208	17
7209	23
7210	12
7211	53
7212	35
7213	53
7214	8
7215	14
7216	10
7217	79
7218	8
7219	1
7220	94
7221	54
7222	66
7223	51
7224	68
7225	51
7226	1
7227	6
7228	4
7229	1
7230	39
7231	91
7232	16
7233	2
7234	36
7235	42
7236	54
7237	61
7238	34
7239	3
7240	7
7241	4
7242	94
7243	64
7244	38
7245	55
7246	67
7247	69
7248	14
7249	66
7250	37
7251	27
7252	8
7253	19
7254	27
7255	44
7256	13
7257	9
7258	97
7259	16
7260	1
7261	37
7262	20
7263	80
7264	12
7265	22
7266	29
7267	8
7268	25
7269	8
7270	69
7271	66
7272	9
7273	85
7274	4
7275	1
7276	14
7277	20
7278	23
7279	11
7280	47
7281	18
7282	8
7283	18
7284	63
7285	42
7286	1
7287	43
7288	31
7289	43
7290	32
7291	31
7292	73
7293	21
7294	55
7295	40
7296	61
7297	17
7298	4
7299	19
7300	80
7301	3
7302	14
7303	17
7304	59
7305	44
7306	18
7307	87
7308	94
7309	32
7310	75
7311	11
7312	11
7313	72
7314	48
7315	17
7316	36
7317	17
7318	74
7319	76
7320	43
7321	57
7322	22
7323	26
7324	96
7325	23
7326	44
7327	5
7328	1
7329	5
7330	54
7331	47
7332	60
7333	33
7334	6
7335	12
7336	66
7337	15
7338	6
7339	71
7340	34
7341	64
7342	20
7343	74
7344	8
7345	24
7346	83
7347	76
7348	4
7349	5
7350	26
7351	93
7352	97
7353	5
7354	1
7355	5
7356	19
7357	4
7358	25
7359	16
7360	60
7361	95
7362	29
7363	8
7364	11
7365	54
7366	42
7367	4
7368	17
7369	28
7370	11
7371	68
7372	11
7373	76
7374	44
7375	41
7376	88
7377	3
7378	14
7379	68
7380	7
7381	47
7382	26
7383	15
7384	13
7385	66
7386	5
7387	50
7388	21
7389	30
7390	16
7391	4
7392	46
7393	23
7394	30
7395	56
7396	33
7397	11
7398	3
7399	6
7400	17
7401	32
7402	81
7403	11
7404	46
7405	3
7406	9
7407	22
7408	18
7409	76
7410	56
7411	18
7412	8
7413	23
7414	82
7415	49
7416	1
7417	1
7418	25
7419	19
7420	15
7421	70
7422	53
7423	19
7424	1
7425	88
7426	40
7427	54
7428	67
7429	12
7430	68
7431	92
7432	23
7433	4
7434	2
7435	38
7436	2
7437	23
7438	45
7439	23
7440	40
7441	69
7442	68
7443	31
7444	67
7445	35
7446	6
7447	23
7448	31
7449	24
7450	32
7451	44
7452	3
7453	18
7454	49
7455	13
7456	75
7457	11
7458	14
7459	11
7460	7
7461	19
7462	62
7463	40
7464	6
7465	2
7466	1
7467	18
7468	30
7469	93
7470	40
7471	62
7472	15
7473	1
7474	29
7475	90
7476	1
7477	81
7478	3
7479	69
7480	39
7481	83
7482	13
7483	2
7484	6
7485	29
7486	64
7487	34
7488	53
7489	89
7490	66
7491	31
7492	48
7493	38
7494	50
7495	93
7496	38
7497	55
7498	6
7499	38
7500	65
7501	3
7502	12
7503	16
7504	8
7505	6
7506	37
7507	1
7508	63
7509	25
7510	13
7511	5
7512	24
7513	86
7514	6
7515	49
7516	26
7517	2
7518	66
7519	31
7520	17
7521	3
7522	10
7523	11
7524	43
7525	19
7526	10
7527	17
7528	3
7529	38
7530	1
7531	3
7532	60
7533	51
7534	6
7535	12
7536	15
7537	24
7538	26
7539	45
7540	21
7541	21
7542	37
7543	71
7544	62
7545	44
7546	9
7547	68
7548	47
7549	33
7550	1
7551	68
7552	48
7553	18
7554	5
7555	56
7556	39
7557	11
7558	76
7559	46
7560	5
7561	11
7562	22
7563	15
7564	35
7565	44
7566	41
7567	32
7568	62
7569	6
7570	97
7571	34
7572	75
7573	2
7574	48
7575	51
7576	89
7577	13
7578	24
7579	3
7580	8
7581	47
7582	7
7583	25
7584	10
7585	1
7586	16
7587	57
7588	9
7589	1
7590	29
7591	2
7592	79
7593	81
7594	52
7595	39
7596	88
7597	25
7598	34
7599	24
7600	52
7601	29
7602	35
7603	11
7604	29
7605	77
7606	37
7607	43
7608	29
7609	91
7610	2
7611	77
7612	8
7613	43
7614	20
7615	85
7616	71
7617	23
7618	38
7619	10
7620	46
7621	32
7622	68
7623	7
7624	61
7625	8
7626	43
7627	55
7628	1
7629	26
7630	16
7631	4
7632	42
7633	1
7634	39
7635	54
7636	9
7637	59
7638	20
7639	21
7640	1
7641	5
7642	54
7643	8
7644	84
7645	28
7646	30
7647	11
7648	49
7649	5
7650	31
7651	52
7652	50
7653	65
7654	62
7655	72
7656	46
7657	49
7658	66
7659	28
7660	10
7661	74
7662	7
7663	39
7664	92
7665	13
7666	1
7667	32
7668	22
7669	60
7670	47
7671	23
7672	63
7673	37
7674	19
7675	14
7676	72
7677	93
7678	4
7679	44
7680	11
7681	15
7682	44
7683	7
7684	3
7685	47
7686	41
7687	69
7688	23
7689	15
7690	10
7691	16
7692	33
7693	89
7694	2
7695	38
7696	18
7697	86
7698	68
7699	59
7700	25
7701	22
7702	33
7703	6
7704	1
7705	23
7706	62
7707	12
7708	77
7709	73
7710	4
7711	50
7712	5
7713	62
7714	9
7715	68
7716	70
7717	40
7718	25
7719	56
7720	25
7721	73
7722	88
7723	21
7724	58
7725	55
7726	42
7727	91
7728	35
7729	14
7730	46
7731	14
7732	1
7733	2
7734	13
7735	27
7736	13
7737	78
7738	9
7739	28
7740	69
7741	78
7742	86
7743	83
7744	60
7745	39
7746	12
7747	23
7748	19
7749	33
7750	56
7751	87
7752	3
7753	17
7754	1
7755	8
7756	1
7757	7
7758	7
7759	43
7760	2
7761	46
7762	74
7763	17
7764	34
7765	24
7766	25
7767	12
7768	35
7769	33
7770	80
7771	21
7772	31
7773	1
7774	2
7775	84
7776	67
7777	33
7778	59
7779	59
7780	3
7781	15
7782	68
7783	10
7784	15
7785	44
7786	72
7787	31
7788	16
7789	27
7790	52
7791	74
7792	14
7793	17
7794	93
7795	15
7796	11
7797	24
7798	15
7799	38
7800	18
7801	14
7802	2
7803	39
7804	35
7805	9
7806	10
7807	14
7808	24
7809	1
7810	61
7811	60
7812	4
7813	32
7814	53
7815	1
7816	11
7817	23
7818	16
7819	11
7820	22
7821	4
7822	89
7823	5
7824	58
7825	82
7826	79
7827	8
7828	33
7829	24
7830	62
7831	1
7832	73
7833	72
7834	1
7835	74
7836	24
7837	50
7838	74
7839	43
7840	74
7841	1
7842	7
7843	9
7844	28
7845	54
7846	19
7847	21
7848	37
7849	79
7850	33
7851	37
7852	44
7853	90
7854	5
7855	7
7856	4
7857	62
7858	82
7859	54
7860	15
7861	24
7862	59
7863	26
7864	60
7865	75
7866	32
7867	39
7868	92
7869	16
7870	1
7871	5
7872	91
7873	9
7874	36
7875	50
7876	30
7877	31
7878	60
7879	47
7880	20
7881	1
7882	20
7883	81
7884	12
7885	14
7886	85
7887	25
7888	6
7889	3
7890	23
7891	27
7892	20
7893	65
7894	32
7895	23
7896	1
7897	73
7898	81
7899	12
7900	36
7901	40
7902	25
7903	82
7904	1
7905	27
7906	84
7907	52
7908	85
7909	92
7910	15
7911	13
7912	31
7913	91
7914	38
7915	88
7916	16
7917	58
7918	18
7919	15
7920	88
7921	22
7922	36
7923	82
7924	32
7925	30
7926	77
7927	67
7928	16
7929	10
7930	16
7931	17
7932	32
7933	1
7934	16
7935	79
7936	61
7937	41
7938	11
7939	95
7940	18
7941	47
7942	26
7943	50
7944	13
7945	5
7946	11
7947	91
7948	5
7949	35
7950	38
7951	70
7952	30
7953	24
7954	1
7955	24
7956	21
7957	78
7958	21
7959	96
7960	8
7961	57
7962	37
7963	25
7964	34
7965	15
7966	4
7967	25
7968	45
7969	72
7970	94
7971	74
7972	39
7973	33
7974	39
7975	18
7976	6
7977	53
7978	52
7979	18
7980	62
7981	32
7982	8
7983	15
7984	55
7985	62
7986	54
7987	57
7988	13
7989	10
7990	59
7991	11
7992	80
7993	31
7994	20
7995	5
7996	6
7997	56
7998	6
7999	22
8000	23
8001	9
8002	50
8003	6
8004	17
8005	26
8006	70
8007	10
8008	2
8009	12
8010	69
8011	7
8012	1
8013	6
8014	54
8015	67
8016	25
8017	14
8018	15
8019	48
8020	75
8021	22
8022	14
8023	23
8024	31
8025	34
8026	55
8027	21
8028	3
8029	26
8030	73
8031	24
8032	1
8033	35
8034	1
8035	21
8036	12
8037	62
8038	25
8039	5
8040	1
8041	30
8042	33
8043	63
8044	37
8045	37
8046	34
8047	93
8048	59
8049	88
8050	15
8051	2
8052	15
8053	68
8054	12
8055	3
8056	41
8057	18
8058	2
8059	76
8060	68
8061	39
8062	10
8063	13
8064	5
8065	14
8066	21
8067	58
8068	68
8069	11
8070	34
8071	32
8072	21
8073	60
8074	53
8075	47
8076	36
8077	26
8078	4
8079	89
8080	77
8081	12
8082	4
8083	64
8084	44
8085	54
8086	86
8087	21
8088	60
8089	6
8090	83
8091	21
8092	58
8093	95
8094	39
8095	84
8096	17
8097	8
8098	89
8099	17
8100	22
8101	36
8102	36
8103	56
8104	39
8105	28
8106	27
8107	72
8108	46
8109	7
8110	22
8111	18
8112	23
8113	83
8114	16
8115	58
8116	47
8117	28
8118	27
8119	34
8120	4
8121	25
8122	3
8123	38
8124	42
8125	28
8126	6
8127	61
8128	31
8129	25
8130	10
8131	96
8132	22
8133	3
8134	9
8135	35
8136	3
8137	14
8138	3
8139	96
8140	56
8141	23
8142	14
8143	16
8144	39
8145	50
8146	84
8147	20
8148	18
8149	57
8150	50
8151	92
8152	21
8153	83
8154	2
8155	29
8156	42
8157	30
8158	10
8159	87
8160	24
8161	3
8162	63
8163	15
8164	42
8165	28
8166	13
8167	2
8168	12
8169	3
8170	45
8171	30
8172	97
8173	14
8174	88
8175	58
8176	5
8177	23
8178	59
8179	45
8180	24
8181	12
8182	44
8183	17
8184	45
8185	36
8186	69
8187	2
8188	1
8189	57
8190	40
8191	1
8192	74
8193	87
8194	31
8195	52
8196	5
8197	29
8198	35
8199	10
8200	95
8201	33
8202	30
8203	1
8204	64
8205	38
8206	21
8207	25
8208	26
8209	90
8210	14
8211	11
8212	6
8213	37
8214	31
8215	84
8216	20
8217	7
8218	46
8219	52
8220	45
8221	32
8222	36
8223	1
8224	66
8225	1
8226	89
8227	48
8228	25
8229	96
8230	15
8231	41
8232	80
8233	24
8234	3
8235	37
8236	26
8237	38
8238	1
8239	27
8240	77
8241	20
8242	4
8243	14
8244	73
8245	19
8246	74
8247	21
8248	9
8249	3
8250	84
8251	19
8252	11
8253	85
8254	60
8255	34
8256	56
8257	35
8258	33
8259	72
8260	80
8261	62
8262	18
8263	68
8264	18
8265	92
8266	62
8267	33
8268	28
8269	51
8270	12
8271	14
8272	65
8273	82
8274	82
8275	42
8276	70
8277	10
8278	45
8279	1
8280	23
8281	65
8282	15
8283	19
8284	32
8285	27
8286	93
8287	14
8288	56
8289	58
8290	32
8291	87
8292	29
8293	18
8294	28
8295	6
8296	67
8297	19
8298	8
8299	67
8300	22
8301	32
8302	59
8303	10
8304	13
8305	21
8306	44
8307	24
8308	45
8309	4
8310	8
8311	3
8312	24
8313	92
8314	73
8315	60
8316	39
8317	2
8318	79
8319	14
8320	35
8321	30
8322	51
8323	37
8324	63
8325	1
8326	56
8327	27
8328	23
8329	15
8330	29
8331	19
8332	20
8333	26
8334	10
8335	16
8336	24
8337	21
8338	63
8339	23
8340	13
8341	63
8342	50
8343	12
8344	24
8345	8
8346	18
8347	21
8348	9
8349	25
8350	4
8351	21
8352	76
8353	17
8354	42
8355	23
8356	20
8357	1
8358	1
8359	81
8360	1
8361	28
8362	91
8363	52
8364	61
8365	32
8366	63
8367	55
8368	9
8369	25
8370	46
8371	1
8372	55
8373	70
8374	24
8375	41
8376	50
8377	25
8378	68
8379	5
8380	75
8381	26
8382	16
8383	1
8384	1
8385	71
8386	85
8387	6
8388	25
8389	33
8390	18
8391	61
8392	23
8393	34
8394	5
8395	55
8396	3
8397	16
8398	26
8399	41
8400	49
8401	47
8402	1
8403	63
8404	12
8405	52
8406	12
8407	3
8408	20
8409	5
8410	91
8411	32
8412	6
8413	50
8414	9
8415	87
8416	78
8417	37
8418	96
8419	35
8420	50
8421	87
8422	41
8423	60
8424	77
8425	29
8426	14
8427	13
8428	52
8429	46
8430	24
8431	12
8432	83
8433	37
8434	95
8435	9
8436	8
8437	47
8438	15
8439	54
8440	30
8441	37
8442	11
8443	43
8444	7
8445	85
8446	6
8447	88
8448	38
8449	23
8450	79
8451	11
8452	37
8453	70
8454	65
8455	12
8456	8
8457	67
8458	5
8459	1
8460	13
8461	48
8462	1
8463	24
8464	29
8465	12
8466	4
8467	12
8468	76
8469	93
8470	16
8471	24
8472	17
8473	69
8474	93
8475	29
8476	65
8477	43
8478	7
8479	65
8480	13
8481	56
8482	20
8483	89
8484	64
8485	1
8486	12
8487	61
8488	40
8489	11
8490	8
8491	54
8492	34
8493	39
8494	3
8495	31
8496	54
8497	22
8498	64
8499	14
8500	40
8501	53
8502	28
8503	26
8504	9
8505	58
8506	80
8507	87
8508	20
8509	63
8510	41
8511	33
8512	88
8513	61
8514	18
8515	31
8516	35
8517	24
8518	4
8519	34
8520	36
8521	72
8522	8
8523	32
8524	41
8525	64
8526	11
8527	41
8528	26
8529	55
8530	15
8531	38
8532	11
8533	51
8534	51
8535	41
8536	59
8537	10
8538	21
8539	14
8540	26
8541	9
8542	8
8543	12
8544	4
8545	81
8546	1
8547	5
8548	28
8549	10
8550	81
8551	13
8552	45
8553	14
8554	68
8555	8
8556	29
8557	57
8558	68
8559	7
8560	7
8561	62
8562	2
8563	28
8564	19
8565	15
8566	4
8567	43
8568	83
8569	47
8570	41
8571	12
8572	19
8573	27
8574	19
8575	8
8576	45
8577	19
8578	46
8579	30
8580	28
8581	41
8582	22
8583	92
8584	53
8585	53
8586	10
8587	17
8588	2
8589	50
8590	42
8591	1
8592	10
8593	35
8594	2
8595	1
8596	23
8597	17
8598	30
8599	97
8600	73
8601	1
8602	25
8603	14
8604	20
8605	42
8606	67
8607	25
8608	39
8609	37
8610	7
8611	24
8612	30
8613	28
8614	39
8615	33
8616	17
8617	85
8618	1
8619	1
8620	39
8621	90
8622	57
8623	45
8624	34
8625	4
8626	7
8627	19
8628	23
8629	4
8630	70
8631	28
8632	91
8633	3
8634	60
8635	26
8636	65
8637	28
8638	17
8639	54
8640	25
8641	20
8642	37
8643	34
8644	39
8645	23
8646	67
8647	25
8648	19
8649	96
8650	16
8651	1
8652	4
8653	4
8654	89
8655	17
8656	24
8657	37
8658	22
8659	19
8660	12
8661	88
8662	69
8663	43
8664	19
8665	29
8666	93
8667	27
8668	55
8669	14
8670	51
8671	15
8672	48
8673	6
8674	23
8675	43
8676	65
8677	11
8678	64
8679	32
8680	61
8681	78
8682	93
8683	5
8684	25
8685	60
8686	66
8687	45
8688	40
8689	1
8690	38
8691	67
8692	25
8693	9
8694	17
8695	16
8696	17
8697	23
8698	37
8699	39
8700	51
8701	1
8702	81
8703	72
8704	90
8705	49
8706	13
8707	19
8708	41
8709	10
8710	82
8711	42
8712	8
8713	7
8714	33
8715	63
8716	23
8717	34
8718	32
8719	58
8720	9
8721	10
8722	71
8723	25
8724	2
8725	26
8726	38
8727	27
8728	60
8729	21
8730	24
8731	2
8732	84
8733	7
8734	87
8735	35
8736	48
8737	1
8738	58
8739	5
8740	59
8741	6
8742	33
8743	97
8744	47
8745	8
8746	27
8747	8
8748	8
8749	12
8750	66
8751	85
8752	53
8753	96
8754	29
8755	41
8756	15
8757	52
8758	5
8759	1
8760	49
8761	42
8762	70
8763	91
8764	69
8765	43
8766	69
8767	69
8768	46
8769	12
8770	84
8771	15
8772	35
8773	2
8774	81
8775	76
8776	3
8777	1
8778	13
8779	34
8780	42
8781	18
8782	12
8783	68
8784	1
8785	33
8786	13
8787	48
8788	13
8789	57
8790	31
8791	6
8792	49
8793	37
8794	29
8795	84
8796	59
8797	69
8798	74
8799	68
8800	1
8801	38
8802	30
8803	4
8804	7
8805	73
8806	22
8807	45
8808	5
8809	13
8810	49
8811	2
8812	22
8813	55
8814	93
8815	4
8816	5
8817	5
8818	10
8819	74
8820	40
8821	5
8822	2
8823	57
8824	10
8825	71
8826	37
8827	17
8828	67
8829	8
8830	7
8831	15
8832	65
8833	48
8834	41
8835	10
8836	7
8837	79
8838	9
8839	26
8840	6
8841	4
8842	10
8843	79
8844	17
8845	80
8846	16
8847	13
8848	47
8849	9
8850	4
8851	13
8852	29
8853	32
8854	78
8855	25
8856	5
8857	1
8858	35
8859	97
8860	13
8861	7
8862	56
8863	55
8864	13
8865	12
8866	96
8867	5
8868	4
8869	86
8870	97
8871	45
8872	76
8873	45
8874	82
8875	1
8876	12
8877	8
8878	97
8879	27
8880	11
8881	95
8882	77
8883	12
8884	18
8885	60
8886	26
8887	25
8888	3
8889	3
8890	92
8891	2
8892	78
8893	25
8894	7
8895	4
8896	47
8897	26
8898	72
8899	20
8900	15
8901	70
8902	57
8903	37
8904	19
8905	86
8906	2
8907	45
8908	51
8909	92
8910	46
8911	89
8912	61
8913	36
8914	57
8915	53
8916	39
8917	19
8918	22
8919	89
8920	58
8921	71
8922	15
8923	13
8924	88
8925	1
8926	49
8927	3
8928	1
8929	26
8930	2
8931	1
8932	17
8933	12
8934	4
8935	1
8936	5
8937	2
8938	6
8939	58
8940	62
8941	51
8942	37
8943	54
8944	15
8945	32
8946	13
8947	12
8948	38
8949	44
8950	11
8951	3
8952	21
8953	43
8954	86
8955	13
8956	8
8957	2
8958	92
8959	48
8960	35
8961	28
8962	38
8963	15
8964	53
8965	53
8966	36
8967	45
8968	78
8969	58
8970	58
8971	1
8972	11
8973	32
8974	50
8975	33
8976	33
8977	4
8978	36
8979	20
8980	46
8981	57
8982	37
8983	35
8984	16
8985	93
8986	44
8987	39
8988	60
8989	36
8990	27
8991	50
8992	10
8993	16
8994	35
8995	59
8996	21
8997	2
8998	44
8999	49
9000	16
9001	14
9002	52
9003	16
9004	53
9005	95
9006	35
9007	8
9008	22
9009	77
9010	20
9011	4
9012	46
9013	30
9014	74
9015	31
9016	37
9017	6
9018	79
9019	2
9020	89
9021	1
9022	3
9023	88
9024	45
9025	10
9026	13
9027	43
9028	96
9029	44
9030	16
9031	4
9032	19
9033	7
9034	3
9035	42
9036	6
9037	50
9038	2
9039	18
9040	19
9041	9
9042	15
9043	49
9044	41
9045	20
9046	25
9047	21
9048	91
9049	48
9050	2
9051	7
9052	9
9053	1
9054	15
9055	45
9056	5
9057	29
9058	17
9059	92
9060	65
9061	42
9062	14
9063	58
9064	16
9065	76
9066	31
9067	50
9068	82
9069	18
9070	60
9071	9
9072	20
9073	18
9074	36
9075	23
9076	1
9077	4
9078	22
9079	66
9080	15
9081	14
9082	40
9083	74
9084	6
9085	18
9086	21
9087	6
9088	24
9089	91
9090	30
9091	34
9092	13
9093	17
9094	42
9095	1
9096	38
9097	5
9098	42
9099	60
9100	22
9101	56
9102	2
9103	50
9104	40
9105	45
9106	75
9107	40
9108	1
9109	13
9110	32
9111	88
9112	1
9113	7
9114	89
9115	37
9116	1
9117	31
9118	7
9119	43
9120	27
9121	13
9122	1
9123	6
9124	5
9125	52
9126	67
9127	44
9128	7
9129	31
9130	95
9131	25
9132	43
9133	1
9134	75
9135	12
9136	38
9137	88
9138	32
9139	8
9140	16
9141	26
9142	13
9143	19
9144	12
9145	31
9146	9
9147	78
9148	30
9149	25
9150	2
9151	2
9152	52
9153	21
9154	18
9155	5
9156	31
9157	5
9158	38
9159	70
9160	73
9161	86
9162	32
9163	16
9164	11
9165	1
9166	2
9167	44
9168	84
9169	97
9170	2
9171	14
9172	39
9173	86
9174	1
9175	66
9176	38
9177	32
9178	22
9179	33
9180	16
9181	36
9182	13
9183	83
9184	24
9185	30
9186	33
9187	35
9188	18
9189	1
9190	9
9191	56
9192	24
9193	16
9194	43
9195	35
9196	26
9197	81
9198	21
9199	5
9200	36
9201	51
9202	3
9203	11
9204	28
9205	7
9206	96
9207	19
9208	74
9209	97
9210	2
9211	91
9212	74
9213	39
9214	68
9215	16
9216	53
9217	4
9218	68
9219	47
9220	4
9221	3
9222	5
9223	21
9224	29
9225	64
9226	27
9227	13
9228	40
9229	13
9230	44
9231	45
9232	4
9233	44
9234	20
9235	87
9236	36
9237	51
9238	60
9239	57
9240	85
9241	41
9242	6
9243	53
9244	3
9245	8
9246	54
9247	51
9248	57
9249	1
9250	3
9251	4
9252	18
9253	54
9254	83
9255	43
9256	70
9257	11
9258	7
9259	8
9260	32
9261	94
9262	28
9263	54
9264	28
9265	88
9266	73
9267	50
9268	54
9269	86
9270	46
9271	34
9272	46
9273	23
9274	2
9275	39
9276	13
9277	52
9278	7
9279	43
9280	20
9281	72
9282	36
9283	58
9284	13
9285	58
9286	67
9287	75
9288	27
9289	63
9290	17
9291	22
9292	51
9293	66
9294	33
9295	59
9296	33
9297	37
9298	19
9299	40
9300	42
9301	84
9302	41
9303	83
9304	28
9305	54
9306	12
9307	1
9308	12
9309	96
9310	7
9311	49
9312	57
9313	56
9314	7
9315	25
9316	26
9317	50
9318	72
9319	35
9320	41
9321	87
9322	29
9323	70
9324	6
9325	12
9326	18
9327	3
9328	89
9329	69
9330	22
9331	79
9332	66
9333	96
9334	25
9335	58
9336	42
9337	78
9338	78
9339	6
9340	77
9341	34
9342	21
9343	4
9344	4
9345	15
9346	73
9347	14
9348	24
9349	51
9350	41
9351	5
9352	22
9353	46
9354	77
9355	27
9356	21
9357	90
9358	35
9359	2
9360	20
9361	8
9362	4
9363	80
9364	9
9365	2
9366	34
9367	3
9368	1
9369	40
9370	47
9371	9
9372	17
9373	16
9374	33
9375	59
9376	19
9377	17
9378	20
9379	8
9380	40
9381	1
9382	6
9383	26
9384	18
9385	36
9386	94
9387	39
9388	94
9389	39
9390	34
9391	15
9392	10
9393	1
9394	96
9395	1
9396	4
9397	1
9398	13
9399	13
9400	3
9401	83
9402	3
9403	2
9404	13
9405	51
9406	29
9407	49
9408	48
9409	4
9410	77
9411	91
9412	33
9413	23
9414	17
9415	42
9416	19
9417	25
9418	12
9419	15
9420	15
9421	17
9422	7
9423	46
9424	4
9425	10
9426	18
9427	32
9428	11
9429	74
9430	20
9431	83
9432	9
9433	33
9434	47
9435	42
9436	1
9437	49
9438	4
9439	1
9440	2
9441	41
9442	3
9443	15
9444	37
9445	10
9446	67
9447	96
9448	36
9449	36
9450	77
9451	18
9452	14
9453	86
9454	91
9455	50
9456	78
9457	21
9458	12
9459	5
9460	30
9461	63
9462	21
9463	35
9464	1
9465	10
9466	13
9467	59
9468	1
9469	41
9470	9
9471	13
9472	33
9473	3
9474	72
9475	13
9476	3
9477	56
9478	11
9479	50
9480	15
9481	77
9482	25
9483	2
9484	1
9485	23
9486	43
9487	72
9488	34
9489	2
9490	75
9491	1
9492	9
9493	35
9494	43
9495	55
9496	63
9497	8
9498	34
9499	84
9500	1
9501	33
9502	14
9503	60
9504	97
9505	89
9506	27
9507	85
9508	7
9509	42
9510	16
9511	70
9512	63
9513	12
9514	68
9515	22
9516	13
9517	57
9518	41
9519	19
9520	1
9521	46
9522	55
9523	10
9524	89
9525	22
9526	92
9527	18
9528	48
9529	27
9530	94
9531	4
9532	63
9533	19
9534	34
9535	32
9536	13
9537	27
9538	1
9539	27
9540	57
9541	44
9542	14
9543	50
9544	25
9545	42
9546	60
9547	71
9548	81
9549	95
9550	10
9551	38
9552	1
9553	75
9554	46
9555	76
9556	26
9557	16
9558	37
9559	52
9560	8
9561	34
9562	55
9563	17
9564	75
9565	5
9566	32
9567	68
9568	67
9569	70
9570	10
9571	21
9572	24
9573	61
9574	78
9575	26
9576	66
9577	1
9578	19
9579	38
9580	35
9581	85
9582	85
9583	14
9584	38
9585	44
9586	11
9587	82
9588	86
9589	1
9590	11
9591	74
9592	54
9593	13
9594	51
9595	34
9596	43
9597	42
9598	11
9599	3
9600	35
9601	56
9602	6
9603	40
9604	9
9605	85
9606	19
9607	57
9608	60
9609	48
9610	59
9611	11
9612	51
9613	72
9614	54
9615	36
9616	5
9617	42
9618	20
9619	46
9620	10
9621	8
9622	14
9623	64
9624	2
9625	25
9626	1
9627	25
9628	1
9629	76
9630	40
9631	1
9632	15
9633	1
9634	62
9635	43
9636	33
9637	36
9638	47
9639	29
9640	39
9641	1
9642	31
9643	19
9644	32
9645	50
9646	6
9647	29
9648	45
9649	30
9650	18
9651	58
9652	53
9653	33
9654	4
9655	26
9656	18
9657	7
9658	3
9659	41
9660	3
9661	13
9662	43
9663	1
9664	8
9665	23
9666	2
9667	48
9668	9
9669	5
9670	8
9671	32
9672	1
9673	71
9674	3
9675	19
9676	28
9677	74
9678	40
9679	76
9680	17
9681	22
9682	57
9683	26
9684	19
9685	81
9686	53
9687	70
9688	21
9689	56
9690	2
9691	73
9692	20
9693	4
9694	84
9695	11
9696	4
9697	92
9698	1
9699	6
9700	72
9701	14
9702	11
9703	36
9704	76
9705	30
9706	8
9707	60
9708	7
9709	58
9710	3
9711	17
9712	97
9713	37
9714	93
9715	13
9716	74
9717	96
9718	21
9719	2
9720	73
9721	9
9722	54
9723	20
9724	8
9725	20
9726	89
9727	48
9728	85
9729	28
9730	93
9731	38
9732	18
9733	65
9734	93
9735	6
9736	55
9737	64
9738	1
9739	56
9740	42
9741	7
9742	1
9743	1
9744	94
9745	27
9746	5
9747	81
9748	66
9749	42
9750	20
9751	19
9752	56
9753	26
9754	12
9755	6
9756	9
9757	48
9758	49
9759	52
9760	86
9761	29
9762	23
9763	1
9764	3
9765	28
9766	6
9767	9
9768	68
9769	61
9770	87
9771	35
9772	5
9773	86
9774	12
9775	46
9776	34
9777	70
9778	93
9779	69
9780	29
9781	7
9782	59
9783	12
9784	63
9785	7
9786	50
9787	1
9788	11
9789	44
9790	22
9791	80
9792	29
9793	10
9794	48
9795	14
9796	9
9797	90
9798	11
9799	5
9800	65
9801	71
9802	34
9803	56
9804	62
9805	7
9806	24
9807	18
9808	46
9809	20
9810	69
9811	41
9812	67
9813	39
9814	6
9815	8
9816	66
9817	2
9818	3
9819	6
9820	20
9821	76
9822	23
9823	35
9824	55
9825	1
9826	11
9827	87
9828	21
9829	3
9830	1
9831	5
9832	24
9833	44
9834	12
9835	10
9836	24
9837	35
9838	31
9839	66
9840	26
9841	14
9842	27
9843	6
9844	2
9845	19
9846	11
9847	47
9848	40
9849	57
9850	21
9851	49
9852	2
9853	59
9854	76
9855	42
9856	56
9857	15
9858	37
9859	21
9860	53
9861	12
9862	24
9863	84
9864	17
9865	82
9866	7
9867	32
9868	24
9869	87
9870	24
9871	23
9872	34
9873	59
9874	34
9875	20
9876	38
9877	86
9878	33
9879	15
9880	15
9881	30
9882	67
9883	41
9884	18
9885	60
9886	25
9887	61
9888	1
9889	20
9890	38
9891	38
9892	2
9893	1
9894	44
9895	42
9896	51
9897	17
9898	3
9899	67
9900	73
9901	56
9902	43
9903	4
9904	52
9905	19
9906	34
9907	28
9908	63
9909	10
9910	11
9911	42
9912	2
9913	12
9914	7
9915	8
9916	23
9917	28
9918	16
9919	90
9920	70
9921	29
9922	46
9923	16
9924	36
9925	81
9926	25
9927	1
9928	78
9929	8
9930	20
9931	10
9932	23
9933	71
9934	82
9935	6
9936	79
9937	15
9938	78
9939	35
9940	34
9941	10
9942	17
9943	89
9944	2
9945	47
9946	29
9947	7
9948	22
9949	12
9950	59
9951	9
9952	28
9953	46
9954	81
9955	67
9956	13
9957	18
9958	12
9959	73
9960	58
9961	1
9962	38
9963	36
9964	27
9965	43
9966	88
9967	94
9968	62
9969	30
9970	14
9971	5
9972	7
9973	23
9974	85
9975	59
9976	17
9977	61
9978	47
9979	22
9980	6
9981	1
9982	93
9983	7
9984	92
9985	96
9986	62
9987	39
9988	3
9989	60
9990	16
9991	58
9992	70
9993	71
9994	16
9995	71
9996	26
9997	1
9998	14
9999	82
10000	45
