1	2
1	8
1	10
1	13
1	32
1	37
1	40
1	44
1	48
1	51
1	78
1	94
1	95
1	108
1	116
1	132
1	170
1	232
1	239
1	259
1	265
1	275
1	308
1	397
1	416
1	438
1	444
1	450
1	493
1	506
1	507
1	545
1	561
1	579
1	591
1	608
1	670
1	675
1	718
1	758
1	807
1	809
1	842
1	878
1	883
2	11
2	19
2	21
2	28
2	30
2	40
2	44
2	58
2	64
2	68
2	75
2	86
2	91
2	98
2	108
2	115
2	132
2	177
2	198
2	231
2	267
2	291
2	370
2	432
2	438
2	469
2	485
2	497
2	506
2	537
2	542
2	547
2	600
2	606
2	648
2	718
2	795
2	809
2	844
2	930
2	936
3	5
3	15
3	24
3	33
3	37
3	57
3	77
3	80
3	95
3	98
3	107
3	110
3	115
3	128
3	133
3	135
3	142
3	165
3	283
3	293
3	319
3	344
3	358
3	379
3	400
3	414
3	443
3	494
3	576
3	595
3	618
3	620
3	706
3	729
3	783
3	791
3	815
3	820
3	850
4	8
4	11
4	13
4	17
4	49
4	59
4	83
4	86
4	91
4	119
4	133
4	144
4	180
4	189
4	207
4	222
4	231
4	273
4	288
4	292
4	313
4	314
4	338
4	351
4	363
4	364
4	391
4	425
4	435
4	463
4	504
4	574
4	585
4	617
4	722
4	742
4	854
4	908
4	977
5	10
5	12
5	13
5	31
5	91
5	96
5	136
5	152
5	170
5	178
5	182
5	219
5	227
5	254
5	265
5	266
5	281
5	295
5	305
5	317
5	319
5	335
5	406
5	425
5	426
5	446
5	475
5	511
5	541
5	549
5	555
5	650
5	671
5	755
5	758
5	882
5	946
5	949
6	11
6	18
6	23
6	26
6	30
6	40
6	47
6	87
6	100
6	102
6	133
6	155
6	215
6	233
6	236
6	249
6	309
6	334
6	360
6	390
6	447
6	452
6	460
6	490
6	538
6	586
6	589
6	647
6	694
6	709
6	726
6	763
6	791
6	841
6	845
6	867
6	911
6	914
7	8
7	15
7	19
7	21
7	30
7	35
7	48
7	81
7	109
7	114
7	121
7	166
7	186
7	204
7	241
7	284
7	327
7	352
7	359
7	396
7	431
7	434
7	475
7	502
7	509
7	546
7	598
7	612
7	664
7	789
7	885
7	935
7	962
7	964
7	965
7	970
8	13
8	16
8	21
8	25
8	50
8	51
8	62
8	72
8	90
8	99
8	113
8	136
8	144
8	157
8	189
8	212
8	221
8	269
8	381
8	391
8	403
8	463
8	496
8	528
8	596
8	641
8	669
8	774
8	851
8	949
8	962
9	17
9	32
9	78
9	84
9	90
9	118
9	145
9	150
9	151
9	163
9	208
9	225
9	300
9	303
9	326
9	328
9	363
9	391
9	399
9	477
9	604
9	607
9	716
9	765
9	817
9	822
9	826
9	844
9	879
9	915
9	970
9	983
9	999
10	15
10	28
10	29
10	31
10	49
10	55
10	109
10	124
10	125
10	158
10	185
10	219
10	220
10	317
10	332
10	358
10	366
10	395
10	481
10	523
10	541
10	548
10	555
10	584
10	630
10	642
10	684
10	731
10	755
10	853
10	981
11	26
11	47
11	65
11	74
11	89
11	139
11	177
11	188
11	200
11	228
11	277
11	334
11	382
11	411
11	436
11	488
11	573
11	602
11	603
11	663
11	694
11	716
11	796
11	841
11	886
11	949
11	956
11	979
11	987
12	31
12	39
12	45
12	95
12	158
12	160
12	166
12	195
12	196
12	219
12	226
12	253
12	272
12	329
12	344
12	385
12	395
12	406
12	423
12	443
12	472
12	541
12	543
12	549
12	573
12	615
12	616
12	731
12	743
12	753
13	32
13	50
13	91
13	93
13	99
13	119
13	212
13	219
13	221
13	223
13	271
13	288
13	296
13	361
13	402
13	421
13	425
13	463
13	472
13	586
13	618
13	649
13	653
13	826
13	851
13	908
14	20
14	43
14	47
14	76
14	83
14	101
14	111
14	125
14	138
14	142
14	146
14	147
14	181
14	229
14	312
14	339
14	372
14	604
14	675
14	688
14	696
14	727
14	769
14	831
14	848
14	874
14	899
14	908
14	966
14	974
15	24
15	51
15	57
15	80
15	118
15	131
15	201
15	205
15	252
15	261
15	278
15	321
15	324
15	347
15	415
15	426
15	444
15	515
15	588
15	791
15	800
15	889
15	890
15	922
15	949
15	996
16	21
16	37
16	42
16	81
16	117
16	164
16	212
16	219
16	241
16	264
16	314
16	316
16	355
16	448
16	479
16	502
16	609
16	633
16	687
16	734
16	745
16	775
16	813
16	858
16	897
16	951
16	958
16	965
17	32
17	42
17	46
17	70
17	98
17	105
17	115
17	156
17	208
17	213
17	243
17	303
17	319
17	428
17	467
17	476
17	501
17	568
17	632
17	647
17	669
17	680
17	690
17	738
17	743
17	879
17	969
18	33
18	54
18	92
18	102
18	120
18	131
18	138
18	174
18	182
18	191
18	195
18	202
18	245
18	286
18	418
18	427
18	430
18	467
18	483
18	491
18	492
18	569
18	656
18	814
18	886
18	887
18	990
19	21
19	35
19	81
19	82
19	87
19	112
19	117
19	168
19	186
19	187
19	265
19	284
19	290
19	304
19	371
19	461
19	477
19	569
19	576
19	620
19	629
19	640
19	704
19	718
19	997
20	43
20	116
20	132
20	137
20	169
20	181
20	242
20	260
20	312
20	388
20	465
20	504
20	523
20	575
20	627
20	629
20	668
20	682
20	692
20	714
20	770
20	788
20	830
20	833
20	900
20	963
21	23
21	42
21	112
21	114
21	161
21	168
21	190
21	354
21	368
21	396
21	426
21	448
21	598
21	608
21	615
21	723
21	758
21	775
21	841
21	846
21	935
21	971
22	85
22	96
22	117
22	138
22	148
22	172
22	183
22	382
22	386
22	388
22	419
22	499
22	519
22	583
22	597
22	619
22	654
22	727
22	751
22	802
22	840
22	852
22	868
22	880
22	942
22	987
23	29
23	32
23	73
23	134
23	165
23	167
23	187
23	198
23	199
23	211
23	309
23	328
23	453
23	509
23	513
23	525
23	530
23	684
23	714
23	825
23	852
23	955
23	971
24	60
24	110
24	125
24	135
24	137
24	142
24	173
24	181
24	223
24	316
24	347
24	376
24	401
24	469
24	494
24	534
24	537
24	606
24	757
24	760
24	906
24	965
25	50
25	87
25	100
25	101
25	163
25	226
25	236
25	249
25	319
25	388
25	407
25	413
25	447
25	464
25	472
25	498
25	624
25	672
25	727
25	757
25	794
25	802
25	870
26	41
26	47
26	58
26	69
26	129
26	156
26	171
26	228
26	237
26	279
26	337
26	359
26	366
26	389
26	530
26	544
26	602
26	703
26	737
26	814
26	867
27	51
27	56
27	79
27	97
27	104
27	105
27	161
27	166
27	205
27	230
27	261
27	384
27	419
27	524
27	597
27	674
27	704
27	801
27	860
27	901
27	961
27	986
28	56
28	93
28	96
28	97
28	143
28	154
28	202
28	227
28	233
28	265
28	305
28	408
28	425
28	476
28	579
28	639
28	739
28	807
28	882
28	997
29	38
29	63
29	134
29	178
29	189
29	211
29	298
29	312
29	342
29	410
29	433
29	500
29	526
29	556
29	624
29	638
29	700
29	848
29	855
29	926
30	46
30	85
30	113
30	176
30	183
30	196
30	210
30	266
30	325
30	412
30	441
30	459
30	496
30	520
30	614
30	845
30	860
30	929
30	977
31	96
31	142
31	182
31	187
31	225
31	238
31	272
31	361
31	408
31	443
31	446
31	480
31	517
31	548
31	606
31	743
31	786
31	857
31	923
32	47
32	70
32	124
32	129
32	166
32	265
32	314
32	326
32	359
32	379
32	382
32	590
32	647
32	666
32	732
32	740
32	798
33	64
33	92
33	101
33	159
33	218
33	302
33	356
33	358
33	405
33	418
33	439
33	578
33	635
33	743
33	760
33	765
33	828
33	851
33	852
34	47
34	92
34	128
34	145
34	157
34	179
34	310
34	385
34	399
34	430
34	441
34	456
34	518
34	616
34	835
34	868
34	904
34	919
34	962
34	966
34	968
35	41
35	42
35	77
35	97
35	122
35	133
35	153
35	316
35	359
35	564
35	566
35	586
35	614
35	660
35	759
35	896
35	928
35	947
35	991
36	45
36	95
36	189
36	257
36	295
36	304
36	341
36	353
36	367
36	369
36	378
36	394
36	437
36	561
36	612
36	634
36	728
36	818
36	847
36	871
36	925
37	38
37	46
37	53
37	57
37	77
37	121
37	161
37	192
37	209
37	265
37	344
37	482
37	540
37	569
37	752
37	871
37	996
38	73
38	109
38	165
38	175
38	206
38	210
38	211
38	251
38	258
38	321
38	386
38	445
38	476
38	650
38	725
38	739
38	740
38	947
39	62
39	75
39	88
39	116
39	149
39	194
39	199
39	223
39	268
39	274
39	352
39	487
39	489
39	537
39	640
39	703
39	707
39	836
39	941
40	44
40	51
40	95
40	124
40	132
40	144
40	175
40	184
40	211
40	259
40	297
40	314
40	561
40	622
40	683
40	793
40	881
41	52
41	53
41	74
41	81
41	100
41	126
41	238
41	244
41	253
41	285
41	294
41	316
41	354
41	359
41	424
41	448
41	692
41	858
42	52
42	67
42	70
42	91
42	93
42	114
42	184
42	207
42	294
42	333
42	338
42	354
42	475
42	548
42	670
43	116
43	160
43	188
43	236
43	242
43	248
43	260
43	274
43	482
43	552
43	571
43	667
43	674
43	732
43	735
43	801
43	853
44	70
44	87
44	95
44	256
44	280
44	281
44	320
44	399
44	466
44	542
44	600
44	613
44	842
44	870
44	897
44	945
45	57
45	110
45	205
45	268
45	320
45	346
45	365
45	410
45	451
45	533
45	537
45	752
45	776
45	832
45	862
45	889
45	950
46	67
46	122
46	145
46	229
46	255
46	266
46	325
46	329
46	440
46	500
46	599
46	737
46	843
46	867
46	870
46	893
47	108
47	137
47	184
47	224
47	263
47	411
47	501
47	515
47	524
47	610
47	627
47	678
47	847
48	104
48	106
48	173
48	220
48	254
48	334
48	397
48	404
48	542
48	615
48	626
48	631
48	663
48	726
48	748
48	954
48	990
49	69
49	89
49	149
49	164
49	250
49	286
49	301
49	357
49	404
49	450
49	521
49	522
49	724
49	746
49	935
49	937
50	90
50	99
50	111
50	113
50	138
50	211
50	221
50	423
50	511
50	516
50	555
50	844
50	916
50	925
50	968
51	81
51	94
51	132
51	218
51	259
51	278
51	316
51	322
51	333
51	633
51	923
51	945
51	991
52	81
52	117
52	123
52	139
52	167
52	316
52	376
52	446
52	449
52	527
52	670
52	759
52	821
52	853
52	986
52	997
53	57
53	61
53	159
53	196
53	283
53	294
53	346
53	380
53	444
53	452
53	496
53	510
53	585
53	607
53	815
53	823
54	68
54	102
54	112
54	131
54	332
54	389
54	428
54	492
54	510
54	578
54	584
54	646
54	685
54	730
54	759
54	828
54	934
55	56
55	68
55	104
55	105
55	111
55	120
55	123
55	208
55	213
55	256
55	345
55	487
55	524
55	572
55	582
55	712
55	792
56	77
56	105
56	161
56	184
56	199
56	235
56	284
56	361
56	427
56	431
56	463
56	524
56	652
56	750
56	822
57	143
57	179
57	231
57	278
57	285
57	298
57	307
57	319
57	324
57	346
57	815
57	953
57	992
58	65
58	78
58	162
58	166
58	252
58	297
58	532
58	601
58	659
58	662
58	714
58	778
58	826
58	896
58	979
59	73
59	90
59	91
59	157
59	163
59	198
59	231
59	414
59	421
59	607
59	641
59	685
59	817
59	851
59	928
59	998
60	71
60	113
60	178
60	191
60	281
60	293
60	297
60	369
60	515
60	518
60	634
60	785
60	803
60	827
60	838
60	893
61	113
61	171
61	302
61	411
61	426
61	468
61	469
61	531
61	533
61	558
61	578
61	697
61	906
61	917
61	922
61	972
62	180
62	192
62	199
62	258
62	335
62	376
62	398
62	452
62	529
62	599
62	641
62	673
62	745
62	895
62	969
63	156
63	178
63	187
63	211
63	235
63	251
63	261
63	264
63	277
63	478
63	519
63	619
63	819
63	955
63	962
63	982
64	122
64	130
64	153
64	208
64	212
64	223
64	233
64	262
64	349
64	352
64	472
64	658
64	681
64	941
65	96
65	139
65	195
65	228
65	236
65	276
65	433
65	490
65	530
65	634
65	710
65	805
65	833
65	977
66	76
66	105
66	113
66	123
66	162
66	306
66	318
66	333
66	409
66	419
66	477
66	478
66	545
66	717
66	781
66	965
67	97
67	153
67	191
67	262
67	293
67	306
67	440
67	518
67	690
67	713
67	880
67	895
67	938
67	960
68	88
68	95
68	132
68	218
68	323
68	376
68	492
68	606
68	632
68	637
68	648
68	975
68	987
69	113
69	122
69	169
69	290
69	321
69	336
69	350
69	392
69	598
69	643
69	651
69	875
69	914
69	946
70	156
70	213
70	288
70	332
70	333
70	339
70	366
70	416
70	529
70	634
70	666
70	785
71	132
71	143
71	216
71	287
71	297
71	299
71	367
71	417
71	444
71	452
71	566
71	744
71	777
71	804
71	944
72	83
72	89
72	122
72	158
72	164
72	250
72	360
72	390
72	465
72	689
72	761
72	875
72	877
72	914
72	945
73	94
73	210
73	232
73	375
73	394
73	509
73	594
73	607
73	622
73	715
73	819
73	905
73	927
74	84
74	90
74	191
74	363
74	366
74	379
74	407
74	428
74	491
74	497
74	546
74	574
74	848
74	854
75	88
75	192
75	398
75	412
75	679
75	707
75	762
75	856
75	862
75	913
75	931
75	952
75	988
76	226
76	229
76	242
76	248
76	330
76	544
76	570
76	589
76	627
76	693
76	812
76	921
76	934
77	95
77	110
77	133
77	135
77	142
77	158
77	226
77	246
77	380
77	620
77	917
78	211
78	224
78	245
78	284
78	300
78	330
78	610
78	696
78	699
78	722
78	780
78	868
79	100
79	120
79	145
79	161
79	197
79	235
79	409
79	438
79	572
79	625
79	717
79	755
79	866
79	984
80	101
80	111
80	146
80	160
80	312
80	372
80	559
80	567
80	595
80	627
80	718
80	759
80	924
81	104
81	165
81	276
81	392
81	481
81	625
81	636
81	746
81	899
82	90
82	140
82	142
82	154
82	219
82	272
82	366
82	446
82	489
82	554
82	807
82	854
82	877
82	972
83	106
83	138
83	163
83	220
83	229
83	282
83	644
83	658
83	794
83	835
83	883
83	943
84	208
84	222
84	276
84	280
84	327
84	342
84	446
84	574
84	668
84	698
84	742
84	756
84	951
85	145
85	148
85	225
85	308
85	309
85	332
85	401
85	411
85	424
85	521
85	551
85	942
85	969
86	124
86	148
86	189
86	206
86	212
86	222
86	445
86	453
86	476
86	632
86	680
86	824
86	915
87	139
87	162
87	165
87	168
87	240
87	243
87	501
87	516
87	733
87	787
87	857
88	101
88	128
88	153
88	212
88	227
88	233
88	462
88	775
88	836
88	903
88	904
88	975
89	143
89	149
89	261
89	313
89	316
89	339
89	357
89	367
89	594
89	874
89	875
89	955
90	109
90	130
90	157
90	238
90	382
90	519
90	522
90	949
90	964
91	118
91	119
91	130
91	180
91	246
91	420
91	445
91	548
91	761
92	131
92	174
92	176
92	202
92	212
92	253
92	289
92	302
92	338
92	677
92	685
92	781
93	133
93	345
93	355
93	569
93	571
93	701
93	748
93	818
93	858
93	863
93	958
93	970
94	116
94	132
94	232
94	394
94	494
94	610
94	760
94	795
94	878
94	964
94	993
95	104
95	108
95	190
95	505
95	545
95	572
96	102
96	115
96	141
96	395
96	541
96	575
96	606
96	684
96	744
97	106
97	252
97	262
97	424
97	512
97	520
97	583
97	682
97	813
97	838
98	245
98	282
98	454
98	597
98	626
98	631
98	726
98	775
98	835
98	940
98	982
99	207
99	320
99	323
99	389
99	414
99	480
99	483
99	599
99	641
99	808
99	997
100	206
100	272
100	430
100	488
100	507
100	515
100	532
100	672
100	688
100	872
101	125
101	181
101	183
101	336
101	483
101	559
101	575
101	646
101	830
102	175
102	287
102	492
102	510
102	544
102	738
102	760
102	876
102	908
102	983
103	107
103	172
103	203
103	274
103	289
103	303
103	330
103	385
103	387
103	539
103	676
103	742
103	749
103	883
104	120
104	137
104	149
104	175
104	268
104	393
104	400
104	477
104	911
105	123
105	256
105	276
105	311
105	318
105	597
105	643
105	851
105	878
106	127
106	163
106	237
106	331
106	409
106	558
106	567
106	571
106	626
106	985
106	989
107	118
107	216
107	228
107	237
107	279
107	322
107	385
107	447
107	592
107	742
107	782
107	811
108	205
108	240
108	267
108	300
108	611
108	720
108	734
108	782
108	787
108	792
109	116
109	121
109	136
109	253
109	255
109	294
109	354
109	368
109	629
109	670
110	119
110	254
110	326
110	346
110	668
110	752
110	757
110	786
110	889
110	921
111	120
111	187
111	273
111	336
111	429
111	696
111	741
111	813
111	848
111	929
112	220
112	327
112	347
112	418
112	571
112	588
112	640
112	754
112	902
112	970
113	168
113	221
113	231
113	288
113	500
113	865
114	170
114	340
114	344
114	355
114	503
114	563
114	769
114	784
114	899
114	978
115	133
115	191
115	411
115	462
115	482
115	495
115	567
115	903
115	951
116	185
116	268
116	363
116	396
116	465
116	498
116	859
117	234
117	276
117	297
117	310
117	383
117	397
117	508
117	660
117	934
118	190
118	203
118	249
118	377
118	384
118	557
118	713
118	939
118	961
119	130
119	135
119	207
119	264
119	312
119	471
119	519
119	589
119	770
120	128
120	197
120	318
120	582
120	597
120	617
120	640
120	796
121	267
121	300
121	401
121	469
121	480
121	533
121	540
121	581
121	697
121	869
122	164
122	234
122	240
122	390
122	442
122	594
122	946
122	960
123	175
123	253
123	306
123	428
123	431
123	665
123	741
123	746
123	986
124	134
124	222
124	332
124	363
124	491
124	494
124	556
124	662
124	684
125	204
125	242
125	248
125	396
125	406
125	695
125	735
125	823
125	838
126	179
126	302
126	329
126	331
126	332
126	346
126	380
126	565
126	737
126	756
126	868
126	919
127	138
127	153
127	167
127	206
127	243
127	282
127	329
127	568
127	834
127	910
127	954
127	967
128	200
128	308
128	310
128	311
128	348
128	520
128	573
128	673
128	881
129	143
129	299
129	315
129	365
129	369
129	552
129	587
129	677
129	823
129	827
129	842
130	143
130	156
130	162
130	234
130	331
130	361
130	421
130	435
130	723
131	195
131	287
131	325
131	392
131	427
131	532
131	805
131	911
131	988
132	177
132	234
132	554
132	690
132	904
133	159
133	201
133	324
133	365
133	587
133	948
134	171
134	218
134	410
134	517
134	518
134	629
134	715
134	819
134	855
134	909
135	209
135	344
135	480
135	486
135	689
135	788
135	917
135	948
136	336
136	339
136	348
136	423
136	483
136	593
136	660
136	973
136	977
137	197
137	256
137	306
137	526
137	680
137	697
137	746
137	763
138	146
138	167
138	177
138	270
138	291
138	943
139	224
139	228
139	360
139	543
139	720
139	725
139	733
139	989
140	185
140	282
140	417
140	579
140	601
140	772
140	803
140	837
140	875
140	936
140	995
141	154
141	210
141	451
141	556
141	611
141	636
141	646
141	686
141	772
141	854
141	999
142	324
142	479
142	619
142	657
142	800
142	948
143	341
143	367
143	391
143	405
143	677
143	856
144	165
144	277
144	339
144	474
144	524
144	589
144	593
144	604
144	654
145	183
145	266
145	321
145	337
145	488
145	497
145	794
146	242
146	264
146	307
146	384
146	490
146	506
146	734
146	774
146	831
147	161
147	213
147	263
147	355
147	467
147	530
147	599
147	617
147	751
147	849
147	861
148	348
148	406
148	583
148	588
148	612
148	816
148	839
148	852
148	998
149	334
149	350
149	384
149	450
149	563
149	651
149	720
149	958
150	155
150	185
150	237
150	287
150	388
150	511
150	657
150	806
150	820
150	870
150	952
151	225
151	264
151	272
151	326
151	350
151	387
151	403
151	428
151	436
151	704
151	837
152	155
152	228
152	274
152	285
152	309
152	360
152	393
152	619
152	664
152	671
152	733
153	193
153	227
153	335
153	392
153	609
153	621
153	904
154	223
154	294
154	372
154	406
154	431
154	578
154	810
154	981
155	227
155	255
155	387
155	457
155	565
155	595
155	698
155	711
156	173
156	277
156	407
156	422
156	923
156	933
157	262
157	474
157	481
157	671
157	798
157	916
157	968
158	162
158	182
158	228
158	446
158	478
158	642
158	728
159	297
159	327
159	458
159	620
159	644
159	869
159	890
159	972
160	257
160	341
160	405
160	468
160	744
160	831
160	839
160	847
161	219
161	477
161	539
161	665
161	984
162	404
162	699
162	826
162	903
162	959
162	961
163	583
163	622
163	644
163	661
163	902
163	968
164	313
164	450
164	462
164	464
164	466
164	543
164	557
165	378
165	403
165	525
165	655
165	947
166	198
166	213
166	340
166	407
166	818
166	989
167	201
167	220
167	377
167	447
167	622
167	644
167	774
168	368
168	468
168	563
168	586
168	621
168	642
168	821
169	261
169	286
169	370
169	429
169	522
169	702
169	747
169	803
169	943
170	250
170	370
170	374
170	376
170	613
170	645
170	669
170	720
171	198
171	222
171	360
171	538
171	638
171	757
171	800
171	913
172	188
172	255
172	347
172	367
172	424
172	499
172	516
172	559
172	869
173	241
173	382
173	439
173	440
173	512
173	599
173	849
173	919
174	202
174	266
174	418
174	453
174	503
174	600
174	836
174	920
174	957
175	178
175	189
175	194
175	235
175	572
175	666
176	195
176	236
176	330
176	358
176	439
176	646
176	831
176	886
176	955
177	232
177	251
177	280
177	328
177	333
177	536
177	789
178	328
178	353
178	500
178	697
178	748
178	944
179	188
179	348
179	381
179	395
179	529
179	627
179	766
179	897
180	271
180	348
180	553
180	607
180	608
180	689
180	736
180	944
181	298
181	353
181	396
181	460
181	604
181	829
181	935
182	432
182	457
182	728
182	806
182	824
182	989
183	430
183	486
183	519
183	525
183	623
183	993
184	208
184	215
184	237
184	249
184	337
184	573
185	348
185	534
185	696
185	710
185	739
185	877
186	240
186	317
186	379
186	549
186	581
186	885
186	934
186	958
187	292
187	469
187	509
187	564
187	673
188	216
188	558
188	594
188	772
188	893
188	987
189	244
189	288
189	708
189	1000
190	251
190	258
190	384
190	394
190	473
190	811
190	960
191	206
191	591
191	688
191	903
191	983
192	233
192	299
192	335
192	460
192	591
192	778
192	936
193	219
193	335
193	336
193	399
193	513
193	637
193	761
193	783
193	941
194	256
194	315
194	400
194	453
194	454
194	526
194	580
194	625
195	202
195	239
195	246
195	296
195	305
196	265
196	375
196	432
196	459
196	559
196	570
196	684
197	301
197	460
197	665
197	780
197	822
197	932
197	937
198	215
198	560
198	652
198	770
198	825
199	223
199	470
199	621
199	639
199	880
199	980
200	224
200	260
200	355
200	610
200	647
200	901
200	918
200	956
201	290
201	409
201	417
201	449
201	588
201	832
201	896
202	321
202	330
202	463
202	656
202	866
203	209
203	289
203	316
203	373
203	455
203	474
203	794
203	863
204	264
204	269
204	444
204	458
204	587
204	695
204	819
204	853
205	340
205	344
205	482
205	496
205	653
205	793
206	366
206	371
206	400
206	694
206	859
207	260
207	414
207	445
207	535
207	817
207	981
208	243
208	342
208	497
208	940
209	255
209	340
209	365
209	547
209	636
209	829
209	896
210	386
210	547
210	669
210	674
210	926
210	976
211	246
211	353
211	440
212	550
212	931
212	969
213	243
213	387
213	605
213	738
213	899
214	269
214	307
214	372
214	374
214	441
214	538
214	575
214	599
214	604
214	770
215	240
215	511
215	528
215	552
215	573
215	868
215	884
216	345
216	424
216	538
216	543
216	565
216	894
216	993
217	289
217	373
217	539
217	562
217	588
217	764
217	799
217	811
217	930
217	942
218	259
218	362
218	508
218	581
218	672
218	749
219	443
219	592
220	291
220	349
220	862
220	884
220	990
221	449
221	462
221	585
221	594
221	792
221	849
222	451
222	476
222	544
222	746
222	933
223	415
223	467
223	658
223	716
224	472
224	521
224	526
224	595
224	833
224	872
225	257
225	303
225	476
225	605
225	662
225	835
226	268
226	269
226	587
226	667
226	921
226	933
227	398
227	715
227	892
227	952
227	988
228	412
228	841
229	480
229	605
229	695
229	848
229	876
230	398
230	434
230	449
230	514
230	517
230	549
230	575
230	613
231	320
231	618
231	677
231	699
232	242
232	310
232	376
232	572
232	842
233	378
233	582
233	704
233	963
234	296
234	437
234	474
234	553
234	593
235	409
235	625
235	634
235	790
235	861
236	250
236	286
236	302
236	659
237	478
237	558
237	657
237	833
238	241
238	253
238	327
238	502
238	534
238	898
239	324
239	439
239	471
239	635
239	805
239	837
239	908
240	279
240	343
240	709
240	785
241	276
241	296
241	660
241	760
241	773
242	379
242	457
242	676
243	497
243	632
243	885
243	943
244	551
244	562
244	608
244	649
244	919
244	957
244	959
245	270
245	356
245	389
245	576
245	973
245	981
246	351
246	364
246	932
246	953
246	995
247	262
247	455
247	534
247	702
247	710
247	788
247	818
247	952
247	961
248	322
248	328
248	734
248	811
248	876
248	907
249	273
249	309
249	313
249	389
249	897
250	313
250	747
250	777
250	937
250	970
251	500
251	751
251	881
251	902
251	905
252	295
252	404
252	678
252	711
252	918
252	996
253	467
253	475
253	767
254	375
254	489
254	515
254	739
254	790
254	855
255	263
255	308
255	652
255	865
256	487
256	582
256	777
256	790
257	299
257	304
257	405
257	456
257	488
257	878
258	278
258	322
258	420
258	767
258	784
258	799
259	393
259	484
259	615
259	628
259	828
260	496
260	498
260	559
260	620
260	840
261	479
261	747
261	861
261	893
262	275
262	413
262	834
262	881
263	310
263	313
263	412
263	448
263	551
263	749
264	538
264	730
264	855
265	375
265	534
266	731
266	754
266	933
266	957
267	438
267	604
267	683
267	700
267	915
267	958
268	269
268	667
268	732
268	965
269	281
269	301
269	362
269	533
270	331
270	400
270	598
270	615
270	700
270	719
270	801
271	306
271	307
271	362
271	401
271	719
271	729
271	859
272	317
272	326
272	424
272	755
273	379
273	399
273	565
273	643
273	740
273	824
274	330
274	436
274	464
274	577
274	776
275	394
275	508
275	547
275	609
275	675
275	789
275	832
276	542
276	591
276	998
277	342
277	371
277	789
277	828
277	873
278	319
278	433
278	588
278	598
278	967
279	310
279	426
279	523
279	740
279	802
279	806
280	318
280	370
280	405
280	493
280	718
280	930
281	374
281	405
281	484
281	736
281	992
282	504
282	713
282	766
282	842
282	992
283	433
283	458
283	483
283	540
283	681
283	728
283	951
284	580
284	802
284	911
284	912
284	918
285	343
285	355
285	546
285	721
285	768
285	938
286	296
286	350
286	761
286	889
286	906
287	337
287	866
287	874
287	920
288	421
288	550
288	690
289	322
289	596
289	863
289	865
290	475
290	651
290	664
290	769
290	817
291	351
291	576
291	623
291	726
291	898
292	328
292	349
292	418
292	730
292	785
292	913
293	299
293	304
293	341
293	356
293	490
294	514
294	630
294	902
295	305
295	333
295	353
295	686
295	890
296	338
296	519
296	871
297	484
297	679
298	418
298	544
298	692
298	814
298	966
299	437
299	560
299	708
300	445
300	535
300	652
300	942
301	338
301	339
301	639
301	689
301	918
302	460
302	566
302	743
303	357
303	451
303	564
303	570
304	320
304	341
304	632
304	882
305	466
305	705
305	813
305	954
306	323
306	652
306	956
307	493
307	729
307	824
307	941
308	628
308	793
308	816
308	846
309	369
309	459
309	532
310	375
310	434
311	330
311	343
311	464
311	551
311	596
311	705
312	362
312	435
312	479
313	643
313	905
314	344
314	359
314	392
314	546
315	375
315	437
315	552
315	612
315	790
315	963
317	354
317	395
317	486
317	994
318	328
318	571
318	717
318	934
319	346
319	821
320	617
320	639
320	869
321	345
321	551
321	701
322	577
322	631
322	709
323	364
323	709
323	783
323	946
323	1000
324	415
324	892
324	898
325	380
325	383
325	495
325	562
325	666
326	385
326	785
326	976
327	386
327	766
327	928
328	453
329	459
329	473
329	584
329	845
330	596
331	357
331	693
331	910
331	982
332	765
332	983
333	436
333	493
334	413
334	439
334	452
334	502
335	354
335	655
335	815
336	388
336	419
336	921
337	645
337	674
337	872
337	995
338	381
338	695
338	994
339	664
339	844
340	512
340	896
340	939
340	972
341	495
341	499
341	959
342	393
342	570
342	705
342	756
343	455
343	603
343	624
343	663
343	778
344	401
345	449
345	490
345	723
345	957
346	527
346	885
347	495
347	561
347	721
347	821
348	531
348	1000
349	378
349	637
349	655
349	892
349	912
350	516
350	681
350	687
350	980
351	365
351	421
351	528
351	844
351	926
352	374
352	487
352	513
352	834
352	953
353	560
353	902
353	947
354	428
354	470
355	947
355	998
356	421
356	576
356	748
356	966
356	968
357	521
357	553
357	724
357	920
358	430
358	458
358	805
358	828
359	370
359	481
360	711
360	744
361	383
361	528
361	772
362	433
362	525
362	978
363	364
363	505
364	622
364	750
364	797
365	781
365	993
366	570
367	397
367	623
368	685
368	707
368	769
368	940
369	432
369	683
369	856
370	535
370	809
371	485
371	605
371	821
371	955
372	732
372	917
372	918
373	451
373	464
373	545
373	809
373	939
374	707
374	941
374	963
375	890
376	547
377	548
377	635
377	686
377	797
377	854
378	403
378	650
378	950
379	837
380	696
380	764
380	993
381	503
381	762
381	820
381	977
382	565
382	967
383	640
383	645
383	846
383	899
384	539
384	808
385	577
385	929
386	632
386	686
386	976
387	396
387	422
387	915
388	486
388	585
389	603
389	833
390	419
390	429
390	479
390	611
391	463
391	474
391	801
392	401
392	461
393	416
393	700
393	793
394	438
394	700
395	702
395	750
396	576
397	454
397	732
397	898
398	676
398	706
398	871
399	439
399	698
400	617
400	712
401	725
402	420
402	879
402	916
402	920
402	960
402	964
403	410
403	572
403	730
404	618
404	722
404	749
405	507
406	425
406	786
407	530
407	602
407	611
408	484
408	595
408	616
408	669
408	731
409	513
409	883
410	638
410	823
410	979
411	769
411	972
412	436
412	471
412	499
413	595
413	636
413	710
413	735
414	470
414	485
414	644
415	592
415	623
415	742
415	773
416	545
416	754
416	771
416	923
417	504
417	535
417	555
417	668
418	508
419	680
419	888
420	435
420	545
420	585
420	758
421	793
422	441
422	574
422	609
422	914
422	999
423	503
423	654
423	656
423	923
424	443
425	724
425	753
426	661
426	752
427	492
427	806
427	942
427	980
428	765
429	479
429	577
429	635
429	687
430	518
430	531
431	514
431	839
431	888
432	556
432	562
432	975
433	482
433	495
434	456
434	667
434	690
434	925
435	856
435	927
435	980
436	611
436	878
437	578
437	679
437	809
438	638
438	651
439	741
440	505
440	512
440	628
441	593
441	692
441	838
442	470
442	550
442	589
442	850
442	866
442	909
443	547
443	926
444	567
444	967
445	580
445	654
446	738
447	714
447	733
447	824
448	465
448	846
448	926
449	614
449	649
450	505
450	886
450	946
451	755
451	843
452	727
452	820
453	762
453	770
454	731
454	810
454	898
454	982
455	616
455	843
455	948
455	983
456	500
456	584
456	692
456	994
457	488
457	561
457	619
457	751
458	676
458	687
458	916
459	528
459	603
459	628
460	470
460	676
461	767
461	863
461	880
461	940
461	971
462	522
462	891
462	914
463	776
464	702
464	818
465	616
465	823
465	864
466	556
466	590
466	753
466	772
467	471
467	608
468	803
468	808
468	876
468	992
469	745
469	860
470	656
470	703
471	649
471	723
471	959
472	900
472	989
473	527
473	539
473	594
473	687
473	891
474	491
474	625
475	593
475	720
476	492
477	548
478	830
478	837
480	706
481	768
481	865
482	768
483	639
484	552
484	909
485	554
485	660
485	973
486	675
486	853
487	529
487	892
488	985
489	592
489	679
489	728
490	511
491	825
491	933
493	784
493	975
494	567
494	733
495	872
496	537
497	859
498	671
498	764
498	860
499	782
499	819
501	520
501	807
501	911
502	631
502	938
503	535
503	779
504	558
504	994
505	542
505	683
506	751
506	758
506	839
507	721
507	763
507	956
508	606
508	759
509	603
509	906
510	549
510	773
510	887
511	996
512	832
512	884
513	681
513	745
514	584
514	816
514	825
515	645
516	517
516	673
517	540
517	551
518	845
520	737
520	959
521	557
521	724
522	556
522	704
523	651
523	657
523	884
524	706
525	734
525	894
526	630
526	790
527	664
527	713
527	775
528	605
529	637
529	703
530	682
531	754
531	804
531	935
532	642
532	644
533	721
533	814
534	601
535	641
536	580
536	581
536	736
536	869
536	891
537	717
538	560
539	951
540	880
540	939
541	639
541	771
542	586
543	797
543	810
544	656
546	642
546	888
549	882
550	850
550	867
550	963
552	788
553	656
553	888
553	916
554	641
554	932
554	1000
555	614
555	764
557	596
557	710
557	761
558	693
559	577
560	574
560	913
561	633
562	649
562	895
563	643
563	651
563	778
564	650
564	901
564	905
565	846
566	879
566	974
566	980
567	602
568	661
568	774
568	894
568	924
569	598
569	887
570	605
571	991
573	648
574	631
575	601
577	807
578	635
579	771
579	857
579	986
580	600
580	792
581	648
581	932
582	973
582	984
583	717
583	893
584	630
585	927
586	940
587	707
587	788
589	618
590	691
590	756
590	796
590	907
591	762
591	999
592	843
592	864
593	620
596	773
597	726
600	716
600	882
601	857
601	992
602	737
602	1000
603	630
607	618
608	766
609	611
609	782
610	657
610	917
612	834
612	847
613	654
613	931
613	936
614	688
614	895
615	691
616	857
617	944
619	714
621	912
621	925
621	976
622	943
623	784
623	960
624	678
624	780
624	907
625	812
626	653
626	658
626	945
627	973
628	701
628	978
629	802
629	998
630	781
631	774
633	662
633	936
633	971
634	856
635	847
636	721
636	800
637	693
637	840
638	730
638	910
640	829
642	797
643	649
645	832
645	996
646	907
646	954
647	719
647	873
648	695
648	795
650	891
650	900
652	888
653	722
653	763
653	820
654	768
655	686
655	745
655	804
657	800
658	927
658	969
659	747
659	778
659	830
659	990
660	858
661	937
661	954
662	796
663	711
663	881
665	767
665	984
666	789
667	708
668	786
670	924
671	786
672	741
672	964
673	827
674	697
675	870
677	804
678	689
678	979
679	987
680	849
681	904
682	985
682	986
683	950
685	866
688	798
691	705
691	910
691	990
693	739
694	903
694	910
698	835
698	838
699	900
699	950
701	766
701	861
702	779
703	900
705	843
706	840
708	865
708	932
709	956
711	884
712	780
712	850
712	976
713	895
715	927
715	928
716	836
719	825
719	864
722	876
723	887
724	750
725	913
725	962
727	787
729	894
729	912
735	783
735	874
736	799
736	925
738	873
740	798
741	831
744	862
747	984
748	909
749	867
750	779
752	930
753	797
753	991
754	794
756	782
757	922
762	826
763	875
764	924
765	873
767	784
768	997
771	892
771	950
773	776
776	812
777	871
777	999
779	783
779	804
780	787
781	901
787	915
791	938
791	948
792	795
795	873
796	855
798	967
799	812
799	974
801	883
803	827
805	815
806	858
808	939
808	953
810	877
810	981
811	931
812	961
813	874
814	924
816	921
816	982
817	995
822	905
822	985
827	938
829	894
829	929
830	864
834	860
836	889
839	897
840	953
841	929
845	988
849	919
850	906
852	957
859	879
861	974
862	994
863	991
864	995
872	979
877	890
885	928
886	907
887	922
891	912
901	985
909	988
920	944
922	978
930	945
931	952
937	975
966	974
971	978
