1	54
2	58
3	62
4	3
5	27
6	71
7	78
8	41
9	25
10	28
11	15
12	33
13	26
14	55
15	57
16	61
17	32
18	42
19	6
20	7
21	77
22	1
23	1
24	50
25	34
26	68
27	12
28	29
29	62
30	3
31	28
32	41
33	62
34	5
35	40
36	10
37	13
38	46
39	61
40	13
41	54
42	5
43	6
44	20
45	69
46	2
47	22
48	40
49	28
50	7
51	68
52	17
53	78
54	44
55	2
56	79
57	58
58	3
59	22
60	37
61	9
62	54
63	86
64	76
65	45
66	41
67	82
68	8
69	9
70	57
71	37
72	7
73	47
74	42
75	42
76	68
77	43
78	39
79	30
80	77
81	46
82	18
83	33
84	27
85	3
86	45
87	88
88	68
89	24
90	5
91	20
92	1
93	84
94	72
95	16
96	74
97	18
98	66
99	58
100	84
101	19
102	34
103	14
104	84
105	72
106	85
107	13
108	71
109	31
110	87
111	36
112	55
113	45
114	9
115	2
116	9
117	76
118	41
119	84
120	18
121	86
122	17
123	35
124	55
125	25
126	16
127	7
128	77
129	16
130	28
131	11
132	31
133	19
134	55
135	10
136	80
137	67
138	31
139	50
140	4
141	60
142	42
143	6
144	15
145	15
146	26
147	85
148	31
149	6
150	22
151	1
152	8
153	25
154	24
155	8
156	59
157	81
158	15
159	64
160	57
161	19
162	20
163	68
164	83
165	71
166	19
167	4
168	15
169	39
170	28
171	12
172	27
173	33
174	89
175	18
176	88
177	48
178	30
179	39
180	75
181	62
182	34
183	50
184	37
185	59
186	29
187	11
188	17
189	8
190	18
191	75
192	78
193	59
194	30
195	43
196	4
197	81
198	13
199	20
200	46
201	47
202	37
203	43
204	65
205	61
206	31
207	54
208	24
209	15
210	59
211	3
212	86
213	35
214	2
215	35
216	52
217	58
218	28
219	10
220	2
221	13
222	1
223	77
224	48
225	37
226	74
227	51
228	16
229	16
230	30
231	1
232	15
233	7
234	34
235	24
236	72
237	29
238	83
239	7
240	51
241	38
242	27
243	9
244	14
245	1
246	48
247	87
248	47
249	73
250	7
251	7
252	62
253	37
254	26
255	16
256	33
257	4
258	22
259	12
260	84
261	5
262	56
263	65
264	77
265	8
266	2
267	10
268	60
269	19
270	80
271	13
272	77
273	43
274	34
275	7
276	88
277	25
278	63
279	8
280	2
281	84
282	17
283	18
284	29
285	54
286	81
287	23
288	18
289	25
290	17
291	87
292	15
293	39
294	63
295	2
296	35
297	6
298	32
299	74
300	45
301	26
302	27
303	25
304	32
305	40
306	8
307	56
308	3
309	19
310	12
311	67
312	46
313	44
314	2
315	45
316	57
317	72
318	4
319	7
320	60
321	8
322	2
323	11
324	10
325	7
326	13
327	7
328	83
329	81
330	3
331	1
332	50
333	42
334	53
335	17
336	15
337	60
338	6
339	11
340	2
341	22
342	1
343	33
344	12
345	50
346	25
347	56
348	77
349	24
350	33
351	46
352	37
353	74
354	47
355	17
356	49
357	33
358	33
359	59
360	8
361	87
362	12
363	15
364	33
365	35
366	80
367	67
368	40
369	57
370	1
371	47
372	7
373	84
374	56
375	10
376	70
377	23
378	68
379	17
380	30
381	18
382	54
383	3
384	31
385	38
386	67
387	78
388	73
389	34
390	49
391	50
392	51
393	8
394	11
395	13
396	21
397	1
398	44
399	24
400	16
401	32
402	30
403	1
404	79
405	14
406	83
407	1
408	3
409	76
410	50
411	21
412	10
413	46
414	36
415	2
416	7
417	43
418	29
419	45
420	13
421	10
422	47
423	4
424	47
425	87
426	45
427	69
428	37
429	15
430	15
431	5
432	1
433	24
434	59
435	67
436	75
437	7
438	51
439	69
440	38
441	8
442	19
443	69
444	28
445	46
446	86
447	72
448	26
449	62
450	57
451	1
452	16
453	21
454	16
455	34
456	84
457	69
458	7
459	74
460	27
461	49
462	9
463	55
464	84
465	50
466	6
467	15
468	60
469	1
470	71
471	4
472	62
473	5
474	21
475	66
476	30
477	6
478	19
479	50
480	29
481	45
482	33
483	19
484	33
485	6
486	9
487	42
488	61
489	89
490	6
491	85
492	29
493	60
494	51
495	49
496	38
497	73
498	37
499	84
500	31
501	15
502	8
503	65
504	1
505	11
506	67
507	4
508	44
509	43
510	24
511	32
512	2
513	45
514	11
515	74
516	61
517	77
518	24
519	62
520	15
521	2
522	6
523	4
524	51
525	10
526	3
527	54
528	63
529	54
530	49
531	41
532	50
533	26
534	6
535	6
536	83
537	57
538	68
539	2
540	36
541	44
542	55
543	34
544	43
545	4
546	39
547	40
548	85
549	7
550	31
551	39
552	1
553	31
554	39
555	78
556	68
557	85
558	1
559	59
560	54
561	82
562	66
563	5
564	14
565	9
566	22
567	37
568	10
569	37
570	32
571	26
572	45
573	20
574	70
575	83
576	30
577	5
578	44
579	34
580	8
581	76
582	17
583	1
584	16
585	54
586	28
587	38
588	77
589	65
590	17
591	79
592	88
593	1
594	5
595	12
596	3
597	54
598	48
599	12
600	78
601	32
602	38
603	3
604	44
605	32
606	52
607	27
608	47
609	48
610	6
611	47
612	31
613	38
614	32
615	75
616	23
617	50
618	2
619	86
620	87
621	74
622	4
623	36
624	81
625	48
626	37
627	81
628	80
629	41
630	73
631	26
632	8
633	14
634	80
635	1
636	55
637	2
638	19
639	51
640	44
641	34
642	56
643	34
644	87
645	72
646	45
647	41
648	45
649	33
650	3
651	9
652	65
653	65
654	36
655	6
656	11
657	31
658	1
659	4
660	46
661	80
662	12
663	6
664	18
665	85
666	42
667	6
668	29
669	15
670	8
671	43
672	37
673	58
674	89
675	37
676	21
677	35
678	7
679	11
680	70
681	23
682	40
683	14
684	76
685	5
686	9
687	26
688	3
689	89
690	3
691	32
692	38
693	82
694	39
695	37
696	45
697	36
698	10
699	10
700	37
701	47
702	4
703	18
704	78
705	78
706	49
707	25
708	36
709	86
710	33
711	7
712	40
713	7
714	31
715	5
716	73
717	1
718	16
719	4
720	47
721	22
722	4
723	61
724	55
725	30
726	76
727	11
728	58
729	68
730	2
731	62
732	55
733	83
734	33
735	12
736	25
737	4
738	7
739	76
740	36
741	1
742	25
743	43
744	38
745	87
746	52
747	1
748	51
749	20
750	39
751	42
752	55
753	11
754	39
755	23
756	27
757	42
758	87
759	21
760	82
761	19
762	55
763	9
764	73
765	10
766	40
767	85
768	52
769	28
770	10
771	33
772	30
773	60
774	31
775	64
776	55
777	6
778	7
779	17
780	5
781	81
782	85
783	56
784	58
785	14
786	29
787	82
788	30
789	72
790	1
791	63
792	26
793	22
794	31
795	11
796	78
797	43
798	59
799	19
800	27
801	4
802	82
803	42
804	64
805	37
806	54
807	57
808	54
809	15
810	56
811	10
812	69
813	47
814	87
815	10
816	77
817	18
818	8
819	32
820	41
821	53
822	57
823	37
824	59
825	82
826	39
827	39
828	1
829	8
830	1
831	23
832	23
833	51
834	55
835	15
836	5
837	66
838	11
839	14
840	66
841	16
842	22
843	42
844	17
845	20
846	13
847	37
848	6
849	69
850	37
851	60
852	3
853	55
854	37
855	3
856	30
857	44
858	14
859	61
860	54
861	59
862	71
863	63
864	1
865	2
866	30
867	17
868	76
869	1
870	1
871	23
872	43
873	28
874	42
875	3
876	18
877	54
878	74
879	43
880	59
881	42
882	74
883	49
884	16
885	87
886	27
887	53
888	84
889	86
890	86
891	4
892	39
893	52
894	78
895	51
896	74
897	50
898	19
899	4
900	12
901	76
902	58
903	30
904	8
905	21
906	51
907	6
908	62
909	2
910	49
911	73
912	31
913	20
914	62
915	39
916	26
917	25
918	58
919	55
920	63
921	61
922	84
923	1
924	77
925	22
926	7
927	20
928	18
929	76
930	80
931	6
932	36
933	60
934	60
935	4
936	3
937	64
938	17
939	56
940	39
941	57
942	34
943	32
944	85
945	2
946	16
947	26
948	67
949	32
950	54
951	35
952	32
953	68
954	2
955	1
956	60
957	36
958	1
959	8
960	19
961	29
962	64
963	35
964	47
965	2
966	76
967	5
968	41
969	15
970	49
971	72
972	73
973	1
974	74
975	18
976	28
977	29
978	47
979	23
980	47
981	57
982	19
983	1
984	36
985	3
986	26
987	63
988	5
989	48
990	51
991	64
992	34
993	50
994	76
995	37
996	71
997	62
998	6
999	11
1000	72
1001	69
1002	61
1003	5
1004	41
1005	26
1006	82
1007	33
1008	77
1009	53
1010	16
1011	50
1012	16
1013	40
1014	35
1015	7
1016	35
1017	22
1018	29
1019	11
1020	36
1021	79
1022	5
1023	23
1024	76
1025	57
1026	21
1027	1
1028	7
1029	42
1030	76
1031	20
1032	59
1033	80
1034	68
1035	83
1036	65
1037	66
1038	9
1039	27
1040	29
1041	49
1042	22
1043	9
1044	26
1045	32
1046	69
1047	9
1048	3
1049	16
1050	2
1051	7
1052	60
1053	2
1054	61
1055	20
1056	20
1057	62
1058	21
1059	47
1060	1
1061	33
1062	69
1063	79
1064	47
1065	15
1066	46
1067	2
1068	85
1069	48
1070	52
1071	87
1072	4
1073	88
1074	66
1075	66
1076	44
1077	56
1078	61
1079	9
1080	10
1081	4
1082	23
1083	76
1084	13
1085	85
1086	59
1087	16
1088	22
1089	33
1090	29
1091	75
1092	46
1093	70
1094	1
1095	82
1096	89
1097	9
1098	20
1099	31
1100	55
1101	27
1102	39
1103	15
1104	16
1105	47
1106	79
1107	49
1108	14
1109	12
1110	4
1111	16
1112	2
1113	59
1114	82
1115	27
1116	85
1117	17
1118	6
1119	72
1120	75
1121	8
1122	28
1123	34
1124	38
1125	10
1126	21
1127	33
1128	19
1129	52
1130	30
1131	84
1132	41
1133	26
1134	65
1135	63
1136	1
1137	1
1138	4
1139	71
1140	4
1141	29
1142	10
1143	81
1144	63
1145	23
1146	14
1147	32
1148	35
1149	48
1150	10
1151	54
1152	84
1153	77
1154	77
1155	57
1156	79
1157	51
1158	20
1159	18
1160	2
1161	11
1162	81
1163	38
1164	44
1165	22
1166	68
1167	22
1168	24
1169	9
1170	49
1171	58
1172	31
1173	73
1174	89
1175	48
1176	87
1177	65
1178	62
1179	54
1180	14
1181	4
1182	46
1183	31
1184	45
1185	22
1186	75
1187	21
1188	63
1189	4
1190	20
1191	45
1192	5
1193	73
1194	88
1195	19
1196	38
1197	69
1198	10
1199	17
1200	29
1201	2
1202	31
1203	33
1204	67
1205	36
1206	22
1207	9
1208	18
1209	75
1210	1
1211	72
1212	62
1213	31
1214	13
1215	72
1216	43
1217	57
1218	5
1219	36
1220	15
1221	11
1222	1
1223	37
1224	1
1225	52
1226	12
1227	64
1228	60
1229	85
1230	78
1231	22
1232	2
1233	4
1234	12
1235	77
1236	21
1237	34
1238	30
1239	26
1240	81
1241	70
1242	50
1243	78
1244	64
1245	28
1246	19
1247	19
1248	63
1249	79
1250	36
1251	51
1252	85
1253	78
1254	38
1255	16
1256	19
1257	57
1258	5
1259	13
1260	2
1261	65
1262	71
1263	46
1264	63
1265	31
1266	31
1267	19
1268	51
1269	34
1270	43
1271	55
1272	78
1273	79
1274	33
1275	41
1276	1
1277	13
1278	30
1279	5
1280	78
1281	27
1282	23
1283	80
1284	52
1285	36
1286	79
1287	60
1288	15
1289	83
1290	59
1291	48
1292	38
1293	58
1294	53
1295	23
1296	6
1297	37
1298	42
1299	19
1300	14
1301	71
1302	1
1303	7
1304	9
1305	51
1306	10
1307	57
1308	24
1309	85
1310	67
1311	27
1312	5
1313	14
1314	69
1315	10
1316	68
1317	24
1318	13
1319	17
1320	7
1321	61
1322	31
1323	52
1324	63
1325	80
1326	89
1327	1
1328	30
1329	37
1330	3
1331	16
1332	40
1333	51
1334	73
1335	6
1336	2
1337	41
1338	29
1339	8
1340	1
1341	18
1342	81
1343	71
1344	2
1345	16
1346	30
1347	23
1348	1
1349	78
1350	51
1351	83
1352	44
1353	21
1354	5
1355	68
1356	33
1357	9
1358	21
1359	11
1360	85
1361	23
1362	79
1363	84
1364	1
1365	11
1366	71
1367	64
1368	38
1369	46
1370	48
1371	83
1372	22
1373	28
1374	6
1375	57
1376	40
1377	86
1378	19
1379	18
1380	25
1381	43
1382	57
1383	70
1384	65
1385	83
1386	53
1387	33
1388	83
1389	40
1390	30
1391	52
1392	8
1393	66
1394	43
1395	36
1396	54
1397	4
1398	1
1399	7
1400	71
1401	40
1402	71
1403	16
1404	22
1405	72
1406	1
1407	15
1408	30
1409	13
1410	6
1411	22
1412	39
1413	12
1414	26
1415	69
1416	79
1417	18
1418	33
1419	52
1420	57
1421	72
1422	13
1423	29
1424	22
1425	25
1426	68
1427	80
1428	51
1429	1
1430	21
1431	57
1432	72
1433	5
1434	40
1435	75
1436	33
1437	28
1438	8
1439	29
1440	1
1441	51
1442	69
1443	73
1444	24
1445	63
1446	78
1447	33
1448	13
1449	82
1450	74
1451	74
1452	18
1453	25
1454	13
1455	7
1456	5
1457	81
1458	10
1459	33
1460	53
1461	84
1462	17
1463	15
1464	73
1465	3
1466	12
1467	9
1468	14
1469	19
1470	32
1471	52
1472	34
1473	69
1474	32
1475	12
1476	22
1477	27
1478	59
1479	75
1480	6
1481	1
1482	22
1483	37
1484	8
1485	85
1486	4
1487	48
1488	49
1489	47
1490	43
1491	78
1492	36
1493	50
1494	2
1495	9
1496	64
1497	1
1498	56
1499	53
1500	78
1501	11
1502	24
1503	53
1504	42
1505	30
1506	27
1507	8
1508	82
1509	6
1510	70
1511	63
1512	87
1513	23
1514	52
1515	34
1516	20
1517	67
1518	72
1519	39
1520	47
1521	8
1522	2
1523	19
1524	24
1525	32
1526	6
1527	21
1528	42
1529	30
1530	30
1531	9
1532	8
1533	45
1534	1
1535	69
1536	70
1537	4
1538	83
1539	24
1540	29
1541	13
1542	13
1543	67
1544	2
1545	7
1546	17
1547	44
1548	25
1549	16
1550	20
1551	22
1552	30
1553	10
1554	27
1555	31
1556	10
1557	25
1558	86
1559	24
1560	47
1561	7
1562	61
1563	59
1564	22
1565	2
1566	21
1567	40
1568	35
1569	11
1570	89
1571	27
1572	71
1573	29
1574	50
1575	14
1576	12
1577	72
1578	3
1579	7
1580	1
1581	10
1582	51
1583	51
1584	5
1585	10
1586	2
1587	26
1588	50
1589	8
1590	89
1591	74
1592	1
1593	14
1594	1
1595	82
1596	18
1597	24
1598	63
1599	1
1600	11
1601	1
1602	44
1603	43
1604	63
1605	77
1606	62
1607	22
1608	12
1609	53
1610	1
1611	58
1612	21
1613	31
1614	84
1615	27
1616	12
1617	11
1618	14
1619	45
1620	50
1621	43
1622	21
1623	58
1624	5
1625	44
1626	7
1627	10
1628	27
1629	2
1630	68
1631	69
1632	20
1633	13
1634	28
1635	6
1636	3
1637	31
1638	72
1639	7
1640	16
1641	71
1642	36
1643	85
1644	71
1645	26
1646	12
1647	26
1648	50
1649	59
1650	54
1651	80
1652	47
1653	63
1654	20
1655	26
1656	62
1657	38
1658	16
1659	35
1660	1
1661	67
1662	38
1663	59
1664	28
1665	17
1666	68
1667	35
1668	36
1669	88
1670	26
1671	61
1672	70
1673	18
1674	29
1675	14
1676	3
1677	86
1678	33
1679	80
1680	10
1681	75
1682	61
1683	64
1684	38
1685	81
1686	19
1687	43
1688	11
1689	16
1690	20
1691	38
1692	71
1693	52
1694	23
1695	1
1696	8
1697	6
1698	4
1699	6
1700	28
1701	88
1702	13
1703	83
1704	39
1705	13
1706	2
1707	86
1708	55
1709	4
1710	42
1711	13
1712	16
1713	78
1714	1
1715	22
1716	8
1717	67
1718	84
1719	16
1720	5
1721	22
1722	3
1723	65
1724	1
1725	56
1726	53
1727	69
1728	22
1729	80
1730	79
1731	11
1732	86
1733	17
1734	1
1735	66
1736	47
1737	20
1738	58
1739	68
1740	86
1741	2
1742	60
1743	34
1744	39
1745	85
1746	5
1747	86
1748	70
1749	7
1750	30
1751	51
1752	13
1753	45
1754	18
1755	1
1756	52
1757	44
1758	18
1759	1
1760	4
1761	25
1762	77
1763	26
1764	5
1765	37
1766	6
1767	1
1768	61
1769	11
1770	1
1771	18
1772	9
1773	29
1774	48
1775	13
1776	26
1777	12
1778	88
1779	51
1780	64
1781	1
1782	55
1783	22
1784	56
1785	45
1786	6
1787	50
1788	24
1789	39
1790	27
1791	34
1792	34
1793	17
1794	65
1795	4
1796	4
1797	7
1798	1
1799	68
1800	58
1801	58
1802	24
1803	24
1804	26
1805	67
1806	19
1807	80
1808	26
1809	28
1810	10
1811	46
1812	14
1813	49
1814	14
1815	34
1816	20
1817	70
1818	3
1819	44
1820	8
1821	54
1822	16
1823	8
1824	1
1825	17
1826	35
1827	83
1828	44
1829	22
1830	28
1831	5
1832	32
1833	5
1834	65
1835	10
1836	2
1837	49
1838	15
1839	34
1840	20
1841	5
1842	56
1843	4
1844	73
1845	32
1846	34
1847	48
1848	38
1849	86
1850	7
1851	88
1852	15
1853	9
1854	83
1855	88
1856	2
1857	33
1858	15
1859	7
1860	9
1861	78
1862	1
1863	61
1864	19
1865	75
1866	14
1867	21
1868	56
1869	16
1870	43
1871	52
1872	48
1873	15
1874	9
1875	45
1876	43
1877	14
1878	43
1879	19
1880	66
1881	52
1882	3
1883	42
1884	49
1885	88
1886	40
1887	30
1888	60
1889	77
1890	35
1891	9
1892	54
1893	4
1894	26
1895	29
1896	34
1897	77
1898	6
1899	49
1900	16
1901	17
1902	87
1903	10
1904	70
1905	54
1906	1
1907	81
1908	19
1909	42
1910	46
1911	17
1912	31
1913	39
1914	21
1915	17
1916	23
1917	29
1918	73
1919	10
1920	61
1921	80
1922	28
1923	25
1924	59
1925	36
1926	41
1927	12
1928	4
1929	14
1930	6
1931	86
1932	25
1933	24
1934	17
1935	6
1936	8
1937	37
1938	73
1939	68
1940	10
1941	71
1942	36
1943	18
1944	5
1945	29
1946	19
1947	34
1948	34
1949	2
1950	27
1951	12
1952	5
1953	21
1954	12
1955	51
1956	65
1957	2
1958	12
1959	50
1960	67
1961	29
1962	23
1963	60
1964	7
1965	13
1966	24
1967	4
1968	33
1969	13
1970	35
1971	8
1972	46
1973	26
1974	9
1975	69
1976	29
1977	83
1978	28
1979	32
1980	87
1981	15
1982	89
1983	4
1984	39
1985	13
1986	67
1987	11
1988	7
1989	1
1990	32
1991	32
1992	19
1993	1
1994	67
1995	23
1996	40
1997	34
1998	3
1999	66
2000	41
2001	68
2002	66
2003	63
2004	15
2005	82
2006	8
2007	89
2008	2
2009	53
2010	55
2011	35
2012	9
2013	25
2014	6
2015	39
2016	41
2017	74
2018	4
2019	42
2020	80
2021	6
2022	13
2023	29
2024	9
2025	34
2026	38
2027	44
2028	42
2029	49
2030	28
2031	79
2032	3
2033	88
2034	55
2035	2
2036	70
2037	55
2038	26
2039	22
2040	57
2041	29
2042	81
2043	16
2044	43
2045	78
2046	9
2047	74
2048	40
2049	24
2050	6
2051	79
2052	76
2053	45
2054	53
2055	39
2056	86
2057	57
2058	83
2059	71
2060	50
2061	59
2062	80
2063	76
2064	3
2065	10
2066	36
2067	3
2068	12
2069	67
2070	11
2071	15
2072	11
2073	47
2074	6
2075	26
2076	76
2077	23
2078	23
2079	1
2080	47
2081	8
2082	79
2083	42
2084	23
2085	48
2086	17
2087	2
2088	54
2089	59
2090	82
2091	15
2092	11
2093	61
2094	44
2095	2
2096	3
2097	87
2098	2
2099	3
2100	16
2101	49
2102	6
2103	79
2104	37
2105	46
2106	38
2107	73
2108	84
2109	18
2110	66
2111	39
2112	26
2113	61
2114	31
2115	68
2116	62
2117	5
2118	1
2119	17
2120	27
2121	41
2122	80
2123	77
2124	36
2125	17
2126	65
2127	61
2128	6
2129	86
2130	81
2131	5
2132	12
2133	1
2134	52
2135	38
2136	67
2137	36
2138	50
2139	74
2140	62
2141	37
2142	14
2143	38
2144	82
2145	13
2146	31
2147	14
2148	16
2149	23
2150	5
2151	21
2152	41
2153	24
2154	32
2155	8
2156	46
2157	37
2158	80
2159	23
2160	33
2161	69
2162	17
2163	40
2164	67
2165	27
2166	44
2167	42
2168	4
2169	37
2170	23
2171	1
2172	38
2173	25
2174	4
2175	43
2176	5
2177	46
2178	1
2179	15
2180	32
2181	6
2182	26
2183	9
2184	38
2185	29
2186	54
2187	60
2188	76
2189	55
2190	4
2191	87
2192	25
2193	48
2194	53
2195	83
2196	1
2197	26
2198	24
2199	62
2200	15
2201	2
2202	58
2203	46
2204	53
2205	28
2206	88
2207	15
2208	23
2209	45
2210	5
2211	51
2212	73
2213	78
2214	17
2215	88
2216	31
2217	37
2218	8
2219	61
2220	55
2221	7
2222	4
2223	25
2224	25
2225	48
2226	12
2227	9
2228	56
2229	58
2230	79
2231	88
2232	9
2233	80
2234	2
2235	2
2236	28
2237	65
2238	44
2239	4
2240	43
2241	1
2242	3
2243	14
2244	78
2245	44
2246	62
2247	1
2248	48
2249	43
2250	11
2251	56
2252	1
2253	6
2254	33
2255	74
2256	20
2257	16
2258	62
2259	4
2260	24
2261	80
2262	4
2263	53
2264	84
2265	19
2266	44
2267	2
2268	9
2269	73
2270	87
2271	65
2272	80
2273	84
2274	48
2275	53
2276	12
2277	12
2278	52
2279	77
2280	13
2281	12
2282	33
2283	7
2284	14
2285	84
2286	1
2287	43
2288	55
2289	35
2290	43
2291	67
2292	89
2293	9
2294	38
2295	79
2296	17
2297	18
2298	8
2299	24
2300	49
2301	64
2302	21
2303	31
2304	13
2305	74
2306	14
2307	2
2308	45
2309	81
2310	58
2311	23
2312	15
2313	34
2314	1
2315	5
2316	1
2317	54
2318	4
2319	63
2320	10
2321	6
2322	44
2323	88
2324	2
2325	21
2326	13
2327	5
2328	10
2329	57
2330	16
2331	23
2332	53
2333	1
2334	81
2335	68
2336	19
2337	6
2338	48
2339	63
2340	46
2341	80
2342	37
2343	54
2344	20
2345	46
2346	83
2347	50
2348	31
2349	28
2350	67
2351	50
2352	56
2353	31
2354	12
2355	58
2356	60
2357	7
2358	33
2359	62
2360	46
2361	73
2362	3
2363	38
2364	88
2365	9
2366	42
2367	50
2368	69
2369	45
2370	4
2371	56
2372	56
2373	46
2374	33
2375	76
2376	2
2377	15
2378	79
2379	24
2380	31
2381	56
2382	17
2383	88
2384	46
2385	61
2386	25
2387	30
2388	1
2389	53
2390	44
2391	79
2392	3
2393	46
2394	81
2395	83
2396	66
2397	58
2398	5
2399	37
2400	18
2401	58
2402	1
2403	25
2404	26
2405	41
2406	36
2407	40
2408	8
2409	31
2410	6
2411	25
2412	3
2413	40
2414	38
2415	6
2416	1
2417	87
2418	11
2419	46
2420	69
2421	1
2422	63
2423	1
2424	1
2425	30
2426	12
2427	43
2428	3
2429	18
2430	30
2431	48
2432	33
2433	60
2434	54
2435	74
2436	67
2437	59
2438	8
2439	7
2440	6
2441	52
2442	33
2443	2
2444	12
2445	3
2446	32
2447	51
2448	43
2449	8
2450	6
2451	79
2452	14
2453	41
2454	50
2455	66
2456	69
2457	28
2458	18
2459	25
2460	14
2461	1
2462	87
2463	14
2464	58
2465	21
2466	67
2467	12
2468	5
2469	69
2470	73
2471	68
2472	39
2473	11
2474	11
2475	87
2476	65
2477	20
2478	18
2479	55
2480	2
2481	32
2482	42
2483	30
2484	85
2485	81
2486	4
2487	81
2488	45
2489	14
2490	46
2491	10
2492	18
2493	29
2494	3
2495	10
2496	56
2497	21
2498	4
2499	79
2500	10
2501	2
2502	36
2503	16
2504	4
2505	49
2506	22
2507	73
2508	13
2509	12
2510	74
2511	29
2512	10
2513	56
2514	1
2515	25
2516	23
2517	13
2518	73
2519	38
2520	4
2521	46
2522	10
2523	23
2524	75
2525	60
2526	74
2527	22
2528	59
2529	21
2530	87
2531	21
2532	63
2533	10
2534	88
2535	12
2536	53
2537	17
2538	9
2539	75
2540	56
2541	41
2542	64
2543	82
2544	41
2545	12
2546	11
2547	9
2548	15
2549	15
2550	61
2551	79
2552	55
2553	52
2554	71
2555	6
2556	54
2557	77
2558	74
2559	1
2560	6
2561	76
2562	66
2563	31
2564	72
2565	50
2566	18
2567	28
2568	4
2569	33
2570	43
2571	64
2572	23
2573	8
2574	3
2575	80
2576	16
2577	1
2578	12
2579	75
2580	1
2581	38
2582	19
2583	17
2584	72
2585	34
2586	9
2587	80
2588	8
2589	14
2590	38
2591	10
2592	5
2593	4
2594	71
2595	71
2596	2
2597	13
2598	74
2599	13
2600	11
2601	27
2602	64
2603	1
2604	13
2605	19
2606	78
2607	9
2608	4
2609	40
2610	9
2611	89
2612	51
2613	44
2614	40
2615	35
2616	45
2617	63
2618	80
2619	16
2620	14
2621	15
2622	63
2623	55
2624	29
2625	6
2626	65
2627	13
2628	5
2629	63
2630	50
2631	3
2632	44
2633	68
2634	4
2635	2
2636	7
2637	1
2638	87
2639	21
2640	48
2641	15
2642	61
2643	18
2644	11
2645	55
2646	52
2647	23
2648	42
2649	14
2650	28
2651	33
2652	54
2653	57
2654	3
2655	25
2656	34
2657	34
2658	79
2659	80
2660	53
2661	73
2662	29
2663	1
2664	45
2665	84
2666	32
2667	41
2668	41
2669	61
2670	63
2671	2
2672	82
2673	34
2674	25
2675	13
2676	44
2677	20
2678	21
2679	4
2680	3
2681	83
2682	9
2683	86
2684	75
2685	4
2686	81
2687	49
2688	20
2689	3
2690	22
2691	41
2692	1
2693	23
2694	8
2695	3
2696	13
2697	18
2698	4
2699	88
2700	48
2701	32
2702	38
2703	44
2704	6
2705	72
2706	43
2707	12
2708	32
2709	17
2710	28
2711	4
2712	36
2713	17
2714	69
2715	57
2716	8
2717	71
2718	16
2719	17
2720	73
2721	3
2722	65
2723	58
2724	22
2725	84
2726	32
2727	10
2728	11
2729	1
2730	15
2731	1
2732	86
2733	12
2734	34
2735	25
2736	48
2737	23
2738	57
2739	58
2740	71
2741	20
2742	27
2743	1
2744	18
2745	1
2746	14
2747	64
2748	43
2749	12
2750	84
2751	19
2752	64
2753	45
2754	21
2755	18
2756	80
2757	3
2758	31
2759	29
2760	12
2761	34
2762	87
2763	51
2764	36
2765	72
2766	70
2767	41
2768	8
2769	51
2770	3
2771	35
2772	50
2773	83
2774	82
2775	38
2776	61
2777	29
2778	53
2779	13
2780	73
2781	9
2782	70
2783	88
2784	71
2785	56
2786	49
2787	12
2788	5
2789	9
2790	44
2791	55
2792	1
2793	24
2794	54
2795	25
2796	50
2797	62
2798	6
2799	3
2800	9
2801	7
2802	27
2803	5
2804	11
2805	1
2806	16
2807	55
2808	83
2809	6
2810	82
2811	40
2812	9
2813	2
2814	16
2815	14
2816	64
2817	56
2818	55
2819	1
2820	23
2821	59
2822	10
2823	10
2824	7
2825	37
2826	15
2827	26
2828	58
2829	37
2830	16
2831	61
2832	78
2833	6
2834	39
2835	79
2836	15
2837	48
2838	34
2839	17
2840	6
2841	11
2842	45
2843	21
2844	20
2845	18
2846	63
2847	53
2848	40
2849	87
2850	21
2851	71
2852	36
2853	27
2854	29
2855	35
2856	71
2857	17
2858	49
2859	43
2860	71
2861	33
2862	24
2863	33
2864	45
2865	21
2866	84
2867	49
2868	35
2869	13
2870	57
2871	3
2872	10
2873	19
2874	83
2875	57
2876	5
2877	73
2878	40
2879	78
2880	88
2881	62
2882	9
2883	17
2884	64
2885	45
2886	10
2887	6
2888	72
2889	55
2890	6
2891	7
2892	64
2893	80
2894	28
2895	2
2896	27
2897	47
2898	84
2899	2
2900	59
2901	49
2902	60
2903	25
2904	51
2905	2
2906	28
2907	64
2908	68
2909	52
2910	50
2911	20
2912	24
2913	82
2914	50
2915	8
2916	10
2917	41
2918	12
2919	5
2920	8
2921	7
2922	21
2923	25
2924	83
2925	13
2926	52
2927	12
2928	31
2929	59
2930	25
2931	3
2932	44
2933	62
2934	48
2935	8
2936	72
2937	73
2938	15
2939	1
2940	40
2941	35
2942	8
2943	19
2944	71
2945	13
2946	24
2947	35
2948	70
2949	36
2950	10
2951	52
2952	65
2953	43
2954	68
2955	19
2956	35
2957	63
2958	3
2959	16
2960	5
2961	75
2962	6
2963	19
2964	35
2965	47
2966	2
2967	6
2968	64
2969	1
2970	28
2971	84
2972	49
2973	1
2974	89
2975	61
2976	3
2977	14
2978	31
2979	15
2980	25
2981	21
2982	38
2983	67
2984	26
2985	22
2986	37
2987	4
2988	11
2989	9
2990	58
2991	68
2992	13
2993	84
2994	74
2995	41
2996	32
2997	20
2998	31
2999	50
3000	22
3001	19
3002	74
3003	1
3004	77
3005	69
3006	6
3007	39
3008	27
3009	64
3010	59
3011	84
3012	50
3013	77
3014	38
3015	5
3016	57
3017	53
3018	76
3019	68
3020	4
3021	31
3022	34
3023	85
3024	60
3025	3
3026	75
3027	14
3028	6
3029	32
3030	12
3031	37
3032	89
3033	51
3034	44
3035	82
3036	16
3037	47
3038	49
3039	55
3040	7
3041	30
3042	29
3043	42
3044	13
3045	52
3046	21
3047	38
3048	3
3049	14
3050	48
3051	9
3052	23
3053	58
3054	30
3055	39
3056	53
3057	88
3058	26
3059	13
3060	51
3061	2
3062	9
3063	78
3064	33
3065	24
3066	11
3067	8
3068	1
3069	5
3070	43
3071	59
3072	19
3073	64
3074	62
3075	53
3076	30
3077	62
3078	53
3079	37
3080	9
3081	46
3082	71
3083	3
3084	27
3085	63
3086	41
3087	66
3088	13
3089	50
3090	30
3091	11
3092	35
3093	54
3094	5
3095	57
3096	1
3097	68
3098	38
3099	32
3100	1
3101	61
3102	14
3103	8
3104	41
3105	70
3106	9
3107	13
3108	52
3109	88
3110	19
3111	82
3112	4
3113	52
3114	14
3115	75
3116	43
3117	28
3118	1
3119	7
3120	57
3121	5
3122	36
3123	4
3124	1
3125	54
3126	70
3127	32
3128	15
3129	4
3130	87
3131	28
3132	68
3133	86
3134	41
3135	53
3136	75
3137	17
3138	58
3139	85
3140	48
3141	1
3142	32
3143	33
3144	54
3145	8
3146	11
3147	1
3148	17
3149	65
3150	12
3151	25
3152	21
3153	11
3154	50
3155	30
3156	18
3157	12
3158	48
3159	3
3160	42
3161	53
3162	65
3163	18
3164	53
3165	12
3166	64
3167	41
3168	38
3169	23
3170	4
3171	32
3172	17
3173	72
3174	20
3175	3
3176	7
3177	3
3178	51
3179	3
3180	30
3181	47
3182	86
3183	25
3184	11
3185	49
3186	79
3187	26
3188	8
3189	43
3190	17
3191	24
3192	33
3193	65
3194	18
3195	35
3196	69
3197	1
3198	1
3199	82
3200	25
3201	14
3202	23
3203	27
3204	25
3205	74
3206	5
3207	50
3208	59
3209	74
3210	43
3211	27
3212	41
3213	1
3214	3
3215	22
3216	40
3217	47
3218	1
3219	20
3220	24
3221	21
3222	73
3223	73
3224	1
3225	41
3226	13
3227	22
3228	41
3229	85
3230	75
3231	45
3232	6
3233	3
3234	4
3235	7
3236	61
3237	48
3238	25
3239	30
3240	4
3241	29
3242	2
3243	35
3244	40
3245	61
3246	69
3247	41
3248	64
3249	78
3250	20
3251	22
3252	58
3253	25
3254	60
3255	6
3256	5
3257	78
3258	47
3259	18
3260	59
3261	39
3262	27
3263	48
3264	24
3265	37
3266	84
3267	2
3268	25
3269	60
3270	34
3271	45
3272	56
3273	8
3274	86
3275	1
3276	66
3277	42
3278	29
3279	5
3280	45
3281	45
3282	45
3283	38
3284	20
3285	43
3286	4
3287	6
3288	33
3289	2
3290	81
3291	51
3292	30
3293	45
3294	23
3295	9
3296	75
3297	23
3298	83
3299	8
3300	75
3301	8
3302	7
3303	78
3304	15
3305	2
3306	1
3307	18
3308	4
3309	23
3310	2
3311	31
3312	7
3313	20
3314	29
3315	15
3316	66
3317	11
3318	11
3319	1
3320	77
3321	61
3322	66
3323	4
3324	6
3325	60
3326	23
3327	65
3328	7
3329	84
3330	47
3331	67
3332	36
3333	12
3334	2
3335	72
3336	1
3337	10
3338	6
3339	81
3340	14
3341	86
3342	1
3343	33
3344	49
3345	33
3346	30
3347	88
3348	2
3349	60
3350	28
3351	21
3352	85
3353	22
3354	21
3355	45
3356	89
3357	29
3358	39
3359	27
3360	12
3361	87
3362	7
3363	29
3364	76
3365	24
3366	89
3367	1
3368	73
3369	53
3370	67
3371	61
3372	74
3373	16
3374	18
3375	79
3376	36
3377	36
3378	25
3379	28
3380	9
3381	43
3382	9
3383	89
3384	36
3385	5
3386	41
3387	36
3388	2
3389	65
3390	64
3391	61
3392	64
3393	89
3394	31
3395	20
3396	1
3397	71
3398	39
3399	75
3400	28
3401	9
3402	5
3403	20
3404	32
3405	17
3406	1
3407	9
3408	25
3409	21
3410	27
3411	58
3412	43
3413	42
3414	77
3415	28
3416	38
3417	2
3418	20
3419	20
3420	55
3421	81
3422	27
3423	20
3424	17
3425	83
3426	11
3427	7
3428	3
3429	83
3430	11
3431	1
3432	28
3433	36
3434	23
3435	64
3436	89
3437	50
3438	6
3439	39
3440	37
3441	36
3442	47
3443	15
3444	76
3445	49
3446	61
3447	62
3448	44
3449	38
3450	1
3451	5
3452	81
3453	57
3454	34
3455	13
3456	4
3457	79
3458	14
3459	52
3460	8
3461	33
3462	8
3463	9
3464	27
3465	70
3466	14
3467	34
3468	17
3469	34
3470	20
3471	47
3472	56
3473	44
3474	40
3475	86
3476	63
3477	16
3478	46
3479	39
3480	1
3481	7
3482	76
3483	11
3484	49
3485	51
3486	31
3487	14
3488	16
3489	15
3490	34
3491	36
3492	11
3493	21
3494	70
3495	26
3496	10
3497	1
3498	49
3499	18
3500	63
3501	20
3502	58
3503	39
3504	61
3505	56
3506	45
3507	52
3508	2
3509	28
3510	5
3511	75
3512	1
3513	43
3514	53
3515	24
3516	1
3517	63
3518	48
3519	26
3520	82
3521	18
3522	50
3523	44
3524	76
3525	89
3526	2
3527	66
3528	1
3529	31
3530	60
3531	59
3532	45
3533	46
3534	1
3535	24
3536	15
3537	77
3538	46
3539	38
3540	24
3541	14
3542	26
3543	9
3544	6
3545	6
3546	36
3547	82
3548	47
3549	36
3550	42
3551	17
3552	39
3553	43
3554	54
3555	15
3556	84
3557	1
3558	27
3559	10
3560	29
3561	74
3562	13
3563	71
3564	13
3565	3
3566	12
3567	1
3568	13
3569	39
3570	70
3571	35
3572	52
3573	56
3574	46
3575	77
3576	3
3577	12
3578	48
3579	23
3580	80
3581	14
3582	42
3583	11
3584	89
3585	45
3586	9
3587	6
3588	49
3589	68
3590	24
3591	7
3592	40
3593	32
3594	24
3595	5
3596	36
3597	3
3598	62
3599	66
3600	14
3601	65
3602	42
3603	44
3604	78
3605	16
3606	1
3607	24
3608	4
3609	39
3610	1
3611	77
3612	75
3613	55
3614	79
3615	43
3616	1
3617	20
3618	75
3619	13
3620	10
3621	71
3622	25
3623	60
3624	54
3625	58
3626	21
3627	43
3628	19
3629	2
3630	31
3631	30
3632	50
3633	87
3634	59
3635	20
3636	66
3637	3
3638	65
3639	27
3640	74
3641	40
3642	5
3643	27
3644	73
3645	9
3646	54
3647	19
3648	29
3649	66
3650	70
3651	49
3652	75
3653	11
3654	56
3655	12
3656	19
3657	16
3658	1
3659	2
3660	57
3661	69
3662	4
3663	89
3664	9
3665	34
3666	9
3667	69
3668	3
3669	15
3670	61
3671	3
3672	71
3673	57
3674	21
3675	18
3676	63
3677	18
3678	6
3679	77
3680	46
3681	41
3682	3
3683	40
3684	26
3685	1
3686	39
3687	66
3688	47
3689	65
3690	50
3691	27
3692	39
3693	8
3694	5
3695	22
3696	27
3697	58
3698	1
3699	21
3700	7
3701	3
3702	6
3703	57
3704	35
3705	28
3706	45
3707	2
3708	11
3709	32
3710	19
3711	54
3712	23
3713	3
3714	13
3715	78
3716	86
3717	79
3718	64
3719	9
3720	76
3721	10
3722	20
3723	18
3724	31
3725	24
3726	36
3727	41
3728	62
3729	52
3730	4
3731	33
3732	68
3733	56
3734	48
3735	1
3736	12
3737	13
3738	72
3739	18
3740	41
3741	55
3742	1
3743	10
3744	45
3745	81
3746	61
3747	20
3748	89
3749	63
3750	42
3751	48
3752	46
3753	16
3754	14
3755	8
3756	28
3757	35
3758	45
3759	66
3760	23
3761	21
3762	48
3763	54
3764	11
3765	9
3766	39
3767	45
3768	70
3769	13
3770	36
3771	88
3772	12
3773	21
3774	55
3775	47
3776	14
3777	2
3778	55
3779	72
3780	11
3781	82
3782	8
3783	7
3784	13
3785	22
3786	64
3787	1
3788	31
3789	10
3790	41
3791	11
3792	1
3793	40
3794	51
3795	70
3796	40
3797	30
3798	18
3799	43
3800	6
3801	16
3802	63
3803	67
3804	33
3805	12
3806	4
3807	33
3808	35
3809	10
3810	72
3811	32
3812	86
3813	6
3814	35
3815	9
3816	12
3817	15
3818	21
3819	75
3820	52
3821	54
3822	12
3823	44
3824	70
3825	35
3826	56
3827	31
3828	26
3829	24
3830	34
3831	75
3832	21
3833	20
3834	37
3835	40
3836	5
3837	83
3838	35
3839	41
3840	51
3841	76
3842	81
3843	76
3844	75
3845	23
3846	9
3847	4
3848	18
3849	11
3850	19
3851	58
3852	17
3853	53
3854	88
3855	28
3856	24
3857	1
3858	9
3859	15
3860	42
3861	25
3862	75
3863	39
3864	67
3865	42
3866	50
3867	48
3868	81
3869	74
3870	89
3871	67
3872	75
3873	28
3874	48
3875	50
3876	86
3877	69
3878	20
3879	65
3880	26
3881	35
3882	22
3883	9
3884	18
3885	11
3886	64
3887	18
3888	82
3889	41
3890	59
3891	48
3892	7
3893	18
3894	54
3895	88
3896	82
3897	1
3898	17
3899	1
3900	23
3901	32
3902	40
3903	11
3904	66
3905	54
3906	35
3907	11
3908	17
3909	10
3910	67
3911	58
3912	58
3913	56
3914	44
3915	67
3916	67
3917	71
3918	84
3919	85
3920	29
3921	5
3922	5
3923	19
3924	28
3925	50
3926	33
3927	2
3928	87
3929	66
3930	72
3931	1
3932	23
3933	31
3934	8
3935	20
3936	21
3937	4
3938	27
3939	18
3940	83
3941	26
3942	56
3943	69
3944	3
3945	37
3946	61
3947	52
3948	89
3949	4
3950	13
3951	32
3952	6
3953	31
3954	23
3955	45
3956	17
3957	57
3958	66
3959	1
3960	30
3961	19
3962	44
3963	46
3964	19
3965	46
3966	26
3967	1
3968	5
3969	28
3970	29
3971	28
3972	53
3973	52
3974	14
3975	28
3976	20
3977	3
3978	8
3979	32
3980	20
3981	48
3982	53
3983	29
3984	17
3985	5
3986	74
3987	52
3988	7
3989	16
3990	5
3991	38
3992	3
3993	62
3994	56
3995	1
3996	45
3997	19
3998	9
3999	1
4000	35
4001	10
4002	29
4003	81
4004	65
4005	25
4006	19
4007	83
4008	17
4009	51
4010	41
4011	44
4012	46
4013	11
4014	26
4015	60
4016	63
4017	70
4018	61
4019	12
4020	64
4021	61
4022	11
4023	3
4024	40
4025	13
4026	16
4027	89
4028	31
4029	67
4030	58
4031	12
4032	35
4033	72
4034	18
4035	35
4036	51
4037	19
4038	82
4039	5
4040	85
4041	43
4042	39
4043	86
4044	25
4045	16
4046	42
4047	43
4048	10
4049	10
4050	12
4051	46
4052	3
4053	53
4054	4
4055	42
4056	41
4057	49
4058	70
4059	19
4060	40
4061	3
4062	11
4063	82
4064	79
4065	42
4066	27
4067	77
4068	65
4069	56
4070	18
4071	8
4072	12
4073	30
4074	85
4075	30
4076	81
4077	4
4078	63
4079	82
4080	38
4081	20
4082	11
4083	88
4084	38
4085	10
4086	4
4087	16
4088	45
4089	22
4090	34
4091	27
4092	86
4093	2
4094	72
4095	14
4096	49
4097	1
4098	52
4099	3
4100	81
4101	1
4102	6
4103	52
4104	87
4105	81
4106	1
4107	78
4108	5
4109	25
4110	8
4111	27
4112	6
4113	20
4114	60
4115	53
4116	47
4117	19
4118	88
4119	67
4120	49
4121	85
4122	41
4123	64
4124	23
4125	46
4126	39
4127	86
4128	64
4129	39
4130	37
4131	57
4132	36
4133	5
4134	17
4135	21
4136	10
4137	49
4138	17
4139	20
4140	63
4141	23
4142	23
4143	11
4144	34
4145	39
4146	10
4147	22
4148	16
4149	53
4150	72
4151	20
4152	60
4153	14
4154	20
4155	6
4156	12
4157	27
4158	42
4159	39
4160	80
4161	29
4162	41
4163	16
4164	9
4165	14
4166	62
4167	24
4168	1
4169	47
4170	13
4171	52
4172	48
4173	4
4174	17
4175	18
4176	1
4177	55
4178	1
4179	67
4180	4
4181	47
4182	87
4183	5
4184	51
4185	76
4186	5
4187	53
4188	70
4189	15
4190	42
4191	51
4192	23
4193	35
4194	11
4195	69
4196	48
4197	37
4198	74
4199	50
4200	53
4201	46
4202	39
4203	36
4204	24
4205	2
4206	13
4207	7
4208	22
4209	19
4210	42
4211	77
4212	16
4213	19
4214	58
4215	17
4216	3
4217	55
4218	8
4219	5
4220	7
4221	1
4222	6
4223	40
4224	85
4225	2
4226	46
4227	87
4228	60
4229	23
4230	30
4231	23
4232	31
4233	83
4234	50
4235	64
4236	24
4237	24
4238	1
4239	29
4240	5
4241	77
4242	29
4243	28
4244	69
4245	30
4246	2
4247	50
4248	36
4249	12
4250	40
4251	11
4252	21
4253	10
4254	27
4255	8
4256	37
4257	2
4258	25
4259	36
4260	14
4261	31
4262	26
4263	59
4264	70
4265	48
4266	53
4267	47
4268	60
4269	27
4270	1
4271	11
4272	6
4273	68
4274	59
4275	80
4276	70
4277	28
4278	73
4279	28
4280	24
4281	32
4282	35
4283	51
4284	14
4285	14
4286	53
4287	48
4288	1
4289	56
4290	31
4291	54
4292	78
4293	84
4294	1
4295	1
4296	47
4297	27
4298	17
4299	12
4300	41
4301	73
4302	22
4303	26
4304	34
4305	3
4306	31
4307	72
4308	26
4309	70
4310	30
4311	10
4312	15
4313	10
4314	22
4315	53
4316	72
4317	66
4318	2
4319	37
4320	7
4321	78
4322	11
4323	67
4324	32
4325	55
4326	27
4327	12
4328	24
4329	77
4330	3
4331	46
4332	7
4333	17
4334	87
4335	15
4336	32
4337	8
4338	1
4339	4
4340	12
4341	8
4342	35
4343	7
4344	22
4345	52
4346	2
4347	56
4348	44
4349	8
4350	68
4351	47
4352	53
4353	60
4354	20
4355	23
4356	87
4357	9
4358	55
4359	59
4360	49
4361	20
4362	62
4363	69
4364	86
4365	7
4366	17
4367	66
4368	22
4369	12
4370	26
4371	7
4372	36
4373	5
4374	7
4375	60
4376	17
4377	89
4378	79
4379	40
4380	1
4381	57
4382	49
4383	76
4384	54
4385	25
4386	10
4387	4
4388	13
4389	52
4390	54
4391	44
4392	70
4393	5
4394	1
4395	10
4396	67
4397	18
4398	22
4399	5
4400	57
4401	75
4402	66
4403	74
4404	5
4405	3
4406	78
4407	21
4408	63
4409	60
4410	45
4411	70
4412	42
4413	70
4414	64
4415	18
4416	42
4417	3
4418	16
4419	36
4420	5
4421	44
4422	1
4423	14
4424	41
4425	47
4426	23
4427	47
4428	27
4429	11
4430	13
4431	80
4432	26
4433	25
4434	2
4435	60
4436	4
4437	18
4438	21
4439	49
4440	38
4441	22
4442	2
4443	32
4444	32
4445	43
4446	34
4447	53
4448	32
4449	53
4450	22
4451	79
4452	75
4453	59
4454	18
4455	25
4456	7
4457	56
4458	30
4459	63
4460	68
4461	70
4462	4
4463	34
4464	30
4465	17
4466	4
4467	70
4468	8
4469	8
4470	72
4471	18
4472	9
4473	35
4474	46
4475	9
4476	64
4477	21
4478	11
4479	89
4480	1
4481	15
4482	81
4483	24
4484	71
4485	55
4486	3
4487	76
4488	5
4489	20
4490	71
4491	56
4492	63
4493	76
4494	18
4495	17
4496	15
4497	38
4498	89
4499	55
4500	11
4501	37
4502	20
4503	60
4504	74
4505	46
4506	14
4507	13
4508	32
4509	19
4510	22
4511	69
4512	76
4513	12
4514	49
4515	26
4516	81
4517	5
4518	12
4519	48
4520	69
4521	73
4522	65
4523	79
4524	10
4525	71
4526	14
4527	62
4528	72
4529	19
4530	6
4531	65
4532	5
4533	48
4534	39
4535	60
4536	30
4537	7
4538	59
4539	1
4540	3
4541	10
4542	62
4543	25
4544	47
4545	22
4546	80
4547	40
4548	58
4549	5
4550	5
4551	15
4552	4
4553	6
4554	66
4555	42
4556	18
4557	76
4558	40
4559	89
4560	40
4561	6
4562	89
4563	2
4564	64
4565	51
4566	70
4567	48
4568	58
4569	3
4570	22
4571	84
4572	32
4573	13
4574	19
4575	9
4576	8
4577	1
4578	35
4579	20
4580	61
4581	3
4582	21
4583	38
4584	2
4585	35
4586	24
4587	43
4588	21
4589	58
4590	8
4591	47
4592	17
4593	88
4594	83
4595	20
4596	68
4597	32
4598	64
4599	89
4600	77
4601	25
4602	66
4603	49
4604	28
4605	14
4606	66
4607	59
4608	65
4609	18
4610	34
4611	88
4612	12
4613	82
4614	38
4615	68
4616	46
4617	7
4618	82
4619	35
4620	3
4621	27
4622	70
4623	68
4624	5
4625	49
4626	5
4627	7
4628	46
4629	39
4630	56
4631	75
4632	12
4633	44
4634	23
4635	51
4636	27
4637	75
4638	85
4639	39
4640	23
4641	62
4642	6
4643	37
4644	9
4645	34
4646	51
4647	9
4648	4
4649	3
4650	77
4651	72
4652	31
4653	40
4654	41
4655	14
4656	48
4657	66
4658	82
4659	10
4660	18
4661	56
4662	46
4663	65
4664	16
4665	62
4666	35
4667	50
4668	5
4669	62
4670	9
4671	61
4672	10
4673	68
4674	57
4675	34
4676	60
4677	5
4678	82
4679	86
4680	44
4681	5
4682	37
4683	55
4684	38
4685	65
4686	73
4687	88
4688	1
4689	36
4690	51
4691	35
4692	72
4693	34
4694	62
4695	29
4696	54
4697	11
4698	13
4699	10
4700	47
4701	30
4702	80
4703	85
4704	8
4705	15
4706	58
4707	42
4708	52
4709	30
4710	29
4711	28
4712	47
4713	1
4714	16
4715	40
4716	1
4717	63
4718	76
4719	8
4720	6
4721	88
4722	53
4723	4
4724	7
4725	21
4726	58
4727	70
4728	1
4729	1
4730	3
4731	58
4732	8
4733	85
4734	22
4735	14
4736	26
4737	65
4738	85
4739	64
4740	6
4741	22
4742	12
4743	12
4744	1
4745	7
4746	52
4747	85
4748	1
4749	66
4750	7
4751	17
4752	66
4753	5
4754	29
4755	47
4756	15
4757	25
4758	79
4759	11
4760	38
4761	65
4762	30
4763	85
4764	4
4765	45
4766	16
4767	80
4768	40
4769	19
4770	49
4771	65
4772	42
4773	71
4774	29
4775	1
4776	22
4777	14
4778	34
4779	16
4780	42
4781	11
4782	10
4783	69
4784	14
4785	25
4786	35
4787	26
4788	16
4789	67
4790	8
4791	21
4792	32
4793	7
4794	52
4795	33
4796	27
4797	77
4798	70
4799	40
4800	52
4801	22
4802	69
4803	37
4804	51
4805	67
4806	32
4807	60
4808	3
4809	73
4810	26
4811	1
4812	55
4813	37
4814	57
4815	83
4816	46
4817	3
4818	41
4819	32
4820	1
4821	18
4822	56
4823	24
4824	59
4825	89
4826	89
4827	29
4828	60
4829	57
4830	79
4831	54
4832	24
4833	1
4834	52
4835	19
4836	81
4837	52
4838	49
4839	56
4840	14
4841	16
4842	5
4843	67
4844	71
4845	33
4846	24
4847	19
4848	7
4849	16
4850	42
4851	15
4852	20
4853	21
4854	9
4855	14
4856	74
4857	2
4858	64
4859	77
4860	24
4861	15
4862	49
4863	28
4864	86
4865	5
4866	35
4867	3
4868	1
4869	12
4870	8
4871	57
4872	36
4873	38
4874	49
4875	56
4876	68
4877	20
4878	33
4879	24
4880	6
4881	4
4882	17
4883	14
4884	30
4885	36
4886	5
4887	57
4888	15
4889	6
4890	33
4891	39
4892	28
4893	44
4894	11
4895	11
4896	56
4897	36
4898	46
4899	57
4900	37
4901	45
4902	13
4903	46
4904	61
4905	73
4906	66
4907	44
4908	35
4909	26
4910	59
4911	59
4912	13
4913	51
4914	23
4915	15
4916	69
4917	2
4918	8
4919	3
4920	60
4921	28
4922	15
4923	27
4924	42
4925	74
4926	19
4927	30
4928	57
4929	15
4930	25
4931	9
4932	76
4933	53
4934	24
4935	19
4936	13
4937	14
4938	27
4939	66
4940	10
4941	38
4942	10
4943	65
4944	58
4945	26
4946	7
4947	62
4948	35
4949	45
4950	30
4951	74
4952	48
4953	43
4954	59
4955	19
4956	60
4957	44
4958	42
4959	69
4960	16
4961	13
4962	17
4963	40
4964	49
4965	13
4966	40
4967	41
4968	39
4969	24
4970	40
4971	4
4972	41
4973	28
4974	30
4975	59
4976	22
4977	21
4978	19
4979	66
4980	47
4981	44
4982	21
4983	20
4984	75
4985	13
4986	62
4987	10
4988	12
4989	73
4990	62
4991	1
4992	11
4993	44
4994	2
4995	42
4996	44
4997	76
4998	26
4999	1
5000	40
