1	3
1	9
1	21
1	22
1	37
1	44
1	46
1	47
1	53
1	100
1	107
1	115
1	116
1	122
1	128
1	140
1	143
1	174
1	177
1	181
1	183
1	193
1	212
1	218
1	220
1	243
1	275
1	279
1	288
1	294
1	298
1	318
1	353
1	399
1	430
1	438
1	443
1	445
1	462
1	499
1	523
1	556
1	628
1	680
1	850
1	889
1	917
1	941
1	966
2	3
2	13
2	15
2	17
2	28
2	32
2	42
2	52
2	88
2	89
2	106
2	120
2	129
2	136
2	158
2	170
2	174
2	201
2	228
2	231
2	260
2	315
2	318
2	319
2	339
2	365
2	375
2	402
2	410
2	413
2	416
2	427
2	435
2	441
2	517
2	539
2	612
2	621
2	646
2	679
2	705
2	707
2	797
2	799
2	841
2	898
2	932
2	956
2	960
3	5
3	6
3	9
3	12
3	14
3	19
3	20
3	24
3	27
3	28
3	32
3	37
3	42
3	44
3	46
3	53
3	62
3	63
3	75
3	82
3	122
3	277
3	283
3	287
3	337
3	372
3	397
3	445
3	483
3	489
3	516
3	531
3	572
3	588
3	604
3	633
3	639
3	706
3	753
3	784
3	835
3	847
3	947
3	969
3	977
3	990
4	5
4	18
4	26
4	43
4	67
4	83
4	88
4	90
4	94
4	121
4	124
4	135
4	137
4	146
4	148
4	172
4	192
4	193
4	196
4	208
4	215
4	238
4	261
4	265
4	310
4	355
4	380
4	435
4	456
4	457
4	481
4	542
4	579
4	596
4	607
4	619
4	634
4	645
4	673
4	716
4	747
4	751
4	791
4	885
4	929
5	7
5	10
5	17
5	18
5	26
5	31
5	43
5	80
5	94
5	136
5	137
5	183
5	208
5	228
5	273
5	297
5	298
5	309
5	330
5	333
5	346
5	395
5	397
5	429
5	435
5	442
5	471
5	503
5	521
5	567
5	569
5	654
5	708
5	727
5	739
5	760
5	794
5	817
5	819
5	844
5	917
5	921
5	923
6	12
6	26
6	33
6	35
6	51
6	52
6	57
6	72
6	95
6	100
6	131
6	155
6	229
6	232
6	234
6	246
6	256
6	303
6	327
6	337
6	356
6	358
6	369
6	376
6	438
6	463
6	537
6	539
6	568
6	586
6	617
6	620
6	631
6	637
6	640
6	670
6	715
6	781
6	796
6	842
6	932
6	946
6	952
6	971
7	22
7	31
7	40
7	50
7	70
7	95
7	96
7	135
7	188
7	207
7	238
7	246
7	255
7	259
7	267
7	326
7	328
7	345
7	382
7	396
7	406
7	458
7	464
7	473
7	487
7	532
7	537
7	545
7	559
7	570
7	593
7	608
7	625
7	648
7	672
7	696
7	702
7	727
7	748
7	791
7	849
7	888
7	971
8	9
8	16
8	24
8	38
8	49
8	53
8	63
8	66
8	67
8	77
8	109
8	116
8	127
8	130
8	142
8	147
8	153
8	156
8	159
8	176
8	195
8	211
8	231
8	261
8	282
8	291
8	293
8	308
8	335
8	358
8	372
8	385
8	413
8	431
8	495
8	528
8	613
8	626
8	694
8	821
8	824
8	897
8	902
8	966
9	19
9	24
9	25
9	31
9	41
9	46
9	57
9	68
9	73
9	112
9	145
9	168
9	200
9	227
9	230
9	249
9	269
9	286
9	315
9	316
9	322
9	340
9	365
9	419
9	430
9	453
9	512
9	557
9	579
9	601
9	695
9	728
9	740
9	765
9	784
9	866
9	915
9	917
9	925
9	952
9	991
10	23
10	27
10	36
10	50
10	56
10	61
10	71
10	96
10	133
10	135
10	144
10	154
10	160
10	165
10	173
10	185
10	189
10	207
10	209
10	233
10	237
10	244
10	251
10	255
10	276
10	314
10	348
10	375
10	387
10	403
10	452
10	464
10	467
10	483
10	566
10	593
10	641
10	643
10	714
10	766
10	832
10	879
10	885
11	14
11	15
11	30
11	34
11	35
11	49
11	52
11	62
11	63
11	79
11	97
11	98
11	99
11	102
11	107
11	113
11	122
11	125
11	128
11	131
11	133
11	215
11	223
11	234
11	242
11	282
11	305
11	322
11	337
11	376
11	458
11	490
11	497
11	553
11	596
11	605
11	635
11	659
11	741
11	747
11	768
11	814
11	998
12	16
12	26
12	44
12	49
12	56
12	67
12	76
12	80
12	85
12	109
12	119
12	139
12	142
12	147
12	153
12	159
12	167
12	191
12	200
12	225
12	231
12	252
12	258
12	286
12	289
12	291
12	293
12	308
12	321
12	335
12	336
12	358
12	389
12	455
12	472
12	509
12	530
12	606
12	946
12	963
12	979
13	17
13	21
13	28
13	42
13	50
13	70
13	74
13	75
13	89
13	93
13	145
13	166
13	169
13	171
13	174
13	217
13	219
13	240
13	260
13	270
13	320
13	326
13	402
13	456
13	496
13	519
13	540
13	555
13	588
13	658
13	679
13	693
13	732
13	761
13	783
13	795
13	888
13	900
13	913
13	977
14	30
14	33
14	34
14	37
14	45
14	64
14	79
14	88
14	91
14	108
14	133
14	136
14	157
14	180
14	235
14	247
14	258
14	265
14	266
14	274
14	281
14	286
14	292
14	342
14	350
14	355
14	375
14	426
14	544
14	590
14	640
14	648
14	652
14	674
14	764
14	769
14	876
14	949
14	955
15	18
15	22
15	24
15	27
15	30
15	33
15	34
15	45
15	75
15	84
15	91
15	100
15	101
15	127
15	175
15	180
15	210
15	247
15	258
15	281
15	321
15	375
15	378
15	462
15	465
15	466
15	474
15	481
15	483
15	603
15	619
15	631
15	651
15	689
15	691
15	704
15	747
15	848
15	984
16	22
16	42
16	49
16	50
16	52
16	69
16	77
16	81
16	87
16	95
16	104
16	111
16	142
16	147
16	153
16	158
16	159
16	167
16	205
16	208
16	222
16	238
16	287
16	327
16	338
16	401
16	419
16	518
16	580
16	602
16	618
16	669
16	678
16	690
16	775
16	824
16	948
17	28
17	41
17	42
17	48
17	52
17	89
17	90
17	106
17	110
17	120
17	136
17	143
17	182
17	199
17	217
17	228
17	251
17	253
17	326
17	334
17	358
17	371
17	394
17	437
17	446
17	461
17	517
17	555
17	559
17	588
17	682
17	695
17	767
17	834
17	912
17	969
18	21
18	26
18	59
18	75
18	90
18	100
18	152
18	170
18	179
18	187
18	193
18	194
18	202
18	225
18	255
18	263
18	267
18	323
18	380
18	456
18	527
18	528
18	534
18	563
18	573
18	614
18	690
18	698
18	746
18	869
18	877
18	889
18	890
18	920
18	938
18	957
19	24
19	30
19	40
19	45
19	53
19	72
19	93
19	118
19	122
19	145
19	151
19	162
19	164
19	170
19	269
19	288
19	364
19	390
19	403
19	418
19	477
19	489
19	497
19	511
19	602
19	696
19	719
19	732
19	746
19	757
19	825
19	910
19	931
19	941
19	975
19	977
20	22
20	24
20	27
20	30
20	34
20	41
20	53
20	71
20	101
20	118
20	122
20	126
20	162
20	208
20	271
20	279
20	288
20	309
20	313
20	315
20	329
20	340
20	347
20	390
20	423
20	424
20	461
20	483
20	521
20	570
20	601
20	676
20	701
20	808
20	866
20	959
20	962
21	37
21	40
21	43
21	45
21	46
21	49
21	50
21	64
21	106
21	116
21	132
21	152
21	158
21	161
21	192
21	194
21	215
21	236
21	263
21	267
21	383
21	414
21	446
21	447
21	460
21	468
21	499
21	505
21	521
21	550
21	668
21	735
21	772
21	929
22	24
22	25
22	26
22	29
22	53
22	63
22	71
22	73
22	110
22	112
22	124
22	126
22	161
22	177
22	179
22	214
22	219
22	245
22	270
22	304
22	316
22	395
22	454
22	527
22	533
22	605
22	682
22	685
22	723
22	840
22	885
22	931
23	27
23	37
23	41
23	56
23	80
23	85
23	99
23	101
23	119
23	126
23	177
23	205
23	218
23	236
23	275
23	311
23	318
23	330
23	428
23	434
23	485
23	526
23	552
23	556
23	594
23	605
23	606
23	700
23	821
23	866
23	909
23	910
23	913
23	952
23	982
24	31
24	53
24	62
24	73
24	89
24	91
24	96
24	105
24	145
24	159
24	205
24	249
24	270
24	279
24	292
24	299
24	311
24	341
24	418
24	428
24	497
24	512
24	515
24	554
24	783
24	862
24	885
24	909
24	964
25	46
25	50
25	62
25	81
25	115
25	133
25	142
25	162
25	168
25	205
25	242
25	248
25	256
25	265
25	298
25	307
25	318
25	320
25	367
25	369
25	377
25	393
25	429
25	430
25	431
25	478
25	601
25	606
25	625
25	652
25	771
25	959
25	964
25	991
26	31
26	43
26	58
26	87
26	94
26	106
26	110
26	117
26	184
26	193
26	196
26	202
26	217
26	236
26	241
26	262
26	333
26	371
26	383
26	447
26	462
26	484
26	543
26	575
26	651
26	667
26	668
26	777
26	832
27	31
27	34
27	47
27	53
27	71
27	73
27	76
27	81
27	124
27	126
27	139
27	146
27	205
27	271
27	281
27	287
27	391
27	445
27	476
27	513
27	531
27	737
27	738
27	755
27	880
27	921
27	928
27	931
27	953
27	1000
28	31
28	42
28	46
28	106
28	120
28	127
28	162
28	170
28	182
28	195
28	207
28	214
28	240
28	252
28	298
28	319
28	339
28	360
28	384
28	412
28	460
28	496
28	540
28	562
28	718
28	753
28	831
28	856
28	880
28	997
29	60
29	61
29	64
29	69
29	77
29	81
29	87
29	102
29	124
29	145
29	203
29	218
29	220
29	245
29	257
29	287
29	329
29	365
29	377
29	382
29	390
29	405
29	444
29	504
29	535
29	561
29	598
29	623
29	655
29	665
29	836
29	838
29	923
30	33
30	40
30	48
30	57
30	74
30	84
30	88
30	108
30	115
30	142
30	189
30	240
30	281
30	286
30	321
30	330
30	395
30	402
30	450
30	471
30	477
30	508
30	537
30	556
30	634
30	644
30	689
30	944
31	35
31	47
31	64
31	73
31	93
31	118
31	139
31	146
31	162
31	269
31	288
31	294
31	360
31	370
31	424
31	498
31	558
31	566
31	660
31	669
31	804
31	820
31	892
31	915
31	931
31	970
32	36
32	40
32	60
32	64
32	65
32	82
32	89
32	145
32	153
32	181
32	186
32	211
32	213
32	227
32	229
32	244
32	336
32	360
32	382
32	416
32	417
32	468
32	510
32	578
32	698
32	729
32	740
32	759
32	858
32	907
32	939
33	42
33	45
33	48
33	84
33	88
33	121
33	155
33	189
33	220
33	269
33	275
33	291
33	351
33	412
33	487
33	531
33	534
33	597
33	622
33	652
33	691
33	699
33	775
33	785
33	812
33	881
33	922
33	952
33	983
34	35
34	44
34	52
34	57
34	117
34	163
34	197
34	204
34	206
34	262
34	337
34	349
34	387
34	392
34	425
34	489
34	490
34	498
34	514
34	516
34	592
34	600
34	650
34	717
34	801
34	856
34	861
34	980
35	37
35	51
35	61
35	72
35	73
35	89
35	113
35	141
35	149
35	176
35	198
35	219
35	285
35	328
35	335
35	337
35	373
35	553
35	592
35	655
35	706
35	736
35	770
35	781
35	798
35	811
35	820
35	934
36	53
36	65
36	79
36	85
36	89
36	103
36	111
36	144
36	157
36	185
36	227
36	246
36	259
36	276
36	324
36	328
36	379
36	409
36	416
36	437
36	509
36	538
36	627
36	687
36	749
36	845
36	893
36	947
36	954
37	44
37	49
37	63
37	64
37	98
37	118
37	129
37	140
37	147
37	151
37	171
37	203
37	260
37	302
37	420
37	431
37	457
37	509
37	623
37	659
37	761
37	824
37	891
37	1000
38	49
38	67
38	77
38	80
38	82
38	87
38	98
38	130
38	166
38	183
38	186
38	207
38	221
38	251
38	284
38	291
38	293
38	335
38	341
38	501
38	581
38	591
38	607
38	690
38	700
38	796
38	937
38	963
38	989
39	69
39	85
39	86
39	96
39	112
39	115
39	117
39	129
39	154
39	156
39	194
39	195
39	274
39	286
39	320
39	471
39	490
39	527
39	532
39	541
39	562
39	575
39	589
39	620
39	730
39	765
39	771
39	849
39	978
39	992
40	60
40	74
40	79
40	81
40	118
40	149
40	203
40	209
40	223
40	290
40	300
40	382
40	422
40	466
40	475
40	608
40	651
40	724
40	757
40	759
40	787
40	835
40	907
40	934
40	974
41	46
41	47
41	52
41	73
41	83
41	93
41	144
41	222
41	249
41	255
41	269
41	283
41	306
41	359
41	382
41	391
41	423
41	529
41	543
41	551
41	553
41	622
41	731
41	738
41	847
41	947
42	66
42	106
42	173
42	182
42	230
42	254
42	269
42	331
42	371
42	412
42	414
42	496
42	519
42	540
42	618
42	655
42	656
42	732
42	749
42	755
42	797
42	847
42	879
43	58
43	104
43	106
43	118
43	149
43	152
43	172
43	220
43	244
43	307
43	359
43	414
43	447
43	501
43	657
43	694
43	703
43	708
43	721
43	779
43	791
43	799
43	863
43	904
43	977
44	53
44	81
44	93
44	123
44	131
44	134
44	158
44	177
44	192
44	218
44	253
44	273
44	275
44	295
44	301
44	315
44	329
44	429
44	431
44	653
44	685
44	893
44	927
44	980
45	67
45	70
45	75
45	110
45	128
45	173
45	199
45	214
45	247
45	344
45	426
45	438
45	563
45	608
45	638
45	651
45	652
45	704
45	722
45	916
45	920
45	924
45	976
45	980
46	81
46	132
46	168
46	224
46	257
46	270
46	301
46	335
46	343
46	377
46	459
46	552
46	583
46	609
46	761
46	836
46	844
46	853
46	905
46	908
46	996
47	77
47	93
47	99
47	101
47	115
47	136
47	163
47	168
47	179
47	203
47	206
47	236
47	254
47	283
47	302
47	314
47	354
47	489
47	558
47	594
47	606
47	697
47	728
47	944
48	84
48	86
48	102
48	108
48	114
48	115
48	116
48	129
48	191
48	193
48	203
48	222
48	247
48	253
48	258
48	350
48	354
48	534
48	562
48	565
48	695
48	722
48	785
48	809
48	945
49	51
49	67
49	85
49	97
49	119
49	147
49	167
49	250
49	363
49	394
49	530
49	540
49	572
49	600
49	630
49	664
49	845
49	852
49	903
49	936
49	965
50	67
50	69
50	84
50	140
50	150
50	157
50	160
50	166
50	191
50	195
50	226
50	280
50	378
50	403
50	416
50	420
50	441
50	454
50	488
50	706
50	763
50	880
51	52
51	57
51	95
51	98
51	125
51	131
51	139
51	163
51	178
51	199
51	201
51	225
51	257
51	322
51	347
51	407
51	415
51	554
51	667
51	737
51	789
51	792
51	832
51	842
52	95
52	129
52	149
52	197
52	232
52	277
52	278
52	299
52	309
52	349
52	405
52	446
52	453
52	592
52	637
52	701
52	737
52	768
52	848
53	63
53	94
53	145
53	176
53	248
53	269
53	429
53	470
53	504
53	618
53	630
53	633
53	672
53	682
53	807
53	855
53	909
54	60
54	74
54	82
54	86
54	92
54	186
54	199
54	210
54	256
54	275
54	282
54	283
54	302
54	346
54	432
54	464
54	518
54	523
54	557
54	563
54	658
54	698
54	712
54	815
54	829
54	991
55	61
55	67
55	69
55	78
55	96
55	103
55	116
55	117
55	165
55	197
55	201
55	237
55	238
55	317
55	348
55	449
55	470
55	481
55	506
55	570
55	616
55	697
55	727
55	925
55	987
56	60
56	61
56	96
56	143
56	157
56	160
56	166
56	173
56	376
56	378
56	425
56	548
56	574
56	578
56	615
56	709
56	731
56	802
56	806
56	871
56	958
56	982
57	70
57	93
57	122
57	178
57	223
57	256
57	273
57	296
57	306
57	309
57	370
57	376
57	498
57	532
57	747
57	754
57	768
57	860
57	957
57	981
58	59
58	61
58	69
58	97
58	134
58	151
58	175
58	176
58	179
58	190
58	222
58	239
58	242
58	288
58	370
58	404
58	421
58	452
58	510
58	565
58	612
58	615
58	907
59	77
59	78
59	103
59	113
59	124
59	148
59	154
59	167
59	179
59	230
59	276
59	300
59	355
59	381
59	399
59	477
59	509
59	521
59	584
59	620
59	684
59	766
59	873
60	73
60	78
60	82
60	98
60	154
60	163
60	208
60	216
60	223
60	227
60	275
60	394
60	398
60	416
60	557
60	578
60	647
60	718
60	738
60	835
61	84
61	105
61	150
61	157
61	230
61	259
61	290
61	363
61	421
61	438
61	461
61	468
61	471
61	666
61	670
61	683
61	684
61	937
61	976
62	68
62	72
62	78
62	98
62	123
62	131
62	156
62	159
62	172
62	190
62	194
62	235
62	250
62	305
62	326
62	332
62	515
62	717
62	737
62	782
63	83
63	120
63	168
63	276
63	300
63	316
63	405
63	450
63	473
63	482
63	529
63	587
63	619
63	718
63	736
63	744
63	862
63	955
64	82
64	108
64	166
64	259
64	316
64	353
64	361
64	372
64	417
64	520
64	542
64	571
64	675
64	683
64	733
64	739
64	840
64	933
65	73
65	76
65	112
65	133
65	155
65	156
65	173
65	191
65	213
65	216
65	241
65	248
65	265
65	280
65	334
65	403
65	454
65	522
65	701
65	802
65	840
65	867
66	97
66	126
66	163
66	169
66	208
66	214
66	217
66	252
66	261
66	297
66	325
66	378
66	552
66	568
66	594
66	616
66	713
66	719
66	838
66	886
66	888
66	902
67	116
67	117
67	147
67	170
67	211
67	231
67	292
67	330
67	371
67	580
67	729
67	759
67	795
67	902
67	960
68	90
68	99
68	105
68	138
68	141
68	253
68	256
68	271
68	311
68	328
68	360
68	366
68	415
68	500
68	510
68	568
68	650
68	688
68	820
68	920
68	980
69	85
69	101
69	114
69	138
69	259
69	522
69	628
69	750
69	759
69	790
69	812
69	874
69	901
69	942
69	945
69	954
69	992
70	102
70	109
70	112
70	113
70	149
70	178
70	225
70	232
70	246
70	256
70	349
70	369
70	447
70	464
70	659
70	660
70	741
70	872
70	975
71	123
71	124
71	196
71	203
71	214
71	243
71	260
71	283
71	294
71	296
71	370
71	381
71	384
71	396
71	541
71	565
71	579
71	680
71	892
72	86
72	96
72	107
72	119
72	124
72	150
72	152
72	197
72	214
72	219
72	232
72	266
72	299
72	322
72	332
72	347
72	491
72	846
73	81
73	108
73	145
73	157
73	164
73	185
73	271
73	279
73	423
73	437
73	599
73	792
73	945
74	82
74	174
74	181
74	186
74	302
74	381
74	382
74	436
74	490
74	500
74	582
74	584
74	608
74	647
74	677
74	788
74	835
74	870
75	88
75	155
75	175
75	231
75	239
75	312
75	338
75	356
75	426
75	449
75	466
75	508
75	517
75	617
75	685
75	953
75	974
76	104
76	123
76	153
76	173
76	178
76	190
76	226
76	256
76	285
76	351
76	357
76	411
76	458
76	469
76	557
76	627
76	778
76	911
76	988
77	106
77	126
77	130
77	231
77	303
77	355
77	401
77	434
77	501
77	586
77	741
77	800
77	837
77	943
77	972
77	987
78	216
78	229
78	234
78	273
78	280
78	282
78	290
78	302
78	346
78	382
78	398
78	430
78	627
78	658
78	671
78	712
78	756
78	828
79	88
79	91
79	108
79	110
79	119
79	168
79	175
79	233
79	286
79	292
79	307
79	342
79	344
79	350
79	377
79	752
79	842
79	924
80	109
80	139
80	153
80	159
80	188
80	224
80	244
80	261
80	323
80	369
80	451
80	629
80	646
80	700
80	722
80	743
80	891
81	93
81	123
81	150
81	238
81	259
81	312
81	335
81	364
81	409
81	431
81	485
81	491
81	803
82	107
82	161
82	223
82	242
82	300
82	356
82	373
82	449
82	561
82	649
82	681
82	687
82	724
82	866
83	94
83	127
83	169
83	211
83	237
83	241
83	324
83	520
83	563
83	597
83	623
83	640
83	654
83	693
83	746
83	775
83	854
83	923
84	110
84	114
84	127
84	128
84	140
84	215
84	229
84	258
84	341
84	383
84	683
84	720
84	730
84	805
84	812
85	97
85	104
85	105
85	143
85	160
85	396
85	440
85	471
85	562
85	563
85	566
85	590
85	684
85	780
85	894
86	134
86	137
86	151
86	191
86	226
86	294
86	324
86	363
86	378
86	385
86	393
86	648
86	697
86	883
86	884
86	889
86	901
87	104
87	119
87	175
87	195
87	221
87	284
87	308
87	351
87	386
87	456
87	528
87	530
87	609
87	624
87	646
87	661
87	999
88	129
88	172
88	188
88	222
88	260
88	281
88	544
88	560
88	577
88	598
88	636
88	812
88	840
88	919
89	136
89	170
89	194
89	217
89	240
89	410
89	634
89	667
89	718
89	749
89	755
89	767
89	853
89	918
90	121
90	139
90	146
90	196
90	208
90	285
90	310
90	325
90	385
90	693
90	776
90	798
90	841
90	914
90	970
90	973
91	96
91	102
91	127
91	192
91	227
91	232
91	234
91	352
91	359
91	460
91	634
91	635
91	674
91	752
91	934
91	939
92	104
92	134
92	154
92	187
92	207
92	227
92	264
92	314
92	327
92	354
92	461
92	585
92	625
92	658
92	707
92	729
92	763
92	821
92	984
93	98
93	200
93	350
93	388
93	429
93	587
93	779
93	851
93	941
93	945
93	964
93	968
94	121
94	197
94	202
94	208
94	241
94	242
94	303
94	325
94	339
94	408
94	542
94	576
94	644
94	659
94	818
95	125
95	165
95	304
95	305
95	376
95	397
95	564
95	581
95	592
95	769
95	825
95	859
95	904
95	990
96	139
96	148
96	191
96	265
96	582
96	593
96	653
96	767
96	790
96	822
96	1000
97	115
97	241
97	268
97	293
97	411
97	512
97	548
97	558
97	576
97	598
97	653
97	657
97	738
97	760
98	141
98	180
98	223
98	246
98	311
98	331
98	355
98	507
98	508
98	626
98	637
98	734
99	111
99	185
99	274
99	322
99	345
99	366
99	374
99	397
99	401
99	473
99	569
99	684
99	725
99	899
99	983
100	142
100	184
100	196
100	221
100	270
100	278
100	310
100	395
100	412
100	509
100	521
100	622
100	637
100	721
100	761
101	203
101	315
101	338
101	435
101	444
101	493
101	568
101	577
101	771
101	797
101	802
101	834
101	899
102	114
102	115
102	152
102	155
102	222
102	236
102	247
102	400
102	560
102	583
102	708
102	805
102	906
103	128
103	137
103	203
103	207
103	276
103	327
103	379
103	383
103	428
103	610
103	687
103	833
103	904
103	935
103	975
104	122
104	153
104	169
104	178
104	201
104	276
104	399
104	413
104	643
104	698
104	801
104	878
105	129
105	134
105	297
105	317
105	318
105	377
105	385
105	458
105	470
105	491
105	523
105	672
105	677
105	860
106	182
106	234
106	361
106	374
106	441
106	539
106	574
106	665
106	870
106	932
107	121
107	149
107	160
107	311
107	322
107	375
107	376
107	475
107	557
107	607
107	623
107	706
107	733
107	773
108	127
108	165
108	235
108	275
108	340
108	352
108	452
108	597
108	650
108	668
108	723
108	843
109	116
109	130
109	245
109	283
109	302
109	345
109	387
109	455
109	488
109	514
109	595
109	681
109	901
110	155
110	192
110	352
110	410
110	426
110	525
110	555
110	745
110	872
110	881
110	887
111	119
111	147
111	210
111	211
111	231
111	237
111	388
111	444
111	700
111	708
111	905
111	911
111	965
111	989
112	202
112	239
112	285
112	299
112	306
112	337
112	344
112	425
112	495
112	511
112	541
112	848
113	163
113	184
113	204
113	280
113	290
113	469
113	474
113	547
113	607
113	632
113	655
113	778
113	792
114	128
114	180
114	199
114	266
114	325
114	338
114	399
114	439
114	465
114	477
114	809
114	827
114	962
115	127
115	180
115	233
115	344
115	364
115	375
115	484
115	532
115	794
116	142
116	154
116	382
116	433
116	543
116	626
116	629
116	665
116	681
116	816
117	134
117	135
117	140
117	163
117	187
117	199
117	345
117	347
117	357
117	802
117	925
117	937
118	164
118	297
118	370
118	422
118	444
118	549
118	575
118	863
118	905
118	933
118	944
119	139
119	159
119	205
119	361
119	576
119	600
119	678
119	720
119	795
119	993
120	187
120	212
120	337
120	384
120	412
120	461
120	501
120	549
120	590
120	715
120	718
120	755
120	758
121	132
121	152
121	167
121	198
121	303
121	310
121	336
121	383
121	494
121	511
121	711
122	178
122	250
122	287
122	305
122	328
122	443
122	577
122	921
122	997
123	144
123	214
123	228
123	249
123	257
123	424
123	448
123	613
123	669
123	701
123	751
124	162
124	224
124	292
124	418
124	449
124	573
124	732
124	801
124	826
125	190
125	200
125	460
125	487
125	507
125	563
125	638
125	641
125	657
125	691
125	772
125	811
125	813
126	133
126	212
126	243
126	445
126	549
126	645
126	689
126	735
126	856
126	895
127	185
127	296
127	441
127	622
127	630
127	689
127	720
127	983
128	278
128	321
128	383
128	400
128	454
128	590
128	603
128	661
128	880
128	949
129	134
129	174
129	273
129	402
129	406
129	502
129	664
129	961
129	971
130	138
130	153
130	225
130	261
130	295
130	443
130	473
130	613
130	875
130	979
130	981
130	987
131	145
131	163
131	210
131	311
131	389
131	440
131	506
131	507
131	552
131	595
131	905
132	152
132	211
132	236
132	284
132	287
132	303
132	307
132	383
132	521
132	576
132	692
132	709
132	998
133	169
133	213
133	307
133	343
133	422
133	443
133	527
133	551
133	694
133	894
134	154
134	161
134	273
134	381
134	408
134	527
134	654
134	684
134	874
135	144
135	148
135	157
135	274
135	314
135	317
135	369
135	381
135	582
135	621
135	874
135	943
136	151
136	192
136	240
136	307
136	373
136	428
136	472
136	559
136	612
136	957
137	161
137	359
137	425
137	444
137	456
137	492
137	499
137	542
137	705
137	799
137	810
137	916
138	178
138	198
138	217
138	295
138	329
138	347
138	405
138	440
138	541
138	568
138	576
138	869
138	870
139	195
139	268
139	284
139	436
139	455
139	591
139	719
139	720
140	144
140	182
140	226
140	237
140	317
140	354
140	448
140	472
140	566
140	733
140	986
141	250
141	278
141	304
141	319
141	500
141	514
141	553
141	710
141	736
141	745
141	764
141	787
141	887
142	176
142	221
142	386
142	609
142	864
142	896
142	936
142	954
142	960
143	178
143	187
143	200
143	261
143	272
143	296
143	316
143	342
143	386
143	572
143	640
144	161
144	187
144	196
144	237
144	300
144	378
144	385
144	387
144	472
145	349
145	458
145	484
145	801
145	826
145	999
146	152
146	188
146	267
146	314
146	331
146	507
146	519
146	723
146	728
146	841
146	929
147	153
147	212
147	220
147	346
147	436
147	453
147	823
147	852
148	157
148	165
148	176
148	187
148	231
148	244
148	432
148	647
148	648
148	744
148	748
149	174
149	184
149	241
149	273
149	506
149	515
149	630
149	670
149	875
150	161
150	213
150	228
150	357
150	377
150	476
150	697
150	713
150	774
150	908
150	986
151	237
151	274
151	368
151	476
151	545
151	547
151	827
151	850
151	857
151	886
152	389
152	446
152	459
152	655
152	729
152	917
152	997
153	210
153	227
153	261
153	388
153	516
153	726
154	251
154	334
154	437
154	584
154	586
154	623
154	865
154	875
155	180
155	184
155	281
155	346
155	352
155	635
155	699
155	876
155	959
156	179
156	233
156	297
156	317
156	390
156	611
156	649
156	674
156	677
156	715
156	796
157	247
157	255
157	356
157	404
157	519
157	673
157	942
158	164
158	245
158	249
158	268
158	340
158	430
158	436
158	567
158	784
158	848
158	952
159	167
159	245
159	320
159	419
159	453
159	637
159	704
159	741
160	179
160	188
160	314
160	392
160	430
160	487
160	491
160	697
160	904
160	943
161	234
161	276
161	366
161	368
161	863
161	895
161	926
161	941
162	257
162	296
162	361
162	407
162	423
162	508
162	695
162	915
162	947
163	178
163	225
163	360
163	389
163	392
163	445
163	615
164	172
164	183
164	190
164	343
164	391
164	424
164	448
164	561
164	749
164	882
164	896
165	268
165	362
165	387
165	473
165	524
165	632
165	771
165	798
165	908
166	178
166	241
166	342
166	408
166	417
166	535
166	588
166	958
166	961
167	211
167	245
167	261
167	546
167	580
167	666
167	731
167	949
168	272
168	343
168	375
168	438
168	585
168	722
168	908
168	928
169	304
169	312
169	338
169	384
169	533
169	638
169	906
169	927
169	966
170	326
170	361
170	412
170	677
170	727
170	858
170	956
170	983
171	342
171	348
171	372
171	381
171	462
171	533
171	538
171	564
171	703
171	790
171	857
171	858
172	192
172	241
172	303
172	362
172	444
172	581
172	583
172	776
172	846
173	201
173	268
173	279
173	331
173	424
173	715
173	806
173	935
174	217
174	252
174	319
174	540
174	720
174	785
174	814
174	880
175	206
175	235
175	266
175	289
175	450
175	590
175	686
175	895
175	994
176	293
176	368
176	389
176	393
176	523
176	599
176	950
176	971
177	240
177	253
177	270
177	332
177	360
177	364
177	586
177	662
177	726
177	853
178	234
178	385
178	446
178	846
179	221
179	226
179	255
179	289
179	483
179	832
179	884
180	407
180	428
180	429
180	434
180	467
180	474
180	686
180	907
181	229
181	282
181	346
181	398
181	401
181	439
181	441
181	481
181	550
181	742
181	874
182	290
182	303
182	314
182	344
182	427
182	552
182	679
182	740
182	831
183	193
183	271
183	278
183	306
183	503
183	563
183	636
183	818
183	830
183	869
184	267
184	459
184	499
184	505
184	614
184	757
184	765
184	776
184	961
185	247
185	257
185	295
185	396
185	444
185	597
185	633
185	670
185	764
186	265
186	282
186	308
186	417
186	432
186	504
186	647
186	674
186	740
186	787
187	396
187	551
187	877
187	886
187	958
187	968
188	221
188	265
188	344
188	372
188	421
188	545
188	562
188	995
189	243
189	247
189	312
189	319
189	352
189	480
189	515
189	544
189	822
189	873
190	225
190	237
190	516
190	564
190	659
190	796
190	980
190	988
191	280
191	319
191	387
191	663
191	910
191	963
191	988
192	457
192	610
192	654
192	746
192	829
192	922
193	202
193	228
193	276
193	442
193	573
193	972
193	989
194	215
194	241
194	242
194	432
194	505
194	693
194	917
194	968
195	250
195	388
195	420
195	518
195	595
195	681
195	756
196	241
196	332
196	435
196	442
196	575
196	725
196	973
197	225
197	374
197	442
197	635
197	676
197	806
197	811
197	897
198	210
198	230
198	232
198	246
198	291
198	303
198	413
198	435
198	536
198	641
199	225
199	265
199	412
199	604
199	812
199	906
199	993
200	240
200	308
200	400
200	414
200	443
200	502
200	710
200	998
201	206
201	240
201	260
201	410
201	676
201	758
201	804
201	831
202	354
202	380
202	450
202	550
202	576
202	867
202	935
202	940
203	212
203	418
203	577
203	616
203	928
204	215
204	250
204	659
204	672
204	714
204	754
204	782
204	794
204	856
204	953
204	998
205	224
205	312
205	433
205	482
205	512
205	560
205	644
206	244
206	316
206	379
206	467
206	485
206	578
206	642
206	753
206	787
207	355
207	411
207	511
207	546
207	637
207	640
207	716
208	447
208	479
208	667
208	818
208	845
209	216
209	280
209	302
209	323
209	346
209	348
209	422
209	658
209	687
209	730
210	271
210	325
210	390
210	528
210	782
210	975
211	284
211	352
211	538
211	595
211	842
212	290
212	367
212	399
212	577
212	742
212	743
212	968
213	345
213	403
213	439
213	467
213	574
213	624
213	683
213	791
214	329
214	339
214	365
214	533
214	790
215	339
215	342
215	536
215	553
215	843
215	858
216	230
216	233
216	281
216	376
216	510
216	566
216	698
216	816
217	502
217	612
217	773
217	852
217	903
218	243
218	298
218	300
218	352
218	372
218	443
218	459
218	808
219	326
219	361
219	496
219	558
219	646
219	725
219	932
219	957
220	294
220	370
220	410
220	513
220	585
220	912
220	951
221	289
221	291
221	336
221	378
221	455
221	679
222	477
222	600
222	686
222	704
222	754
222	953
223	311
223	413
223	578
223	721
223	851
223	918
224	310
224	332
224	348
224	409
224	453
224	589
224	851
224	994
225	299
225	495
225	817
226	284
226	295
226	299
226	326
226	452
226	803
226	830
227	235
227	282
227	290
227	557
227	712
228	257
228	260
228	361
228	384
228	559
228	856
229	334
229	549
229	553
229	557
229	707
229	787
229	844
230	232
230	356
230	448
230	546
230	614
230	762
231	363
231	527
231	664
231	773
232	369
232	394
232	415
232	596
232	644
233	290
233	373
233	417
233	578
233	724
233	805
233	825
234	271
234	465
234	506
234	532
234	883
235	270
235	281
235	286
235	371
235	480
235	492
235	558
236	263
236	381
236	503
236	530
236	610
236	711
237	347
237	439
237	442
237	632
238	259
238	348
238	404
238	463
238	610
238	744
238	827
239	253
239	311
239	314
239	362
239	439
239	565
239	571
239	748
239	877
240	281
240	481
240	539
240	581
241	333
242	249
242	398
242	474
242	475
242	844
243	415
243	531
243	646
243	813
243	828
243	868
244	272
244	432
244	475
244	524
244	930
245	341
245	383
245	462
245	585
245	939
246	253
246	297
246	299
246	322
246	650
247	394
247	543
247	808
248	271
248	275
248	292
248	328
248	489
248	601
248	740
248	950
249	294
249	503
249	775
249	800
249	838
250	447
250	476
250	479
250	712
250	916
251	257
251	283
251	488
251	571
251	584
251	661
251	699
252	326
252	656
252	789
252	816
252	879
252	956
252	989
253	254
253	301
253	424
253	834
254	294
254	309
254	315
254	365
254	416
254	446
254	878
254	987
255	269
255	293
255	404
255	653
255	837
256	369
256	397
256	693
256	770
257	288
257	876
257	933
258	331
258	332
258	508
258	619
258	699
258	940
259	267
259	404
259	647
259	951
260	320
260	502
260	539
260	793
261	501
261	720
261	981
262	309
262	438
262	548
262	617
262	641
262	655
262	702
262	851
262	935
263	349
263	380
263	427
263	471
263	569
263	814
263	871
263	914
264	272
264	327
264	354
264	374
264	411
264	525
264	600
264	648
264	700
264	865
265	310
265	556
265	709
266	333
266	353
266	420
266	520
266	707
266	803
266	876
267	304
267	310
267	333
267	719
267	916
268	274
268	398
268	422
268	666
268	819
268	826
269	461
269	582
269	801
270	325
270	547
270	621
270	850
271	457
271	753
271	969
272	333
272	422
272	531
272	608
272	649
272	721
272	864
273	347
273	500
273	690
273	770
274	315
274	327
274	373
274	472
274	967
275	390
275	547
275	882
276	709
276	800
276	849
277	340
277	353
277	428
277	429
277	780
277	788
277	811
277	963
277	975
278	316
278	334
278	397
278	664
278	665
278	995
279	316
279	424
279	634
279	953
279	974
279	982
280	396
280	459
280	562
280	685
280	761
281	524
282	414
282	786
282	893
283	351
283	367
283	997
284	432
284	644
284	734
284	852
285	316
285	347
285	362
285	496
285	530
285	793
286	400
286	498
286	724
287	370
287	372
287	426
287	453
288	520
288	551
288	696
288	1000
289	388
289	419
289	580
289	681
289	936
289	949
290	475
290	725
291	393
291	528
291	920
291	985
292	296
292	719
292	742
292	899
293	323
293	570
293	683
293	829
294	326
294	365
294	681
295	404
295	554
295	631
295	736
295	813
296	483
296	546
296	807
296	820
297	448
297	683
297	735
297	919
298	351
298	491
298	663
298	743
298	962
299	358
299	554
299	989
300	340
300	618
300	721
300	724
301	339
301	542
301	594
301	639
301	730
301	927
301	968
302	373
302	408
302	739
303	597
303	810
304	405
304	425
304	451
304	657
304	883
305	425
305	449
305	547
305	611
305	657
305	823
306	354
306	421
306	526
306	639
306	656
306	751
307	319
307	371
307	402
307	555
308	321
308	336
308	346
308	495
308	902
309	389
309	529
309	541
309	919
310	343
310	362
310	503
311	389
311	855
312	321
312	548
312	845
312	906
312	919
313	504
313	598
313	621
313	636
313	700
313	828
313	839
313	897
313	977
314	829
314	881
315	339
315	409
315	862
316	533
317	484
317	486
317	488
317	567
317	685
318	410
318	493
318	738
318	865
318	970
319	426
319	559
319	758
320	525
320	539
320	588
320	783
320	854
321	332
321	379
321	450
321	711
322	532
322	536
322	973
323	411
323	576
323	645
323	694
323	922
323	930
324	343
324	354
324	455
324	632
324	890
324	914
324	965
325	388
325	398
325	511
325	612
326	429
327	501
327	558
327	733
327	818
328	499
328	595
328	767
328	994
329	372
329	466
329	477
329	591
329	808
330	497
330	543
330	597
330	703
330	869
330	876
331	362
331	414
331	478
331	521
331	732
332	438
332	516
332	846
333	361
333	414
333	806
333	928
334	401
334	559
334	687
334	726
334	896
335	378
335	419
335	946
336	404
336	480
336	530
336	981
337	351
337	425
338	407
338	562
338	617
338	691
339	818
339	926
340	497
340	561
340	583
341	380
341	433
341	476
341	561
341	628
342	380
342	710
342	925
343	505
343	545
343	857
344	560
344	974
344	990
345	397
345	468
345	555
345	663
346	474
347	550
348	473
348	822
348	837
349	352
349	440
349	680
349	926
350	525
350	619
350	703
350	723
350	763
351	722
351	827
351	976
352	439
353	417
353	499
353	621
353	676
353	892
354	368
355	465
355	713
355	843
356	593
356	687
356	698
356	935
357	703
357	713
357	751
357	766
357	780
357	781
358	464
358	656
358	798
358	879
359	409
359	411
359	456
359	833
359	867
360	537
360	574
360	710
361	815
362	567
362	854
362	916
363	497
363	579
363	725
363	873
363	897
364	409
364	680
364	903
364	967
364	996
365	575
365	705
365	930
366	367
366	580
366	645
366	670
366	706
366	926
367	381
367	784
367	860
367	886
367	996
368	613
368	660
368	793
368	806
368	940
369	569
369	900
370	493
370	887
371	409
371	690
371	798
372	604
373	535
373	577
373	759
374	378
374	470
374	571
374	648
374	678
375	522
375	723
376	717
376	867
377	605
377	728
377	965
379	487
379	547
379	786
379	809
379	888
380	671
380	819
380	887
381	770
382	930
383	739
384	410
384	552
384	783
384	789
385	420
385	892
386	573
386	605
386	745
386	955
386	956
387	545
387	686
388	898
388	1000
389	438
390	796
390	915
391	403
391	425
391	434
391	493
391	805
392	462
392	606
392	635
392	734
392	988
393	416
393	628
393	713
393	890
394	457
394	571
394	572
395	396
395	443
395	561
395	910
396	509
397	500
398	568
398	788
399	420
399	437
399	643
400	426
400	460
400	522
400	898
401	654
401	662
401	816
402	481
402	517
402	526
403	488
403	791
404	486
405	480
405	972
405	973
406	421
406	544
406	614
406	696
406	699
406	954
407	589
407	675
407	764
407	774
408	470
408	508
408	741
408	864
409	513
410	804
411	853
411	862
412	797
413	536
413	626
413	987
414	946
415	442
415	537
415	633
415	825
416	912
417	624
417	991
418	613
418	628
418	827
418	996
419	760
419	795
419	963
420	611
420	695
421	472
421	770
421	771
422	964
422	991
423	428
423	450
423	593
423	962
424	572
426	579
427	640
427	758
427	776
427	804
427	824
428	695
430	513
430	612
431	493
431	614
431	828
432	599
432	704
433	529
433	631
433	696
433	866
433	969
434	479
434	669
434	766
434	864
435	573
435	585
436	587
436	664
436	725
436	891
437	451
437	930
437	942
439	666
439	763
440	498
440	863
440	875
440	909
441	461
441	502
441	714
442	518
442	692
443	639
444	682
445	551
445	726
445	976
446	516
446	883
447	463
447	828
448	452
448	495
448	545
449	800
449	831
449	861
450	724
450	924
451	598
451	602
451	611
451	807
451	946
452	564
452	717
452	948
453	751
453	942
454	470
454	486
454	570
454	896
455	591
455	788
455	861
456	507
456	526
457	459
457	542
457	810
458	472
458	621
458	713
459	667
459	708
460	544
460	651
460	924
461	677
462	650
462	906
463	489
463	512
463	663
463	855
463	857
464	611
464	663
465	481
465	843
465	932
466	480
466	513
466	752
467	748
467	776
467	850
468	469
468	638
468	685
469	615
469	849
469	957
469	988
470	730
471	514
473	566
474	618
474	844
475	817
475	981
476	643
476	833
477	484
478	519
478	668
478	692
478	780
478	973
479	540
479	682
479	809
479	966
480	524
480	909
482	487
482	613
482	633
482	819
482	860
483	803
484	694
484	934
485	486
485	782
485	872
485	928
486	528
486	834
486	925
487	859
488	539
488	688
489	750
490	526
490	581
490	653
491	620
491	727
492	519
492	553
492	651
492	673
492	836
493	657
493	885
494	520
494	538
494	764
494	875
494	894
494	983
495	630
495	636
496	608
496	940
497	847
498	607
498	929
499	550
500	596
500	792
501	729
502	758
502	951
503	673
503	694
504	676
504	711
504	839
505	559
505	717
505	938
506	631
506	712
506	898
507	526
507	702
508	882
509	629
510	514
510	864
510	939
511	810
511	889
512	535
512	777
513	556
513	969
514	679
514	789
515	702
515	768
515	993
516	870
517	630
517	767
517	958
518	741
518	826
518	893
519	830
520	525
520	774
522	833
522	854
522	978
523	570
523	671
523	778
524	590
524	788
524	884
525	921
525	985
526	619
527	709
528	972
529	707
529	882
529	982
530	995
531	865
531	927
532	729
533	750
533	899
534	638
534	731
534	851
534	894
535	696
535	718
535	786
536	537
536	846
536	872
537	978
538	602
538	662
538	995
540	577
541	754
541	872
542	779
543	579
543	887
544	622
544	984
545	826
546	642
546	661
546	841
547	601
548	570
548	859
548	911
549	660
549	819
549	974
550	837
550	922
551	739
551	921
552	994
554	564
554	782
554	955
555	858
555	960
556	738
556	944
558	971
560	605
560	742
560	838
561	804
564	672
564	825
565	574
565	653
565	912
566	615
567	579
567	708
567	745
568	792
569	587
569	604
569	871
571	658
571	913
572	620
572	660
573	702
573	719
574	891
574	951
575	629
575	817
578	936
580	583
580	913
581	734
581	769
582	780
582	878
583	996
584	907
584	924
585	985
586	595
586	756
587	823
587	824
588	958
589	593
589	674
589	727
591	644
591	985
592	899
592	937
594	799
594	868
596	716
596	797
598	704
599	742
599	815
599	823
600	726
601	656
602	723
602	948
603	610
603	634
603	649
603	884
604	610
604	947
606	705
607	710
609	642
609	728
609	891
611	933
614	777
615	948
616	654
616	914
616	978
617	863
617	894
618	884
620	762
622	714
623	854
624	673
624	726
624	897
625	784
625	865
625	901
626	781
626	966
627	668
627	675
627	744
628	762
629	662
629	992
631	714
632	835
632	902
633	895
635	664
636	867
636	871
638	728
639	668
639	903
641	652
641	734
642	671
642	701
642	950
643	707
643	734
645	765
645	833
646	965
647	742
649	883
649	918
650	860
652	736
656	706
660	970
661	840
661	853
662	808
662	908
663	986
665	675
665	815
666	701
666	950
667	829
669	732
669	803
670	781
671	692
671	982
672	760
673	859
674	762
675	697
675	733
676	736
677	749
678	731
678	735
678	903
679	841
680	943
680	998
682	900
684	745
686	762
686	855
688	709
688	822
688	893
688	995
689	717
689	984
690	993
691	878
691	923
692	716
692	830
693	918
699	985
702	746
703	923
705	772
705	871
710	715
711	739
711	967
712	752
714	716
715	716
721	842
722	920
730	992
731	979
733	938
735	766
735	890
737	870
737	942
740	889
743	799
743	809
743	961
744	769
744	821
745	765
747	813
748	955
750	793
750	855
752	882
753	961
754	773
755	795
756	834
756	979
757	933
757	945
760	937
763	951
768	774
769	967
772	794
772	817
773	811
774	948
775	999
777	807
777	847
778	786
778	967
779	783
779	786
785	877
785	919
789	913
790	911
793	900
794	836
800	905
802	830
805	874
807	972
810	960
813	918
814	836
814	849
815	868
816	943
820	941
821	970
822	879
823	922
831	931
832	886
837	986
838	990
839	868
839	927
839	994
843	881
845	901
848	926
850	859
852	873
857	896
861	892
861	910
862	978
868	939
869	999
873	877
878	997
881	898
888	912
890	992
895	959
900	979
904	915
911	976
914	938
929	956
934	990
936	986
938	944
940	984
949	959
950	954
962	964
993	999
